Frame,nose_dist,body_dist,freezing,Novel,Known
1,0.0,0.0,0,0.0,0.0
2,0.0,0.0,0,0.0,0.0
3,0.0,0.0,0,0.0,0.0
4,0.0,0.0,0,0.0,0.0
5,0.0,0.0,0,0.0,0.0
6,0.0,0.0,0,0.0,0.0
7,0.0,0.0,0,0.0,0.0
8,0.0,0.0,0,0.0,0.0
9,0.0,0.0,0,0.0,0.0
10,0.0,0.0,0,0.0,0.0
11,0.0,0.0,0,0.0,0.0
12,0.0,0.0,0,0.0,0.0
13,0.0,0.0,0,0.0,0.0
14,0.0,0.0,0,0.0,0.0
15,0.0,0.0,0,0.0,0.0
16,0.0,0.0,0,0.0,0.0
17,0.0,0.0,0,0.0,0.0
18,0.0,0.0,0,0.0,0.0
19,0.0,0.0,0,0.0,0.0
20,0.0,0.0,0,0.0,0.0
21,0.0,0.0,0,0.0,0.0
22,0.0,0.0,0,0.0,0.0
23,0.0,0.0,0,0.0,0.0
24,0.0,0.0,0,0.0,0.0
25,0.0,0.0,0,0.0,0.0
26,0.0,0.0,0,0.0,0.0
27,0.0,0.0,0,0.0,0.0
28,0.0,0.0,0,0.0,0.0
29,0.0,0.0,0,0.0,0.0
30,0.0,0.0,0,0.0,0.0
31,0.0,0.0,0,0.0,0.0
32,0.0,0.0,0,0.0,0.0
33,0.0,0.0,0,0.0,0.0
34,0.0,0.0,0,0.0,0.0
35,0.0,0.0,0,0.0,0.0
36,0.0,0.0,0,0.0,0.0
37,0.0,0.0,0,0.0,0.0
38,0.0,0.0,0,0.0,0.0
39,0.0,0.0,0,0.0,0.0
40,0.0,0.0,0,0.0,0.0
41,0.0,0.0,0,0.0,0.0
42,0.0,0.0,0,0.0,0.0
43,0.0,0.0,0,0.0,0.0
44,0.0,0.0,0,0.0,0.0
45,0.0,0.0,0,0.0,0.0
46,0.0,0.0,0,0.0,0.0
47,0.0,0.0,0,0.0,0.0
48,0.0,0.0,0,0.0,0.0
49,0.0,0.0,0,0.0,0.0
50,0.0,0.0,0,0.0,0.0
51,0.0,0.0,0,0.0,0.0
52,0.0,0.0,0,0.0,0.0
53,0.0,0.0,0,0.0,0.0
54,0.0,0.0,0,0.0,0.0
55,0.0,0.0,0,0.0,0.0
56,0.0,0.0,0,0.0,0.0
57,0.0,0.0,0,0.0,0.0
58,0.0,0.0,0,0.0,0.0
59,0.0,0.0,0,0.0,0.0
60,0.0,0.0,0,0.0,0.0
61,0.0,0.0,0,0.0,0.0
62,0.0002866643528841,0.0002601272332445,0,0.0,0.0
63,0.0006464393258793,9.787965723730984e-05,0,0.0,0.0
64,0.0007843845749509,0.0001530071054291,0,0.0,0.0
65,0.0010346875041636,0.0012082051073746,0,0.0,0.0
66,0.0014615062631681,0.0029978200636338,0,0.0,0.0
67,0.0021643349504092,0.0036338229823119,0,0.0,0.0
68,0.0018067727437303,0.0031010896825426,0,0.0,0.0
69,0.0018692438092395,0.0036440230002327,0,0.0,0.0
70,0.0010961956961856,0.0037182768576679,0,0.0,0.0
71,0.00177654309079,0.002179074119609,0,0.0,0.0
72,0.0049636288024636,0.0010625311770165,0,0.0,0.0
73,0.0071386734454508,0.0016445780924847,0,0.0,0.0
74,0.0089908615145982,0.0026240712419046,0,0.0,0.0
75,0.0080497152420829,0.0041946027661689,0,0.0,0.0
76,0.0057135217385092,0.0040938759546907,0,0.0,0.0
77,0.0046345947006475,0.001673102358871,0,0.0,0.0
78,0.0027888889909514,0.0007480959602148,0,0.0,0.0
79,0.0027384194004384,0.0005548567736844,0,0.0,0.0
80,0.0045490115398669,0.0014451040733334,0,0.0,0.0
81,0.0038864789505185,0.0014357730809358,0,0.0,0.0
82,0.0039993502836435,0.0009589854753393,0,0.0,0.0
83,0.0032703967750986,0.0006242737028015,0,0.0,0.0
84,0.001469349934409,0.0003452323480004,0,0.0,0.0
85,0.0007415679978507,0.0004078451305626,0,0.0,0.0
86,0.0020009458619941,0.0007076312706364,0,0.0,0.0
87,0.0035748603599313,0.0007936729999075,0,0.0,0.0
88,0.0028782296286318,0.000457390609257,0,0.0,0.0
89,0.0015400396189624,0.0006256501958354,0,0.0,0.0
90,0.0014313770952454,0.0003055830173046,0,0.0,0.0
91,0.0004772216355746,0.0002409087157546,0,0.0,0.0
92,0.0001672165685153,0.0002994410919448,0,0.0,0.0
93,0.000407581943472,0.000217979215019,0,0.0,0.0
94,0.0001163410069999,8.06620892195433e-05,0,0.0,0.0
95,4.7951353922196274e-05,8.601700127039933e-05,0,0.0,0.0
96,0.0001418401935561,5.505434381110878e-05,0,0.0,0.0
97,3.783220676148417e-05,7.806411926037931e-05,0,0.0,0.0
98,1.1284983011375635e-05,0.0001827742929604,0,0.0,0.0
99,2.8222721270722708e-05,0.000131712432754,0,0.0,0.0
100,5.738698361876903e-05,9.5191266061229e-05,0,0.0,0.0
101,0.0004230069240348,5.0677064291976165e-05,0,0.0,0.0
102,0.0007824836663823,0.000156962353804,0,0.0,0.0
103,0.0007529208747954,0.0001063871638543,0,0.0,0.0
104,0.00210509877425,5.601141534935487e-05,0,0.0,0.0
105,0.0023576022791405,0.0001960997720528,0,0.0,0.0
106,0.0022098459397338,0.0005562560769921,0,0.0,0.0
107,0.0019281609346983,0.0005880596774885,0,0.0,0.0
108,0.000132421091998,0.000996220517743,0,0.0,0.0
109,0.0015401952638985,0.0007838763481299,0,0.0,0.0
110,0.0002445527378893,3.0702476488793346e-05,0,0.0,0.0
111,0.0010834580962558,0.0005665217363347,0,0.0,0.0
112,0.0030105227569817,0.0003789028265182,0,0.0,0.0
113,0.004176794411744,0.0002499090027866,0,0.0,0.0
114,0.0030049926165725,0.0004196074680377,0,0.0,0.0
115,0.0026978327453235,0.0007728122476119,0,0.0,0.0
116,0.0028334126837004,0.0009395584117612,0,0.0,0.0
117,0.0025000172777473,0.0012682682466491,0,0.0,0.0
118,0.0014638240098675,0.0016971473119938,0,0.0,0.0
119,0.0010531423614912,0.0012714928821135,0,0.0,0.0
120,0.0007529836213973,0.000364137819052,0,0.0,0.0
121,0.0002184818273644,0.000795438133754,0,0.0,0.0
122,0.0004897760167191,0.0004625113015199,0,0.0,0.0
123,0.0008915904085291,0.0004393895935701,0,0.0,0.0
124,0.0024106863078974,0.000422294888906,0,0.0,0.0
125,0.0036867391652143,0.0010513033137016,0,0.0,0.0
126,0.0037665613937573,0.0008709179159414,0,0.0,0.0
127,0.0033458381642402,0.0013360700002193,0,0.0,0.0
128,0.0024285027365737,0.0018947245695434,0,0.0,0.0
129,0.0019225407984854,0.0020225356796467,0,0.0,0.0
130,0.0020136319862776,0.0022599840895636,0,0.0,0.0
131,0.0024256319908315,0.0025471276806588,0,0.0,0.0
132,0.0026147258233358,0.0029221977381986,0,0.0,0.0
133,0.0013717417734314,0.0015721338711068,0,0.0,0.0
134,0.0006007856941615,0.0011524445889105,0,0.0,0.0
135,0.0009283419529319,0.0006353736869246,0,0.0,0.0
136,0.0002305419172517,0.0010291004774608,0,0.0,0.0
137,0.000700819981825,0.0008520058987106,0,0.0,0.0
138,0.0017427894709679,0.0007935661189111,0,0.0,0.0
139,0.0019779830790618,0.0011672727139418,0,0.0,0.0
140,0.0017610515455813,0.0018806977501765,0,0.0,0.0
141,0.0022925691889877,0.0018029990790336,0,0.0,0.0
142,0.0022108436531639,0.0010283112934982,0,0.0,0.0
143,0.0034670378775488,0.0009874753680947,0,0.0,0.0
144,0.0032895885557344,0.0014916497800321,0,0.0,0.0
145,0.003306536303531,0.0026054897425373,0,0.0,0.0
146,0.0039005073898105,0.0035289258808484,0,0.0,0.0
147,0.0044687842967288,0.003414273812822,0,0.0,0.0
148,0.0035759739240016,0.0031840852882152,0,0.0,0.0
149,0.0039637851755083,0.0029786804975109,0,0.0,0.13501124
150,0.0034047435218085,0.003246127985547,0,0.0,0.2339636
151,0.0023953208270634,0.0026983149061599,0,0.0,0.37492558
152,0.0030157562790809,0.0029899043606955,0,0.0,0.5647745
153,0.0018822448622048,0.0028167108162165,0,0.0,0.7474241
154,0.0015523380970597,0.0021262149341731,0,0.0,0.82961065
155,0.0008970688984209,0.0012433671295667,0,0.0,0.8698267
156,0.0011303189002009,0.001055956424525,0,0.0,0.8816029
157,0.0014131013906449,0.0005363943960012,0,0.0,0.8866486
158,0.0016932828174969,0.0008991447194328,0,0.0,0.88613683
159,0.0027774819717733,0.0010212824521531,0,0.0,0.8795017
160,0.0011009440603198,0.0005977748445993,0,0.0,0.8773589
161,0.0005379664940757,0.0004334294840961,0,0.0,0.87371135
162,0.0011142353746915,0.0002042085008312,0,0.0,0.8680577
163,0.001372332387747,0.0005230529052476,0,0.0,0.85848486
164,0.0013476832334363,0.0005909368796499,0,0.0,0.85242987
165,0.000911988381931,0.0003377210118819,0,0.0,0.8450442
166,0.0018519822572146,0.0004039073141288,0,0.0,0.8239018
167,0.0009707866910819,0.000719902799579,0,0.0,0.77885836
168,0.0026863837561697,0.0012789340790112,0,0.0,0.64176047
169,0.002650081963313,0.0020313097244877,0,0.0,0.3461227
170,0.0039502623823499,0.0022338487601683,0,0.0,0.14522022
171,0.0048122715245652,0.0022727491786768,0,0.0,0.0
172,0.0047016433337252,0.0015694423174013,0,0.0,0.0
173,0.0045565182104723,0.0010503285519334,0,0.0,0.0
174,0.0055936150339891,0.0014445950739656,0,0.0,0.0
175,0.0060736711633735,0.0012551510378952,0,0.0,0.0
176,0.0058646904042311,0.0004516536993994,0,0.0,0.0
177,0.0045738224660702,0.0002539748343805,0,0.0,0.0
178,0.0043901644223482,0.0016262994816646,0,0.0,0.0
179,0.0039078714774063,0.0023238974220775,0,0.0,0.0
180,0.0049978964989026,0.0020171011937879,0,0.0,0.0
181,0.0055141475844591,0.0018794591296716,0,0.0,0.0
182,0.0061454317315026,0.0024557915463197,0,0.0,0.0
183,0.0062764498666165,0.0037359794424366,0,0.0,0.0
184,0.0070544340275699,0.0046251378714088,0,0.0,0.0
185,0.0069077061203678,0.0047693805678625,0,0.0,0.0
186,0.0059196341570568,0.005709860834272,0,0.0,0.0
187,0.006865488541029,0.0055573087885658,0,0.0,0.0
188,0.0072054970675636,0.0075421798488308,0,0.0,0.0
189,0.0071923446339384,0.0075694715847193,0,0.0,0.0
190,0.0077732132363622,0.0066627862088483,0,0.0,0.0
191,0.0085014583664494,0.0070045682070169,0,0.0,0.0
192,0.0081076420897941,0.0093910684675774,0,0.0,0.0
193,0.0086078005711628,0.0090785072167938,0,0.0,0.0
194,0.0096135654998547,0.0095073765496546,0,0.0,0.0
195,0.0095008243695415,0.0102714862703559,0,0.0,0.0
196,0.0084398102272465,0.0083138340407475,0,0.0,0.0
197,0.0083760674589126,0.0079068698238387,0,0.0,0.0
198,0.0081070139311781,0.0082260130820401,0,0.0,0.0
199,0.00795938742136,0.0075922392527167,0,0.0,0.0
200,0.0079326431648507,0.0077499518039637,0,0.0,0.0
201,0.0085884296543379,0.0088269068857566,0,0.0,0.0
202,0.0074670317049269,0.0088721205843608,0,0.0,0.0
203,0.0069776234052453,0.0077286124415789,0,0.0,0.0
204,0.0092205064318554,0.0076574843266046,0,0.0,0.0
205,0.0073584670840868,0.008278516525114,0,0.0,0.0
206,0.0068799251597693,0.0074346705964334,0,0.0,0.0
207,0.0074699685779801,0.00709603020787,0,0.0,0.0
208,0.0062514250892287,0.0070999070203953,0,0.0,0.0
209,0.0053585008373205,0.0068737752595234,0,0.0,0.0
210,0.0041993354445754,0.0049731282367127,0,0.0,0.0
211,0.0023502461311444,0.0033533268890972,0,0.0,0.0
212,0.0072717469069632,0.0025214551964028,0,0.0,0.0
213,0.0075915691033549,0.0018965391151082,0,0.0,0.0
214,0.006689686145076,0.0020130054822244,0,0.0,0.0
215,0.0051013430496706,0.0017614687479014,0,0.0,0.0
216,0.0032657637959327,0.0011518606401218,0,0.0,0.0
217,0.0025089999711225,0.0010101572062873,0,0.0,0.0
218,0.0037401215522222,0.001096094172162,0,0.0,0.0
219,0.0029308494066124,0.001110670679984,0,0.0,0.0
220,0.0025971956783013,0.0007612841297563,0,0.0,0.0
221,0.002737470805014,0.0001261280165148,0,0.0,0.0
222,0.0009646388084428,8.937996781033223e-05,0,0.0,0.0
223,0.0010518991273432,0.0001130784221041,0,0.0,0.0
224,0.0016721955418084,0.0005004857423608,0,0.0,0.0
225,0.0020947364521574,0.0007532170920217,0,0.0,0.0
226,0.002810803293921,0.0017728691183622,0,0.0,0.0
227,0.0036311599544955,0.0023227340476999,0,0.0,0.0
228,0.0029335095815537,0.0031696950085122,0,0.0,0.0
229,0.0032162491532958,0.0034166794594991,0,0.0,0.0
230,0.0032917331995922,0.0026176269441868,0,0.0,0.0
231,0.0030578124130971,0.0024170894067612,0,0.0,0.0
232,0.002470321705752,0.0020621334180852,0,0.0,0.0
233,0.0018194487624275,0.0021345015259065,0,0.0,0.0
234,0.0009223888354739,0.0017744177800264,0,0.0,0.0
235,0.0006325651476456,0.0013388152315551,0,0.0,0.0
236,0.000832313737606,0.0008767786707355,0,0.0,0.0
237,0.0005570795443434,0.0004391667798086,0,0.0,0.0
238,0.0022907750746322,0.0004462209487376,0,0.0,0.0
239,0.0022797813578287,0.0007597817751442,0,0.0,0.0
240,0.00225415620301,0.0010251844573856,0,0.0,0.0
241,0.0022021332560961,0.0012349641839602,0,0.0,0.0
242,0.0016617866171648,0.0010349462612364,0,0.0,0.0
243,0.0016490695803557,0.0013562341435572,0,0.0,0.0
244,0.0022868146999596,0.0018734112198746,0,0.0,0.0
245,0.0031747809925704,0.0020864022349393,0,0.0,0.0
246,0.0029472857187155,0.0017536286150667,0,0.0,0.0
247,0.0022556618172109,0.0017110351983609,0,0.0,0.0
248,0.0028480517535993,0.0031671377035489,0,0.0,0.0
249,0.0031929073055281,0.0028599114739362,0,0.0,0.0
250,0.0027952241553064,0.0028983842895429,0,0.11670835,0.0
251,0.0027507870817213,0.0023458052035272,0,0.23651676,0.0
252,0.0019525897810161,0.0013554841833445,0,0.39246157,0.0
253,0.0013832287048432,0.0009331720008417,0,0.564703,0.0
254,0.0013582205300412,0.0008749141136193,0,0.7291881,0.0
255,0.0010052437353079,0.0008049818674229,0,0.8347702,0.0
256,0.0008662428923586,0.0010098427404543,0,0.8724881,0.0
257,0.0007946305995741,0.0017082824536518,0,0.8894833,0.0
258,0.0004119365807529,0.001499682991713,0,0.8943165,0.0
259,0.0002144202598739,0.000847600457565,0,0.88110137,0.0
260,0.001408294512692,0.0013117787325811,0,0.8712591,0.0
261,0.0020074273161354,0.0009947962829277,0,0.8394894,0.0
262,0.0011283390852942,0.0014631753672048,0,0.7931331,0.0
263,0.00139347547327,0.0003448319560611,0,0.7203795,0.0
264,0.0014798579556831,0.0003165324864013,0,0.61639345,0.0
265,0.0020423558577301,0.000656675973084,0,0.5015647,0.0
266,0.0017132478380273,0.0008497224357152,0,0.4150756,0.0
267,0.0016331661610565,0.0011612656326366,0,0.40843257,0.0
268,0.0015240992247809,0.001397628286221,0,0.44301048,0.0
269,0.0022418859834025,0.001422767020777,0,0.562216,0.0
270,0.0018879865317725,0.0012110450234438,0,0.72701347,0.0
271,0.0016349585815915,0.0011062990293708,0,0.8421322,0.0
272,0.0011847955281677,0.0010759934515064,0,0.9169721,0.0
273,0.0008245951897693,0.0007785514309262,0,0.9481154,0.0
274,0.000451852877189,0.0005084700907523,0,0.9586325,0.0
275,0.0005531009219613,0.0001962273608381,0,0.9627746,0.0
276,0.0017523881363497,0.0002329352582424,0,0.9620322,0.0
277,0.0020161804213999,0.000595486245153,0,0.95649,0.0
278,0.00278217185534,0.0019897256592309,0,0.94080347,0.0
279,0.0028271957480483,0.0023111042721893,0,0.91293824,0.0
280,0.0005085042146192,0.0006350531108257,0,0.883703,0.0
281,0.0007724536422994,0.0001599711658789,0,0.85889435,0.0
282,0.0018245738582458,0.0001143489915084,0,0.8014531,0.0
283,0.0039248696078922,0.0002853897258255,0,0.58221596,0.0
284,0.004799022136223,0.0015632740589177,0,0.21438912,0.0
285,0.0042450611950027,0.0020525786054211,0,0.0,0.0
286,0.004444717880059,0.0021129065508416,0,0.0,0.0
287,0.0047502487314814,0.001529004705902,0,0.0,0.0
288,0.0048793146421419,0.0009515896365429,0,0.0,0.0
289,0.0055819480272068,0.0008942839364447,0,0.0,0.0
290,0.0056135652872005,0.0016738003594895,0,0.0,0.0
291,0.0052049300646333,0.0036566269105738,0,0.0,0.0
292,0.0056568731017724,0.005071099448384,0,0.0,0.0
293,0.0058984783815094,0.0053890972041781,0,0.0,0.0
294,0.0053594709884599,0.00555577160968,0,0.0,0.0
295,0.0041516188784794,0.0041864880129336,0,0.0,0.0
296,0.0039808890405869,0.0033437753716795,0,0.0,0.0
297,0.003663249614322,0.0029936565178663,0,0.0,0.0
298,0.0057549304681322,0.002501103501331,0,0.0,0.0
299,0.005517211497655,0.0014629053984542,0,0.0,0.0
300,0.0036569195940639,0.0009327565714717,0,0.0,0.0
301,0.0035397137276096,0.0009618186545911,0,0.0,0.0
302,0.0031475476369678,0.0006430147852917,0,0.0,0.0
303,0.0021786822925856,0.0008081896485459,0,0.19486032,0.0
304,0.0024511493053566,0.000571667369551,0,0.60246503,0.0
305,0.0015416573398607,8.181636930232264e-05,0,0.8810908,0.0
306,0.0011179083905974,0.0005384316802094,0,0.93895864,0.0
307,0.001026902791281,0.0012443095444258,0,0.96053815,0.0
308,0.0008623826017271,0.0006769145789436,0,0.96882707,0.0
309,0.0014003459062247,0.00023283282351,0,0.97289985,0.0
310,0.0017174085917043,0.0007524275833617,0,0.97575086,0.0
311,0.0015702377415406,0.0006728542331261,0,0.9774319,0.0
312,0.0009500725768033,0.0006681387467999,0,0.9786215,0.0
313,0.0010613209443688,0.0006330225392164,0,0.97933745,0.0
314,0.0002360191344584,0.0006438353413663,0,0.9798059,0.0
315,0.0003439652256994,0.0003630115372205,0,0.9800619,0.0
316,6.841275351430445e-05,0.0004402874106615,0,0.98023456,0.0
317,0.0002577475744595,0.0002847736013332,0,0.98041004,0.0
318,0.0009201517857696,0.0001373861284446,0,0.98063177,0.0
319,0.0004483634838175,3.8549127326482455e-06,0,0.9808444,0.0
320,0.0002532171675984,0.0003482382067294,0,0.9809437,0.0
321,0.0003556813824178,0.0013710430101668,0,0.9810725,0.0
322,0.0001627943710371,0.000710799722791,0,0.9811952,0.0
323,0.00038604013541,5.39140535302507e-05,0,0.9813217,0.0
324,0.0001881272234669,0.0001828488357632,0,0.98143107,0.0
325,0.0001119065898771,8.395322068917058e-05,0,0.98147875,0.0
326,0.0006175010279405,0.0001275537730304,0,0.9813578,0.0
327,0.0013926004148326,0.0002281282418533,0,0.98113847,0.0
328,0.0011474903684655,0.0004282299416456,0,0.980795,0.0
329,0.0021410979057823,0.0004419107161237,0,0.98019683,0.0
330,0.0018805951443473,0.0003626065490394,0,0.97943276,0.0
331,0.0010598364283624,0.0006016380471345,0,0.97875994,0.0
332,0.0013083481300283,0.0003158787888651,0,0.97776234,0.0
333,0.0011667589736217,4.4021988906744494e-05,0,0.9763166,0.0
334,0.0008956797928456,0.0002795352914238,0,0.975224,0.0
335,0.0004029513637745,0.000514670634855,0,0.97422135,0.0
336,0.0006311961220631,0.0003313980289461,0,0.97436166,0.0
337,0.0009011228999727,6.502074717719667e-05,0,0.9753081,0.0
338,0.0003424839989681,0.0001484914773965,0,0.9760859,0.0
339,0.0003714735675398,0.0002049496026528,0,0.976789,0.0
340,0.0010246223230336,0.0001363748445912,0,0.97771776,0.0
341,0.0002810810872407,0.0003125716273287,0,0.978385,0.0
342,0.0002988204031085,0.0004231724203646,0,0.9785532,0.0
343,0.0003163685542355,0.0003946334230895,0,0.9786393,0.0
344,0.0002037310564266,0.0002109421094616,0,0.9782654,0.0
345,0.0008690373194236,0.0004530688434299,0,0.9766097,0.0
346,0.0030138661521097,0.0013788908212073,0,0.96531016,0.0
347,0.0059013218585617,0.0025230357470735,0,0.65594155,0.0
348,0.0077543991091363,0.0033050395474227,0,0.0,0.0
349,0.0068099537204219,0.0027655441624546,0,0.0,0.0
350,0.0041720918971638,0.0020598316055999,0,0.0,0.0
351,0.0037722087725492,0.002451820329691,0,0.0,0.0
352,0.0032413168931675,0.0023203234985351,0,0.0,0.0
353,0.0034827751025558,0.0014806375240835,0,0.0,0.0
354,0.0033285494686831,0.0006272653935085,0,0.0,0.0
355,0.0017852073508733,0.0002537374757994,0,0.0,0.0
356,0.0014497955566374,0.0005856625603587,0,0.0,0.0
357,0.001879572025653,0.001106252019707,0,0.0,0.0
358,0.003045839878291,0.0019625163554683,0,0.0,0.0
359,0.00391665940498,0.0030361466015837,0,0.0,0.0
360,0.0054533210691178,0.0044466393217077,0,0.0,0.0
361,0.0057552695805727,0.0048826576669903,0,0.0,0.0
362,0.0051802678936736,0.004947629055137,0,0.0,0.0
363,0.0047548826401604,0.0041109120864198,0,0.0,0.0
364,0.004089574530747,0.003956507467434,0,0.0,0.0
365,0.0049537982905999,0.004371897681833,0,0.0,0.0
366,0.0064221932255102,0.005367626259091,0,0.0,0.0
367,0.0079355638345912,0.0077454603176073,0,0.0,0.0
368,0.0083629087647797,0.0083298581620651,0,0.0,0.0
369,0.0068635960161172,0.0073233508006452,0,0.0,0.0
370,0.0048903559977005,0.0054085869042266,0,0.0,0.0
371,0.0028476150226406,0.0052538361549506,0,0.0,0.0
372,0.0035028359632971,0.0031206876904165,0,0.0,0.0
373,0.0035451786453811,0.0015728970561772,0,0.0,0.0
374,0.0031079521367964,0.0018369182348108,0,0.0,0.0
375,0.0026173653567176,0.0032324786479913,0,0.0,0.0
376,0.0032943418309801,0.0034473858252718,0,0.0,0.0
377,0.0034972352689791,0.0028183642111021,0,0.0,0.0
378,0.0046049079469901,0.0027152153536086,0,0.0,0.0
379,0.0042452887144742,0.0027466196084597,0,0.0,0.0
380,0.0027958968879373,0.0022582892857242,0,0.0,0.0
381,0.0024780823337582,0.0020958183410305,0,0.0,0.0
382,0.0018140262689443,0.0018543735519091,0,0.0,0.0
383,0.0017338973472556,0.0013751237669406,0,0.0,0.0
384,0.0030014656920948,0.0011037204376939,0,0.0,0.0
385,0.0027038603331733,0.0006438993412223,0,0.0,0.0
386,0.0033968207261515,0.0004157588231119,0,0.17774734,0.0
387,0.0044098149325844,0.0006985121605499,0,0.7178435,0.0
388,0.0034763973678275,0.0007823017884741,0,0.89034355,0.0
389,0.0026131040872653,0.000583431727051,0,0.9330715,0.0
390,0.0016908446937947,0.0003512105338013,0,0.9488852,0.0
391,0.0003706882225217,0.0002513934478412,0,0.95498616,0.0
392,0.0001888372878749,0.000241183755033,0,0.95779884,0.0
393,0.0003174255440484,9.93506023919088e-05,0,0.95992994,0.0
394,0.0005191013183837,0.0003286741907042,0,0.9607601,0.0
395,0.0006270000113395,0.0003066919437075,0,0.96136177,0.0
396,0.0007460790038164,0.0004770868614066,0,0.9628037,0.0
397,0.0008051394638918,0.0006015342825275,0,0.96434695,0.0
398,0.000459724282075,0.0004846238855954,0,0.96581155,0.0
399,0.0004988314282313,0.0007915919859465,0,0.9670391,0.0
400,0.0003697997118462,0.0012856274229563,0,0.96824235,0.0
401,0.0004256793987177,0.00123057541716,0,0.96885085,0.0
402,0.0009970628321889,0.0004672330288228,0,0.9694762,0.0
403,0.0010794160256182,0.0004835361736988,0,0.96983075,0.0
404,0.0003286129105864,0.0004374643465072,0,0.9696417,0.0
405,0.0006782437211638,0.000694276860107,0,0.96956027,0.0
406,0.0016284510804737,0.0006722292491096,0,0.96944135,0.0
407,0.0016208635974684,0.0005455219959581,0,0.9693346,0.0
408,0.0006233883501293,0.0002589333285492,0,0.96910304,0.0
409,0.000599745049048,6.442997840654829e-05,0,0.96874416,0.0
410,0.0013110458429203,0.0002406602169955,0,0.9683049,0.0
411,0.0006106821120377,0.0003992229756175,0,0.96772814,0.0
412,0.000231213466723,0.0003311780228784,0,0.9671831,0.0
413,6.620653868560682e-05,0.000161900982273,0,0.9664393,0.0
414,0.0002045463266404,8.875846756607674e-05,0,0.9658089,0.0
415,0.0003344545119689,0.0001717888308804,0,0.9647185,0.0
416,0.0005296148681708,0.0004765530323961,0,0.96354276,0.0
417,0.0004848358894706,0.0003512196246832,0,0.96212864,0.0
418,0.0006369216723111,0.0004922147178593,0,0.96013206,0.0
419,0.0003230168784492,0.0004628460479706,0,0.956619,0.0
420,0.0006871472171339,0.0003028820311553,0,0.9518424,0.0
421,0.0020680832503398,8.651446652363254e-05,0,0.9402992,0.0
422,0.002546832089282,0.0002510565473345,0,0.9174851,0.0
423,0.0018242469570884,0.0006070255595871,0,0.89474195,0.0
424,0.0014531110933953,0.0001546201737772,0,0.8702174,0.0
425,0.0005654262899174,6.585698690364305e-05,0,0.8709464,0.0
426,0.0012617665633992,0.0001645914197109,0,0.8875493,0.0
427,0.0012604861585125,0.0005176576556369,0,0.8969643,0.0
428,0.000505731897171,0.0011878059587391,0,0.9035893,0.0
429,0.0005629833032421,0.000544853402773,0,0.9131381,0.0
430,0.0005746947510863,0.0004683619303253,0,0.92410684,0.0
431,0.0004600794220816,0.0003043762516943,0,0.931701,0.0
432,0.000614581359744,0.0002581173486775,0,0.9421544,0.0
433,0.0001811731766633,9.461262978048213e-05,0,0.9512149,0.0
434,0.0020691786350613,0.0007107932285013,0,0.9592614,0.0
435,0.0050789292898007,0.0012440767097205,0,0.9636501,0.0
436,0.0076757654863826,0.0019019879869329,0,0.9604239,0.0
437,0.0060335933849257,0.0024628395068088,0,0.9390114,0.0
438,0.00444536073077,0.0015562611427582,0,0.84524506,0.0
439,0.0037703891624658,0.000293910744053,0,0.35583884,0.0
440,0.0033315756502376,9.975623658603884e-05,0,0.0,0.0
441,0.0022730004644313,0.0001324342696714,0,0.0,0.0
442,0.0017411759001836,0.0003453795603327,0,0.0,0.0
443,0.0021801469076002,0.0003533868681851,0,0.0,0.0
444,0.0026834699021659,0.0008574171265267,0,0.0,0.0
445,0.0020119288844028,0.0016945821859341,0,0.0,0.0
446,0.0027616155453323,0.0021962088272603,0,0.0,0.0
447,0.0041511262540078,0.0021693727322454,0,0.0,0.0
448,0.0046425603200235,0.002999584276978,0,0.0,0.0
449,0.0044176751436853,0.0036182430796435,0,0.0,0.0
450,0.0044015868598863,0.0041052268453669,0,0.0,0.0
451,0.002974999423839,0.0028263135135981,0,0.0,0.0
452,0.0022583659801137,0.0021470039848629,0,0.0,0.0
453,0.0024883180846054,0.0028100989813329,0,0.0,0.0
454,0.0022229481442339,0.0014921503691645,0,0.0,0.0
455,0.0025183553546063,0.001216385719264,0,0.0,0.0
456,0.0044303662932114,0.0022085133338478,0,0.0,0.0
457,0.0050621659698197,0.0036737477308846,0,0.0,0.0
458,0.0053006906079569,0.0053774366381487,0,0.0,0.0
459,0.0058735182178947,0.0062927215953236,0,0.0,0.0
460,0.0056997853812741,0.006100226910682,0,0.0,0.0
461,0.0051506072011165,0.0058789075190126,0,0.0,0.0
462,0.0046709542179681,0.0059943969192553,0,0.0,0.0
463,0.0045573946045331,0.0060302284574074,0,0.0,0.0
464,0.0048208491601443,0.004724215459399,0,0.0,0.0
465,0.0047997723570851,0.0051421778821989,0,0.0,0.0
466,0.0052349561082069,0.0060205495298356,0,0.0,0.0
467,0.0053741181801521,0.0044541310430826,0,0.0,0.0
468,0.0039324323278028,0.0036599949531415,0,0.0,0.0
469,0.0028243726489163,0.003324284931992,0,0.0,0.0
470,0.0031350503006098,0.0035407159482899,0,0.0,0.0
471,0.0031231340982378,0.004738277115171,0,0.0,0.0
472,0.0060415630395139,0.0058999711250347,0,0.0,0.0
473,0.0077147757758897,0.0066379686450964,0,0.0,0.0
474,0.0058360326982199,0.0069261616878135,0,0.0,0.0
475,0.0071969999462618,0.0068705366975306,0,0.0,0.0
476,0.0064114304395139,0.0066517428660912,0,0.0,0.0
477,0.0044946709725022,0.0054533401861958,0,0.0,0.28145647
478,0.0041046480079404,0.0036148738078307,0,0.0,0.80264914
479,0.0049807335943236,0.0018466617537623,0,0.0,0.9307338
480,0.0027734803894789,0.0007703013020379,0,0.0,0.9601245
481,0.0011159755835059,0.0009178064629482,0,0.0,0.9681538
482,0.0002922835446083,0.0007971209018441,0,0.0,0.9687416
483,1.3539023834910073e-05,0.0006806610062856,0,0.0,0.9628687
484,0.0017489591910878,0.0007790022454804,0,0.0,0.9252427
485,0.0084171081570654,0.0002328129806939,0,0.0,0.4177559
486,0.0087040603796303,0.0006445158540345,0,0.0,0.0
487,0.0055244397343596,0.0014345159188555,0,0.0,0.0
488,0.0039541488357861,0.0025983797164985,0,0.0,0.0
489,0.0038583907201895,0.003361043699723,0,0.0,0.0
490,0.0043705805991905,0.0042618465001211,0,0.0,0.0
491,0.0053723950338042,0.0050255648953086,0,0.0,0.0
492,0.0066334656399651,0.0062116581868844,0,0.0,0.0
493,0.0062125680059915,0.0064285076839064,0,0.0,0.0
494,0.0062167829868545,0.0070726969266802,0,0.0,0.0
495,0.0088005890181275,0.0077555134707093,0,0.0,0.0
496,0.0114358576677255,0.0104835272842024,0,0.0,0.0
497,0.0086634732318562,0.0107556370385629,0,0.0,0.0
498,0.005027127057264,0.0070261467913985,0,0.0,0.0
499,0.0011722668041298,0.0029978852643744,0,0.0,0.0
500,0.0002449278424082,0.0006022712305386,0,0.0,0.0
501,0.0012459616356588,0.0002086217897237,0,0.0,0.0
502,0.0018830397025466,0.0008609509198831,0,0.0,0.0
503,0.0012756811197562,0.0005116445537173,0,0.0,0.0
504,0.0007481444705107,0.000359090480173,0,0.0,0.0
505,0.001000392970812,0.0004533279297772,0,0.0,0.0
506,0.0035395227181332,0.000733021100372,0,0.0,0.0
507,0.0047525385572075,0.0012295262987927,0,0.0,0.0
508,0.0046618679887896,0.0011813385886074,0,0.0,0.0
509,0.0038782259446205,0.0011283138085891,0,0.0,0.0
510,0.0047675097303656,0.0014861718218049,0,0.0,0.0
511,0.0043471166368417,0.001836168973372,0,0.0,0.0
512,0.0018879253171304,0.0015853304560387,0,0.0,0.0
513,0.0008418390534097,0.000428363269705,0,0.0,0.0
514,0.0015025462985019,0.0001397903479718,0,0.0,0.0
515,0.0020271801047052,0.0006019068584645,0,0.0,0.0
516,0.0010860694437848,0.0004861358309638,0,0.0,0.0
517,0.0003585724271312,6.291050573207138e-05,0,0.0,0.0
518,0.0007465310730401,0.0003349562467314,0,0.0,0.0
519,0.0019879621942781,0.0007712352187582,0,0.0,0.0
520,0.0030247699653321,0.001254550498441,0,0.0,0.0
521,0.0026621591808044,0.0011965574079466,0,0.0,0.0
522,0.0027996406962164,0.0011826121228905,0,0.0,0.0
523,0.0041355751340787,0.0014591826387868,0,0.0,0.0
524,0.0028406440516153,0.0026451865978583,0,0.0,0.0
525,0.0016181772539878,0.0024815952004507,0,0.0,0.0
526,0.0003669496381688,0.0019259800470943,0,0.0,0.0
527,0.0001947818758467,0.0010893013241966,0,0.0,0.0
528,0.0002541329576477,0.0001414224148102,0,0.0,0.0
529,0.0002779732737629,0.0002629818719699,0,0.0,0.0
530,0.0002977210276442,0.0004363036454321,0,0.0,0.0
531,0.0003136077309499,0.000359145564751,0,0.0,0.0
532,0.0003256333030973,0.0008000580404659,0,0.0,0.0
533,0.0003339632041711,0.0006614235716018,0,0.0,0.0
534,0.0003388769801536,0.0001566792505893,0,0.0,0.0
535,0.0003406895093709,0.0001183205685292,0,0.0,0.0
536,0.0003398764964849,0.0003884339161091,0,0.0,0.0
537,0.0003370936592318,0.0003419815705583,0,0.0,0.0
538,0.0003331630082935,0.000113815075371,0,0.0,0.0
539,0.0003292139207656,5.553423848091625e-05,0,0.0,0.0
540,0.0003266107865025,0.0002090931908883,0,0.0,0.0
541,0.0003270172821031,6.047686498670355e-05,0,0.0,0.0
542,0.0003312418197077,6.097997595752228e-05,0,0.0,0.0
543,0.0003760495855209,0.0002821566341166,0,0.0,0.0
544,0.0004728541592215,0.000173960647794,0,0.0,0.0
545,0.0002335257000857,0.0002646994428611,0,0.0,0.0
546,0.0002592458994616,6.18742791470123e-05,0,0.0,0.0
547,0.0001654503444951,9.803236189895586e-06,0,0.0,0.0
548,0.000946740752445,7.73463093466003e-05,0,0.0,0.0
549,0.0005194707516077,0.0002906234344908,0,0.0,0.0
550,0.0002797046188918,0.0003674791234542,0,0.0,0.0
551,0.0006314211588271,0.0002369232123437,0,0.0,0.0
552,0.0001662808571287,0.0001037163900451,0,0.0,0.0
553,7.208299270631455e-05,6.553375520965475e-05,0,0.0,0.0
554,8.980561889704201e-05,0.0002378264347538,0,0.0,0.0
555,0.0001072937026015,6.434151014883645e-05,0,0.0,0.0
556,0.0001215177247171,8.195193506833247e-05,0,0.0,0.0
557,0.0001305240140187,4.833157586405452e-05,0,0.0,0.0
558,0.0001335923182256,4.868389114970509e-05,0,0.0,0.0
559,0.0001305248188314,0.0001861771452934,0,0.0,0.0
560,0.0001215244016026,0.0002257303320479,0,0.0,0.0
561,0.0001073104762763,0.0001548452540704,0,0.0,0.0
562,8.985556201307766e-05,5.76261745255477e-05,0,0.0,0.0
563,7.219577355614118e-05,0.0001785449020266,0,0.0,0.0
564,0.0001822918487635,0.0001467298115252,0,0.0,0.0
565,0.0006193643144481,3.3572558371678345e-05,0,0.0,0.0
566,0.0002973822038277,4.634122684576877e-05,0,0.0,0.0
567,0.0002996654478566,0.0001794915566412,0,0.0,0.0
568,0.0004455414980232,0.0001144720068373,0,0.0,0.0
569,0.0009406364265278,0.0001302980743933,0,0.0,0.0
570,0.0028376237440026,0.0002862428391959,0,0.0,0.0
571,0.0001207731187294,0.0003634150949874,0,0.0,0.0
572,0.0024790528839539,0.0002516898257227,0,0.0,0.0
573,0.0006305836176931,6.084773043646551e-05,0,0.0,0.0
574,0.0001039095436878,0.0001301510775498,0,0.0,0.0
575,9.177179341343868e-05,0.0003005946642128,0,0.0,0.0
576,0.0007213252779115,9.075705362784605e-05,0,0.0,0.0
577,0.002830048908538,0.0001431211403766,0,0.0,0.0
578,0.0014504851700634,0.0004175471582044,0,0.0,0.0
579,0.0002816346039039,0.0005154615325848,0,0.0,0.0
580,0.000204676082177,0.0002215268268712,0,0.0,0.0
581,0.0002245803771742,4.702157443565635e-05,0,0.0,0.0
582,0.0011135612860599,0.0003209527991458,0,0.0,0.0
583,0.0037109679483514,0.0002534193273244,0,0.0,0.0
584,0.0011650938560478,0.0002727182435292,0,0.0,0.0
585,0.0004158882784055,0.0003736535698994,0,0.0,0.0
586,0.0002260967986234,0.0003540267898201,0,0.0,0.0
587,4.885525707873436e-05,9.018763711843608e-05,0,0.0,0.0
588,0.0006707618988137,0.0001498618623332,0,0.0,0.0
589,0.0024859555049431,0.0004089407207532,0,0.0,0.0
590,0.0025383933783672,0.0005980958368616,0,0.0,0.0
591,0.0014261819875263,0.0006462080427093,0,0.0,0.0
592,0.0023828678594432,0.0005791212826618,0,0.0,0.0
593,0.0043356569339882,0.0002214187335251,0,0.0,0.0
594,0.0035084662773203,0.000117999774261,0,0.0,0.0
595,0.0019283688826154,0.0004268343246359,0,0.0,0.0
596,0.0020009803122084,0.0003896944831037,0,0.0,0.0
597,0.002946245645625,7.672432261585044e-05,0,0.0,0.0
598,0.0024114787302631,9.125579967062223e-05,0,0.0,0.11148164
599,0.0035699598835149,0.000378179604305,0,0.0,0.17414555
600,0.0042140906303551,0.0003794262159843,0,0.0,0.30057982
601,0.0013368084335,0.0007123170647242,0,0.0,0.42483187
602,0.001537451610574,0.0005426929905753,0,0.0,0.5198371
603,0.0015982646784244,0.0006133898954531,0,0.0,0.6025039
604,0.0006723426758892,0.0004392874736728,0,0.0,0.6286447
605,0.0004936502041796,0.0003152294065158,0,0.0,0.6255815
606,0.0021476804303302,0.0005114479520301,0,0.0,0.57493055
607,0.003640362095607,0.0005129541113387,0,0.0,0.4592911
608,0.0028159058537132,0.0004741101202403,0,0.0,0.35194576
609,0.0005560209406025,0.0005453995387629,0,0.0,0.30501536
610,0.0004833893624155,0.0008572791593459,0,0.0,0.29521713
611,0.0009061457645007,0.0007570011561672,0,0.0,0.29465985
612,0.0011844788874807,0.0007856434509546,0,0.0,0.2950558
613,0.0003463858583003,0.0007237154977098,0,0.0,0.2762255
614,0.0010570490654874,0.000547317602049,0,0.0,0.2145073
615,0.0025929005947911,0.0007262283424549,0,0.0,0.1531647
616,0.0034124941580913,0.000470201760845,0,0.0,0.10523411
617,0.0042607494121816,0.0007266922070774,0,0.0,0.0
618,0.0021965074124127,0.0009489657406429,0,0.0,0.0
619,0.001455926472878,0.0009824970253291,0,0.0,0.0
620,0.0012777961424409,0.0009447704385663,0,0.0,0.0
621,0.0011979790921053,0.0014664067651974,0,0.0,0.0
622,0.0007870267320498,0.0009123285420415,0,0.0,0.0
623,0.0010505427019335,0.0011538158104798,0,0.0,0.0
624,0.0030514111173203,0.0015389922348596,0,0.0,0.0
625,0.0029089102566397,0.0010595972959199,0,0.0,0.0
626,0.0033801726467743,0.0013570422518202,0,0.0,0.0
627,0.0033891653664176,0.0023561063562949,0,0.0,0.0
628,0.004843332675393,0.0034208947866972,0,0.0,0.0
629,0.0046885853153548,0.0044060055771399,0,0.0,0.0
630,0.0041249329034918,0.0042353274242858,0,0.0,0.0
631,0.0044527339041344,0.0040142427903781,0,0.0,0.0
632,0.0046016605240235,0.0047070503303106,0,0.0,0.0
633,0.002748882474301,0.0046910849072701,0,0.0,0.0
634,0.0034535300770873,0.0047176605648047,0,0.0,0.0
635,0.0031828979685814,0.0033582512675804,0,0.0,0.0
636,0.0022365964710194,0.0024667516175387,0,0.0,0.0
637,0.0022355927090429,0.0018020659673631,0,0.0,0.0
638,0.0037579630162689,0.0021216453340725,0,0.0,0.0
639,0.0043993865905656,0.0033942756341095,0,0.0,0.0
640,0.0037111073183191,0.0040577828070997,0,0.0,0.0
641,0.0041285590958256,0.0038334545014102,0,0.0,0.0
642,0.003888329789707,0.0035082292072173,0,0.0,0.0
643,0.0031497161666192,0.0042782964440558,0,0.0,0.0
644,0.0049835047506251,0.0049656550490779,0,0.0,0.0
645,0.0038687027062273,0.005380749723078,0,0.0,0.0
646,0.0031729875890079,0.0043094263935294,0,0.0,0.0
647,0.0034439069608642,0.003034336903489,0,0.0,0.0
648,0.004051191670573,0.0028780982555695,0,0.0,0.0
649,0.001793577859265,0.002031846723476,0,0.0,0.0
650,0.0017732829851323,0.0013654163721416,0,0.0,0.0
651,0.0041871592437835,0.0022446536501487,0,0.0,0.0
652,0.0013179763632708,0.0019515509848277,0,0.0,0.0
653,0.0005810438724218,0.0009364628769518,0,0.0,0.0
654,0.0003140180501513,0.0004939536216456,0,0.0,0.0
655,6.978182841904516e-05,0.0004895136764668,0,0.0,0.0
656,0.0004991534267612,0.0004214744741589,0,0.0,0.0
657,0.0015666032259707,0.0010376017329406,0,0.0,0.0
658,0.001186948108013,0.0015028009654248,0,0.0,0.0
659,0.0022922116856566,0.001312170319171,0,0.0,0.0
660,0.0035709450551947,0.000861113398114,0,0.0,0.0
661,0.0022935636201265,0.0013468764663683,0,0.0,0.0
662,0.0006779590609191,0.0015725570126034,0,0.0,0.0
663,0.0010559862052192,0.0010369804018973,0,0.0,0.0
664,0.0005375458997144,0.0003615519456417,0,0.0,0.0
665,0.0007735991740932,5.855973375680948e-05,0,0.0,0.0
666,0.0007170836118139,0.000279757654739,0,0.0,0.0
667,0.0001133848502822,0.0002485017885412,0,0.0,0.0
668,0.0014571455060349,0.0002658276497901,0,0.0,0.0
669,0.0019454994697521,0.0006926178541476,0,0.0,0.0
670,0.0017679958777616,0.0012979802017923,0,0.0,0.0
671,0.0024895728634268,0.0019132486746953,0,0.0,0.0
672,0.0038676390688486,0.0020668299139988,0,0.0,0.0
673,0.0021778740565126,0.0012120520007743,0,0.0,0.0
674,0.0016388813339919,0.0010574962561511,0,0.0,0.0
675,0.0016049995197715,0.0010218214668907,0,0.0,0.0
676,0.0021720990113566,0.0007731285643936,0,0.0,0.0
677,0.0008710313728248,0.0004530504516443,0,0.0,0.0
678,0.0024142380131462,0.0004669337483764,0,0.0,0.0
679,0.0018630624280728,0.0002950580850825,0,0.0,0.0
680,0.0028686443822753,0.0002826786785119,0,0.0,0.0
681,0.0045756119698414,0.0008522079422368,0,0.0,0.0
682,0.0042642070504144,0.0010819167670067,0,0.0,0.0
683,0.003324810291695,0.0008939415809215,0,0.0,0.0
684,0.0037247015419537,0.0011685539426681,0,0.0,0.0
685,0.0027763898063431,0.0016629108175422,0,0.0,0.0
686,0.0017382769515328,0.0018616650047159,0,0.0,0.0
687,0.002691822933896,0.0027018195323255,0,0.0,0.0
688,0.0037243060800343,0.0029946699088271,0,0.0,0.0
689,0.0024248232476656,0.0026909200841511,0,0.0,0.0
690,0.0029005132526521,0.0025162040196583,0,0.0,0.0
691,0.0039649676531839,0.002472313822281,0,0.0,0.0
692,0.0029837667356642,0.0022143142752916,0,0.0,0.0
693,0.003246798407816,0.0015695579874373,0,0.0,0.0
694,0.0029989251726001,0.0012827529532153,0,0.0,0.0
695,0.0020828173762394,0.0010384496675798,0,0.0,0.0
696,0.003380847026068,0.0004504386692368,0,0.0,0.0
697,0.0053625884604428,0.0013959378438131,0,0.0,0.0
698,0.005020722251032,0.0023058445001119,0,0.0,0.0
699,0.0038897016426508,0.0027999515345589,0,0.0,0.0
700,0.0024565996250815,0.0015296162428397,0,0.0,0.0
701,0.0018944613847915,0.000650544786184,0,0.0,0.0
702,0.0013132366307949,0.0006295021536683,0,0.0,0.0
703,0.0011312219152894,0.0008929224783428,0,0.0,0.0
704,0.0014198070960495,0.0008553328098176,0,0.0,0.0
705,0.0009580240348855,0.0007027748557746,0,0.0,0.0
706,0.0007175467625865,0.0008334792353902,0,0.0,0.0
707,0.0005364887285829,0.0010148209917527,0,0.0,0.0
708,0.0005316077276368,0.0008853653574812,0,0.0,0.0
709,0.0012056890708192,0.0003614091724958,0,0.0,0.0
710,0.0017628181332071,0.0005381650681775,0,0.0,0.0
711,0.003654890745433,0.0010422653671157,0,0.0,0.0
712,0.0032140803212708,0.0007721642604669,0,0.0,0.0
713,0.0018100529410321,0.0008301557888731,0,0.0,0.0
714,0.0018949138716563,0.0014184261584904,0,0.0,0.0
715,0.0011198112307823,0.0006963304381355,0,0.0,0.0
716,0.0005637815123308,8.320013765564203e-05,0,0.0,0.0
717,0.0013474236167561,0.0001433045934329,0,0.0,0.0
718,0.0021882479654065,0.0004494317505189,0,0.0,0.0
719,0.002934331785133,0.0003442519763824,0,0.0,0.0
720,0.0024094732920338,0.0002298787255808,0,0.0,0.0
721,0.0019462808836229,0.0003266881306529,0,0.0,0.0
722,0.00056743470235,0.0007474509658128,0,0.0,0.0
723,0.0004114265737819,0.0006821887896194,0,0.0,0.0
724,0.0003429551845224,0.0002649438766414,0,0.0,0.0
725,0.0005605386046132,0.000295033917663,0,0.0,0.0
726,0.0003306803784287,0.0002842660760002,0,0.0,0.0
727,0.00056587867363,0.0004523475563911,0,0.0,0.0
728,0.001826076310209,0.0008339461289241,0,0.0,0.0
729,0.0006415997062203,0.0003517275399178,0,0.0,0.0
730,0.000411355906804,0.0004337668732991,0,0.0,0.0
731,0.0006178048272414,0.0006158636993524,0,0.0,0.0
732,0.0003486540077731,0.0003474218941762,0,0.0,0.0
733,0.0005545940895665,0.0003104785499593,0,0.0,0.0
734,0.0006397087474505,0.0004913183273428,0,0.0,0.0
735,0.0005569337092175,0.0005521585802112,0,0.0,0.0
736,0.0002691069411987,0.0004956885962376,0,0.0,0.0
737,0.0002275715791628,0.0001774504533614,0,0.0,0.0
738,0.000351904075184,0.0002412603955729,0,0.0,0.0
739,0.0001657724161972,0.0002886150969682,0,0.0,0.0
740,0.0001232702495091,0.0003136066747631,0,0.0,0.0
741,0.0001983277049532,0.000122049021553,0,0.0,0.0
742,5.240011177605938e-05,7.300585568212129e-05,0,0.0,0.0
743,4.377959741687068e-05,6.416595305689299e-05,0,0.0,0.0
744,8.296825367455419e-05,3.296971035110102e-05,0,0.0,0.0
745,7.823093648420782e-05,4.528656097985964e-05,0,0.0,0.0
746,7.489165164106074e-05,0.0001471005264157,0,0.0,0.0
747,0.000101719689217,0.0002761550957863,0,0.0,0.0
748,2.658182211047608e-05,4.3393080729643256e-05,0,0.0,0.0
749,1.222781063857544e-05,9.364263024163976e-05,0,0.0,0.0
750,2.653714794842832e-05,7.89579852018163e-06,0,0.0,0.0
751,5.8087521041478593e-05,8.830954054036007e-05,0,0.0,0.0
752,4.943315198804993e-05,5.648361396177026e-05,0,0.0,0.0
753,0.0001860974543389,8.991384843005247e-05,0,0.0,0.0
754,0.0003118060536648,0.0001602414091846,0,0.0,0.0
755,0.0001627600202306,6.042485652241765e-05,0,0.0,0.0
756,3.583635168877657e-05,4.35025355215635e-05,0,0.0,0.0
757,2.6587484852128564e-05,0.0001095263644978,0,0.0,0.0
758,4.356947250021456e-05,5.822892251424996e-05,0,0.0,0.0
759,5.5932567034425096e-05,6.734658693215596e-05,0,0.0,0.0
760,5.400669027620269e-05,0.0001003942661322,0,0.0,0.0
761,0.0002897224601326,0.0001176742686139,0,0.0,0.0
762,0.0001805994015338,8.441094037270082e-05,0,0.0,0.0
763,0.0002080404274218,7.051716084185777e-05,0,0.0,0.0
764,0.0013046942247913,0.0005388585202765,0,0.0,0.0
765,0.0018874069263224,0.0009733889204069,0,0.0,0.0
766,0.0010032607105774,0.0008864111322032,0,0.0,0.0
767,0.0015250092615543,0.000667665030694,0,0.0,0.0
768,0.0017141243297272,0.0005770773870127,0,0.0,0.0
769,0.0016167617223175,8.137583656895166e-05,0,0.0,0.0
770,0.0018552267282037,0.0006212257070961,0,0.0,0.0
771,0.0017170367531447,0.0006974351402786,0,0.0,0.0
772,0.0007626794391632,0.0007399635688034,0,0.0,0.0
773,0.0009365085046616,0.001212879801086,0,0.0,0.0
774,0.0011125104680721,0.0010900873598923,0,0.0,0.0
775,0.0007697131113534,0.0008505015106062,0,0.0,0.0
776,0.0002417541355262,0.0006141900311212,0,0.0,0.0
777,0.0002530487618689,0.0002666565071864,0,0.0,0.0
778,0.0004872799200961,0.0001200869348122,0,0.0,0.0
779,0.0013104841394573,0.0001535908339471,0,0.0,0.0
780,0.0034225899267622,0.0003955269188754,0,0.0,0.0
781,0.0034187032249892,0.0010653886311495,0,0.0,0.0
782,0.0025918891026298,0.0016141022036093,0,0.0,0.0
783,0.0022117076059153,0.0017011857440185,0,0.0,0.0
784,0.0014698262110391,0.0010738452045163,0,0.0,0.0
785,0.0018416746479963,0.0016099683534588,0,0.0,0.0
786,0.0015525124879567,0.0017227935418685,0,0.0,0.0
787,0.0019537283386917,0.0018932875618574,0,0.0,0.0
788,0.0023568985594185,0.0018184305222744,0,0.0,0.0
789,0.0022148120724774,0.0017703242841794,0,0.0,0.0
790,0.0016439067471863,0.0018840900827975,0,0.0,0.0
791,0.0018259874397031,0.0014905850460866,0,0.0,0.0
792,0.0025444211907335,0.0016915932232703,0,0.0,0.0
793,0.0017378117509321,0.0014883100622841,0,0.0,0.0
794,0.0017910181231921,0.0015878663242403,0,0.0,0.0
795,0.0017473078787961,0.0016329694623416,0,0.0,0.0
796,0.0012889494242528,0.0018887846467296,0,0.0,0.0
797,0.0013740790376494,0.0010722820136101,0,0.0,0.0
798,0.0031317097626323,0.0004826144801256,0,0.0,0.0
799,0.0025402441026746,0.0008822092377495,0,0.0,0.0
800,0.0020628818083756,0.0004814148316994,0,0.0,0.0
801,0.0030411138591099,4.446889623650829e-05,0,0.0,0.0
802,0.0034266351473664,0.0002622536061639,0,0.0,0.0
803,0.0028343113419345,0.0005839794840807,0,0.0,0.0
804,0.0026380433517936,0.0013248036859774,0,0.0,0.0
805,0.0028092642029685,0.0017094487862138,0,0.0,0.0
806,0.003457490232933,0.0012836270554949,0,0.0,0.0
807,0.0037142403231274,0.0010722636862128,0,0.0,0.0
808,0.0040049864890768,0.0007845815222247,0,0.0,0.0
809,0.0026316996286212,0.0006145668463373,0,0.0,0.0
810,0.0018466346279365,0.0006731619010048,0,0.0,0.0
811,0.001488635216714,0.0007174322207836,0,0.0,0.0
812,0.0008276169743412,0.0006526689004012,0,0.0,0.0
813,0.0004229465465211,0.000620860646038,0,0.0,0.0
814,0.0006964539852681,0.000778363591221,0,0.0,0.0
815,0.0005473183964561,0.0010129992028961,0,0.0,0.0
816,0.0008150582504497,0.0006906826937675,0,0.0,0.0
817,0.0005348581881488,0.0003267782499201,0,0.0,0.0
818,0.00091376963378,0.0002486921298326,0,0.0,0.0
819,0.0014434691424131,0.000534736919333,0,0.0,0.0
820,0.0013630796562861,0.0003376567942459,0,0.0,0.0
821,0.0007674004415768,0.0001474443839362,0,0.0,0.0
822,5.078168127601869e-05,0.0002620591206196,0,0.0,0.0
823,0.000426757633448,4.386115331595775e-05,0,0.0,0.0
824,0.0002337101595986,0.0001413016804219,0,0.0,0.0
825,0.0002674656608681,0.0002967675189567,0,0.0,0.0
826,0.000355437316795,0.0003179173393868,0,0.0,0.0
827,0.0010443883860047,0.0003241140750412,0,0.0,0.0
828,0.0004098268218696,0.0004996587126074,0,0.0,0.0
829,0.0005336632648394,0.0005270147253517,0,0.0,0.0
830,0.0001354950755885,0.0002999102376415,0,0.0,0.0
831,7.20165677602107e-05,0.0002021263438387,0,0.0,0.0
832,3.3652457739803386e-05,0.0001408390426932,0,0.0,0.0
833,0.0001781456069973,6.604370752582114e-06,0,0.0,0.0
834,0.0006389429343426,0.0001918572927623,0,0.0,0.0
835,0.0008103061518102,0.0003218526101179,0,0.0,0.0
836,0.0005077887838848,0.0001978728254584,0,0.0,0.0
837,6.113829615909124e-05,7.594872973368588e-05,0,0.0,0.0
838,9.3953940903726e-05,3.642742696949944e-05,0,0.0,0.0
839,0.0001580046178034,8.247533949848496e-05,0,0.0,0.0
840,0.0011236579931036,0.0002551358432828,0,0.0,0.0
841,0.0019044220067278,0.0006932055968965,0,0.0,0.0
842,0.0011107010427435,0.0008570847777416,0,0.0,0.0
843,0.001137954572501,0.0005417004049762,0,0.0,0.0
844,0.0015398881257609,0.0003627725859196,0,0.0,0.0
845,0.0009868496432477,0.000418813460818,0,0.0,0.0
846,0.000816340580814,0.0002490209306866,0,0.0,0.0
847,0.0008273852186345,8.072999250359395e-05,0,0.0,0.0
848,0.0005601272775384,0.0003089576930108,0,0.0,0.0
849,0.0006930486103255,0.001373796092582,0,0.0,0.0
850,0.0001368183852682,0.000874544189904,0,0.0,0.0
851,0.0009393527164524,0.0001741778916081,0,0.0,0.0
852,0.0008148467654433,7.234494568326456e-05,0,0.0,0.0
853,0.0008811737351102,0.0003125010919123,0,0.0,0.0
854,0.0003138395606799,0.0003964264094854,0,0.0,0.0
855,0.0002148016654627,0.0001965311719773,0,0.0,0.0
856,0.0010233475123543,0.0002977613433878,0,0.0,0.0
857,0.0009991276192986,0.00057739272903,0,0.0,0.0
858,0.0007309520477822,0.0004834525674658,0,0.0,0.0
859,0.0013899750402534,0.0005412272426441,0,0.0,0.0
860,0.0008552814115733,0.0005955727305976,0,0.0,0.0
861,0.000833601430192,0.0006091819618634,0,0.0,0.0
862,0.0008321980933466,0.0006885502974312,0,0.0,0.0
863,0.0004839016490945,0.0002623461587186,0,0.0,0.0
864,0.0001219388377365,0.0001291706330607,0,0.0,0.0
865,0.0004555715168138,0.0001627468411435,0,0.0,0.0
866,9.527992650985482e-05,0.0001065600049746,0,0.0,0.0
867,0.0001121475973366,2.538045556828669e-05,0,0.0,0.0
868,0.0004308643642286,0.0001204018478487,0,0.0,0.0
869,0.0007432442188719,7.344571056624659e-05,0,0.0,0.0
870,0.0007903795107388,9.58475246310769e-05,0,0.0,0.0
871,0.0003487332049264,8.179157606637028e-05,0,0.0,0.0
872,6.6420789347677e-05,0.0001340380115966,0,0.0,0.0
873,0.0005480375979093,0.000331294169953,0,0.0,0.0
874,0.0006580526344265,0.0002342264034541,0,0.0,0.0
875,0.0008789123579244,0.0005568179654078,0,0.0,0.0
876,0.0007318156498734,0.0005530265486678,0,0.0,0.0
877,0.0012712497842356,0.0009255518821925,0,0.0,0.0
878,0.0012561196059544,0.001291176841189,0,0.0,0.0
879,0.0009603575576501,0.0007825828256292,0,0.0,0.0
880,0.0024058010833064,0.0004450163032758,0,0.0,0.0
881,0.0022300579321721,0.0008992448438783,0,0.0,0.0
882,0.0012653038067323,0.000391656402122,0,0.0,0.0
883,0.0013230846118872,0.0005641766001101,0,0.0,0.0
884,0.0011976848940099,0.0007751505458161,0,0.0,0.0
885,0.001499741796191,0.0009118405377553,0,0.0,0.0
886,0.0028547274748522,0.0005274138016964,0,0.0,0.0
887,0.002594522656307,0.0001696430703923,0,0.0,0.0
888,0.0016018776922513,0.0003523122079899,0,0.0,0.0
889,0.0018466325177352,0.0002425116092208,0,0.0,0.0
890,0.0028185185352007,0.0002683014128575,0,0.0,0.0
891,0.0036601147801579,0.0006192731094756,0,0.0,0.0
892,0.0009756476927421,0.0005620967366367,0,0.0,0.0
893,0.0008335346389012,0.0005878134848415,0,0.0,0.0
894,0.0009280375323777,0.0004465146206105,0,0.0,0.0
895,0.002288238670016,0.0007231244060854,0,0.0,0.0
896,0.0028651857078533,0.0007093636832857,0,0.0,0.0
897,0.0030385156509254,0.0007965075227791,0,0.0,0.0
898,0.0040455612368581,0.0006798175198251,0,0.0,0.0
899,0.0036005313644024,0.0004022964927762,0,0.0,0.0
900,0.0028315559502444,0.0004730868758326,0,0.0,0.0
901,0.0026429729633043,0.0004023797859128,0,0.0,0.0
902,0.001853745467915,0.0004698198357451,0,0.0,0.0
903,0.0015218966476853,0.0005811941329358,0,0.0,0.0
904,0.0016725780186656,0.0008683443745327,0,0.0,0.0
905,0.0012038343294792,0.0007858275158338,0,0.0,0.0
906,0.0019051329816907,0.0006439000350188,0,0.0,0.0
907,0.0017368701121856,0.0006193851705865,0,0.0,0.0
908,0.0012483045195593,0.0003018065016292,0,0.0,0.0
909,0.0006736879062361,0.0001567040806478,0,0.0,0.0
910,0.0001434130061218,2.484352851353585e-05,0,0.0,0.0
911,0.0001906987492508,9.47183891313988e-05,0,0.0,0.0
912,0.0007202938179379,7.106109838633166e-05,0,0.0,0.0
913,0.0002658152480168,0.0003401513870388,0,0.0,0.0
914,0.0007797876168591,0.0004266441944626,0,0.0,0.0
915,0.0013042547472777,0.0006516235180767,0,0.0,0.0
916,0.0011952834102818,0.0005305288117126,0,0.0,0.0
917,0.0013677515716747,0.0006446746012793,0,0.0,0.0
918,0.0009794061057479,0.000656181833394,0,0.0,0.0
919,0.0004526643056773,0.0005084758608165,0,0.0,0.0
920,8.036647061777721e-05,8.102184502892035e-05,0,0.0,0.0
921,0.0004045071040323,0.000393956713383,0,0.0,0.0
922,0.0015082934828155,0.0013386836789736,0,0.0,0.0
923,0.0032219492079112,0.0017047248058914,0,0.0,0.0
924,0.0054111163937803,0.001396675262853,0,0.0,0.0
925,0.0046018826459179,0.0012361608544177,0,0.0,0.0
926,0.0032088116645737,0.001179862792488,0,0.0,0.0
927,0.0029945741475744,0.001148251284047,0,0.0,0.0
928,0.0030832933816555,0.0013400563248412,0,0.0,0.0
929,0.00380963064964,0.0008900509851055,0,0.0,0.0
930,0.005230531202914,0.0010000689790271,0,0.0,0.0
931,0.0056220050565224,0.0006987592189781,0,0.0,0.0
932,0.0032643992477667,0.0001992874405639,0,0.0,0.0
933,0.0017428659669001,3.753423667301534e-05,0,0.0,0.0
934,0.0009221499917188,6.273878186789175e-05,0,0.0,0.0
935,0.0008985874290419,6.306195373627425e-05,0,0.0,0.0
936,0.000887986148017,0.0001172224803302,0,0.0,0.0
937,0.0006708723849253,0.0002397712148486,0,0.0,0.0
938,0.0008868268172059,0.0003301586557199,0,0.0,0.0
939,0.0006923156078883,0.0002525765666924,0,0.0,0.0
940,0.0005347475652562,9.320833650422185e-05,0,0.0,0.0
941,0.0002297590875275,0.0001007649187197,0,0.0,0.0
942,0.0002423572050138,0.0001402379617931,0,0.0,0.0
943,0.0001583554679309,0.000171944699631,0,0.0,0.0
944,5.2928605458873615e-05,4.62123378836153e-05,0,0.0,0.0
945,4.843545934735063e-05,4.716997671156152e-05,0,0.0,0.0
946,0.0001016872048858,4.90966295234432e-05,0,0.0,0.0
947,0.0004827734866892,0.0001183352068265,0,0.0,0.0
948,0.0008122394834276,0.0001392506585848,0,0.0,0.0
949,0.0003421344048614,6.245232178080169e-05,0,0.0,0.0
950,0.0003943064066477,7.68445275250544e-05,0,0.0,0.0
951,0.0002655722502288,2.8387251332327503e-05,0,0.0,0.0
952,0.0002778822433012,0.0001686463634768,0,0.0,0.0
953,0.0002519331852395,0.0001244724999558,0,0.0,0.0
954,0.0001122658289268,0.0001798677175518,0,0.0,0.0
955,0.0003590976999285,0.0002162860674858,0,0.0,0.0
956,0.0012867016917842,0.0003796536059918,0,0.0,0.0
957,0.0017969947515291,0.0002914343281544,0,0.0,0.0
958,0.0019346761892407,0.0001318451101118,0,0.0,0.0
959,0.0017343524910427,0.0003347024694111,0,0.0,0.0
960,0.0018828240190836,0.0002287702723982,0,0.0,0.0
961,0.0013451303967209,0.0002583059598056,0,0.0,0.0
962,0.0008425223318573,9.9427622591856e-05,0,0.0,0.0
963,0.00116025820071,0.0001520531098074,0,0.0,0.0
964,0.0024345946873193,0.0007000538787572,0,0.0,0.0
965,0.001824030660898,0.0003480722643029,0,0.0,0.0
966,0.0008069513305757,0.0002948365213831,0,0.0,0.0
967,0.000180457208124,0.0002108105606943,0,0.0,0.0
968,0.0004128682003631,0.0001604595941091,0,0.0,0.0
969,0.0007641017093081,0.0001180161989898,0,0.0,0.0
970,0.0007995207426183,2.3374043115487123e-05,0,0.0,0.0
971,0.0005789137380664,5.1061465732162205e-05,0,0.0,0.0
972,0.0006263564096541,0.0002623607458098,0,0.0,0.0
973,0.0006741892147537,0.0003341619034959,0,0.0,0.0
974,0.0007370809760988,7.69165286785012e-05,0,0.0,0.0
975,0.0005974884121329,4.059583061516284e-05,0,0.0,0.0
976,0.0005725359030528,0.0001231471202939,0,0.0,0.0
977,0.0002299176513118,0.0002982182707132,0,0.0,0.0
978,0.0005475765346493,0.0002329049167836,0,0.0,0.0
979,0.0012071732497193,9.375140693350044e-05,0,0.0,0.0
980,0.0009456541730804,0.0001259476911126,0,0.0,0.0
981,0.0008788716455498,0.0002091114010792,0,0.0,0.0
982,0.0004770054725027,0.0003104044766888,0,0.0,0.0
983,0.0002869929762342,0.0003291307800465,0,0.0,0.0
984,0.0003389759300939,0.0002673124615292,0,0.0,0.0
985,0.0004648119061571,2.4375352660674036e-05,0,0.0,0.0
986,0.0008670939828821,0.0001362397307723,0,0.0,0.0
987,0.0005801505942587,0.0001588011624657,0,0.0,0.0
988,0.0002992847887688,0.0004262205085874,0,0.0,0.0
989,0.0002484972759311,0.0003082154090435,0,0.0,0.0
990,0.0004327890227946,0.000188746324498,0,0.0,0.0
991,0.0007037977844335,0.0003677779315771,0,0.0,0.0
992,0.000803209885756,0.0003332385681737,0,0.0,0.0
993,0.0011643164320289,0.0002153884646036,0,0.0,0.0
994,0.0007752378166128,0.0002202337342339,0,0.0,0.0
995,0.0003991678390598,0.0002269694630195,0,0.0,0.0
996,0.0003353807438552,0.0002316402439672,0,0.0,0.0
997,0.0001660555236926,0.0001065703492789,0,0.0,0.0
998,9.442838957928598e-05,8.521754568549876e-05,0,0.0,0.0
999,6.468488653462638e-05,1.1943183638303654e-05,0,0.0,0.0
1000,9.624262575841048e-05,0.0001183068098092,0,0.0,0.0
1001,0.000172831243018,8.21776127164949e-05,0,0.0,0.0
1002,7.755896756404561e-05,2.260307951851315e-05,0,0.0,0.0
1003,5.943137450290297e-05,0.0001537027732284,0,0.0,0.0
1004,0.0001707629994461,9.576477800414256e-05,0,0.0,0.0
1005,0.0003587568005328,7.56502557884626e-06,0,0.0,0.0
1006,4.278129079004884e-05,6.512559501305101e-05,0,0.0,0.0
1007,0.0002024588986044,5.453566094372937e-05,0,0.0,0.0
1008,0.0001514473783457,4.513194121069675e-05,0,0.0,0.0
1009,2.717057611795658e-05,2.465223187737342e-05,0,0.0,0.0
1010,6.726129189720239e-06,5.365738611057459e-05,0,0.0,0.0
1011,0.0001752793604693,0.0002115265838913,0,0.0,0.0
1012,0.0006785236615554,0.000551396900678,0,0.0,0.0
1013,0.000774174661154,0.0009887619412321,0,0.0,0.0
1014,0.0020825683170777,0.0009834121016774,0,0.0,0.0
1015,0.0030922301175109,0.0007785036299931,0,0.0,0.0
1016,0.0033918541499565,0.0008338556243137,0,0.0,0.0
1017,0.003712527746989,9.283978984047316e-05,0,0.0,0.0
1018,0.0031369136628445,0.000582485449042,0,0.0,0.0
1019,0.0020290015054503,0.0006400056038058,0,0.0,0.0
1020,0.0016686285345482,0.0006263659695334,0,0.0,0.0
1021,0.0007823308601169,0.0004174639764476,0,0.0,0.0
1022,0.0002531988045445,0.0004356873849101,0,0.0,0.0
1023,0.0001912833850382,0.0007736848958928,0,0.0,0.0
1024,0.0006453244371235,0.0011309295095412,0,0.0,0.0
1025,0.0006054853057352,0.000853634430901,0,0.0,0.0
1026,0.0012030598233634,0.0002487578894062,0,0.0,0.0
1027,0.0013486261105675,0.0002400852099588,0,0.0,0.0
1028,0.0010510393974173,0.0001256644428084,0,0.0,0.0
1029,0.0007435316847673,0.0002876389769003,0,0.0,0.0
1030,0.0004804062134204,0.0003909868799296,0,0.0,0.0
1031,0.000711999388378,0.0002146469342621,0,0.0,0.0
1032,0.0005969709074606,4.6843005859658345e-05,0,0.0,0.0
1033,0.0005621488605215,0.0003314012962648,0,0.0,0.0
1034,0.0016930985475709,0.0002539140724043,0,0.0,0.0
1035,0.0013748723675325,0.0008098405975478,0,0.0,0.0
1036,0.0005165194962939,0.0015356573593922,0,0.0,0.0
1037,0.0024165229623091,0.0011733692932578,0,0.0,0.0
1038,0.002691537411189,0.0014570752191527,0,0.0,0.0
1039,0.0015654158240861,0.0011183963241563,0,0.0,0.0
1040,0.0006189026675285,0.0002914473565434,0,0.0,0.0
1041,0.0016067751059298,0.0002488862772522,0,0.0,0.0
1042,0.0039940591439244,0.0010446737118463,0,0.0,0.0
1043,0.0007616423216933,0.0002960982811977,0,0.0,0.0
1044,0.0021610065855808,0.0002985859383649,0,0.0,0.0
1045,0.0023137835121187,0.0004507566652263,0,0.0,0.0
1046,0.0019580567020511,0.0006812826832482,0,0.0,0.0
1047,0.0016785522637225,0.0002997608763183,0,0.0,0.0
1048,0.0015620487145683,0.0003504406991547,0,0.0,0.0
1049,0.0008790687580963,0.0009531814254644,0,0.0,0.0
1050,0.0003027334947843,0.000780871458112,0,0.0,0.0
1051,0.0001868652619443,0.0001335951368417,0,0.0,0.0
1052,0.0009842933940421,0.0003731604283021,0,0.0,0.0
1053,0.0009656288855448,0.0003246982190211,0,0.0,0.0
1054,0.0013387152427986,0.0002886002162805,0,0.0,0.0
1055,0.000694442111102,0.0001436262657446,0,0.0,0.0
1056,0.000842236138415,0.0001384600781814,0,0.0,0.0
1057,0.0012520004313535,0.0002107248931883,0,0.0,0.0
1058,0.0023679828086659,0.000386940434048,0,0.0,0.0
1059,0.001444611973935,0.0006632463503979,0,0.0,0.0
1060,0.0009250486678477,0.0002435239965905,0,0.0,0.0
1061,0.000282964738307,0.0001476050068696,0,0.0,0.0
1062,0.0001815820632745,0.0001836125072156,0,0.0,0.0
1063,0.0001605646814218,7.35845749206523e-05,0,0.0,0.0
1064,0.0004146335540274,0.0001255085992085,0,0.0,0.0
1065,0.0010900238199196,0.0004670688434021,0,0.0,0.0
1066,0.0014332687961196,0.0001567181683007,0,0.0,0.0
1067,0.0005331749614216,0.0002626940842947,0,0.0,0.0
1068,0.0002920747356004,0.0005384548112762,0,0.0,0.0
1069,0.0002543937740602,0.0002181455830248,0,0.0,0.0
1070,0.0008278900175687,0.0004515826545513,0,0.0,0.0
1071,0.0011783799870597,0.0003181196638165,0,0.0,0.0
1072,0.0002517494561127,0.0001401720985413,0,0.0,0.0
1073,0.0014471877051975,6.596428572499348e-05,0,0.0,0.0
1074,0.0012847996746563,0.0001354813022154,0,0.0,0.0
1075,0.000418545569377,0.0001884519622274,0,0.0,0.0
1076,0.0003437055107695,8.470699160953641e-05,0,0.0,0.0
1077,0.0005134268416643,0.0001011096005797,0,0.0,0.0
1078,0.0004769070120831,4.852730112279184e-05,0,0.0,0.0
1079,7.294902706984278e-05,0.0001080667809967,0,0.0,0.0
1080,0.00019278905823,6.252578176692001e-05,0,0.0,0.0
1081,0.0002426172664521,3.364485905829831e-05,0,0.0,0.0
1082,0.0003379286827577,0.0001011645417522,0,0.0,0.0
1083,0.0005506969828272,0.0002333127339374,0,0.0,0.0
1084,0.0004835735404489,9.418156714444046e-05,0,0.0,0.0
1085,0.0002039194041059,4.506002726823028e-05,0,0.0,0.0
1086,0.0010496995053821,0.0001185509299481,0,0.0,0.0
1087,0.0008936172374293,3.1841299548275984e-05,0,0.0,0.0
1088,0.0002623867310776,9.7489710025339e-05,0,0.0,0.0
1089,4.456431063144416e-05,0.0002862667656658,0,0.0,0.0
1090,0.0005703260616147,0.0005841652167433,0,0.0,0.0
1091,0.0012727493426058,0.0006786675139809,0,0.0,0.0
1092,0.0014495056878028,0.0006378496249749,0,0.0,0.0
1093,0.0014419814673846,0.0001189960796357,0,0.0,0.0
1094,0.0002407750641182,0.0001038194163579,0,0.0,0.0
1095,0.0006471778942377,1.976627271147509e-05,0,0.0,0.0
1096,0.0011272730457954,0.0001572422618978,0,0.0,0.0
1097,0.0003752008899186,0.0007743218240483,0,0.0,0.0
1098,3.32193009090725e-05,0.00095858057911,0,0.0,0.0
1099,0.0002704466598697,0.0003867160957421,0,0.0,0.0
1100,0.0013828583542352,5.698899538233827e-05,0,0.0,0.0
1101,0.0019045788579173,0.0001518814435275,0,0.0,0.0
1102,0.0012846498215822,0.0002001734954236,0,0.0,0.0
1103,0.0008729958414074,6.762534374204178e-05,0,0.0,0.0
1104,0.0004265735861769,0.0002705645622457,0,0.0,0.0
1105,0.0003003540100508,0.000222158701368,0,0.0,0.0
1106,0.0008618256859241,0.0005872643355221,0,0.0,0.0
1107,0.0018024714202586,0.0005705175226852,0,0.0,0.0
1108,0.0010744380383424,0.0001178580558436,0,0.0,0.0
1109,0.0005739156948232,1.6869730274606602e-05,0,0.0,0.0
1110,0.0003140038311707,1.7431140387248873e-05,0,0.0,0.0
1111,0.0009425953625629,5.5077364011633934e-05,0,0.0,0.0
1112,0.0013121401576488,0.0003250486996939,0,0.0,0.0
1113,0.0023853620847144,0.0005227071923456,0,0.0,0.0
1114,0.000744204694705,0.0003449254291979,0,0.0,0.0
1115,0.000501005509833,0.0004389240247983,0,0.0,0.0
1116,0.0003157298490814,8.510119042325438e-05,0,0.0,0.0
1117,0.001648051553093,0.0005953701164248,0,0.0,0.0
1118,0.0022712824012307,0.0002283684343082,0,0.0,0.0
1119,0.0012771748876539,0.000217831495018,0,0.0,0.0
1120,0.0007940256570375,0.0004556582946941,0,0.0,0.0
1121,0.0015950907673137,0.0007138785343327,0,0.0,0.0
1122,0.0003852790893972,0.0002973941331825,0,0.0,0.0
1123,0.000628851603742,0.000185887212994,0,0.0,0.0
1124,0.000184366610385,1.7588670145678616e-05,0,0.0,0.0
1125,0.0007887188880665,0.0001322556445943,0,0.0,0.0
1126,0.0013748367474033,0.0001615008915913,0,0.0,0.0
1127,0.0009569976447786,0.0002222024067247,0,0.0,0.0
1128,0.0002515885955542,6.570168058767038e-05,0,0.0,0.0
1129,0.0008139831871516,0.0003447071754641,0,0.0,0.0
1130,0.001154724513496,0.0004946334922385,0,0.0,0.0
1131,0.0015223827955,0.0005175008155739,0,0.0,0.0
1132,0.001762984084984,0.0004515456098965,0,0.0,0.0
1133,0.0018961927309265,0.0006704259983654,0,0.0,0.0
1134,0.00225225205826,0.000894817436159,0,0.0,0.0
1135,0.0014380215119272,0.0003563737459545,0,0.0,0.0
1136,0.0009744753622178,0.0002546278778483,0,0.0,0.0
1137,0.0010951264711707,0.0001220229580189,0,0.0,0.0
1138,0.0011333661972532,0.0003298933293104,0,0.0,0.0
1139,0.0023438062724112,0.0002569473808105,0,0.0,0.0
1140,0.002296883042831,6.177384359000686e-05,0,0.0,0.0
1141,0.0022421456859684,0.0002823230621585,0,0.0,0.0
1142,0.0021834033575549,0.0001978177232376,0,0.0,0.0
1143,0.0016544855397842,0.0002094606497247,0,0.0,0.0
1144,0.0011313679077007,0.0002314208808915,0,0.0,0.0
1145,0.0016976099949388,8.366489662994654e-05,0,0.0,0.0
1146,0.0020112329352094,0.0001240827946847,0,0.0,0.0
1147,0.000894293490044,0.000104112605449,0,0.0,0.0
1148,0.0013861138232861,0.0003284358401221,0,0.0,0.0
1149,0.0018256312582449,0.0002034246405042,0,0.0,0.0
1150,0.0017556013771664,0.0004291023244146,0,0.0,0.0
1151,0.0005310620756594,0.0002728361994789,0,0.0,0.0
1152,0.0001092632370124,0.0001004151344551,0,0.0,0.0
1153,0.0004228605474808,1.2740900996117727e-05,0,0.0,0.0
1154,0.0004009012607183,6.215227810022934e-05,0,0.0,0.0
1155,0.0012248022777618,0.0001381414831701,0,0.0,0.0
1156,0.0016024960369655,7.45596071215144e-05,0,0.0,0.0
1157,0.0029677074553019,6.181274846743169e-05,0,0.0,0.0
1158,0.0030155673481107,9.127628105548575e-05,0,0.0,0.0
1159,0.0015549401900523,0.0001165322227224,0,0.0,0.0
1160,0.000887192882577,0.0004314141770561,0,0.0,0.0
1161,0.0009298829030363,0.0004825767165741,0,0.0,0.0
1162,0.0007165192294626,0.0005066543752781,0,0.0,0.0
1163,0.0015215269670653,0.0005504766189654,0,0.0,0.0
1164,0.001340760352433,0.0006859795943328,0,0.0,0.0
1165,0.0011012093981933,0.0007207011165834,0,0.0,0.0
1166,0.0015044592298747,0.0010048060116579,0,0.0,0.0
1167,0.0016889163085335,0.0016507801352646,0,0.0,0.0
1168,0.0018185936779975,0.0025596867636973,0,0.0,0.0
1169,0.0021086505379657,0.0019314553428684,0,0.0,0.0
1170,0.0021074517123406,0.0012134424701527,0,0.0,0.0
1171,0.0019733122459154,0.0017318068217328,0,0.0,0.0
1172,0.0015853324944157,0.0023695425832795,0,0.0,0.0
1173,0.0018711015715112,0.001608753538336,0,0.0,0.0
1174,0.001504712858659,0.0008166560370697,0,0.0,0.0
1175,0.001319092809605,0.0001077691598863,0,0.0,0.0
1176,0.0025070091830934,0.0009978061746131,0,0.0,0.0
1177,0.0033471610344972,0.0007548554487453,0,0.0,0.0
1178,0.0054937450099289,0.0006846446741165,0,0.0,0.0
1179,0.0045084697099976,0.0013858915030201,0,0.0,0.0
1180,0.0037718433138989,0.0019339480230722,0,0.0,0.0
1181,0.0036199970719617,0.002174287182482,0,0.0,0.0
1182,0.0032895426731314,0.0023038289385583,0,0.0,0.0
1183,0.0018278227511569,0.0020471948034334,0,0.0,0.0
1184,0.0020659355256487,0.0007024531771757,0,0.0,0.0
1185,0.0015163092983412,0.0011273612729023,0,0.0,0.0
1186,0.000624799353226,0.0005373778991388,0,0.0,0.0
1187,0.0020906022502613,0.0005068934145897,0,0.0,0.0
1188,0.0037977676289529,0.0012061548863565,0,0.0,0.0
1189,0.0027055990537313,0.0008432021520456,0,0.0,0.0
1190,0.000896632000454,0.0005779061745621,0,0.0,0.0
1191,0.0008195059658524,0.0004049819033376,0,0.0,0.0
1192,0.001270078699864,0.0005673815731285,0,0.0,0.0
1193,0.0004052910693141,0.0005880322647204,0,0.0,0.0
1194,0.000175734324333,0.0008185692445801,0,0.0,0.0
1195,0.0001807100687403,0.000752001181007,0,0.0,0.0
1196,0.0008599806453471,0.0005508665218219,0,0.0,0.0
1197,0.0020510087635779,7.970999069763143e-05,0,0.0,0.0
1198,0.0005113115880422,0.0001775746850249,0,0.0,0.0
1199,0.0002710836967773,0.0003594789857762,0,0.0,0.0
1200,0.0015244945173436,0.0006342235607572,0,0.0,0.0
1201,0.002111424436593,0.0004615518075333,0,0.0,0.0
1202,0.0003067220899337,0.000187846688475,0,0.0,0.0
1203,0.0016778793475955,0.0003546450722635,0,0.0,0.0
1204,0.0011324918059986,0.0001043740280077,0,0.0,0.0
1205,0.0009219299197571,0.0001122902420395,0,0.0,0.0
1206,0.0018026777323215,0.0003074837717877,0,0.0,0.0
1207,0.0004894418464589,0.0002737994591953,0,0.0,0.0
1208,1.5320271117649838e-05,0.0001013476307657,0,0.0,0.0
1209,0.0002227507916499,0.0002467087681649,0,0.0,0.0
1210,0.0005465936949229,0.0001030706611553,0,0.0,0.0
1211,0.0003670592185884,1.9754222014547884e-05,0,0.0,0.0
1212,0.0001003046768719,7.435226422043498e-05,0,0.0,0.0
1213,0.0006032238576567,0.0001244696735991,0,0.0,0.0
1214,0.0001651887263367,0.000113867578331,0,0.0,0.0
1215,0.0003749302283968,0.0005342399230147,0,0.0,0.0
1216,0.0007605289143529,0.0007068061023443,0,0.0,0.0
1217,0.0012564348280167,0.0005595335113329,0,0.0,0.0
1218,0.0012917288425374,0.0002126567046734,0,0.0,0.0
1219,0.0005693953120386,0.0002135254882659,0,0.0,0.0
1220,0.0004417423966163,0.000263322929416,0,0.0,0.0
1221,0.0018864305138345,0.0002552819049934,0,0.0,0.0
1222,0.0019579175050624,0.00053148688283,0,0.0,0.0
1223,0.0027623073413265,0.0005718836520289,0,0.0,0.0
1224,0.0012401974717515,0.0004034976576302,0,0.0,0.0
1225,0.000837412093564,0.000367378613225,0,0.0,0.0
1226,0.002489267402851,0.0005467826856281,0,0.0,0.0
1227,0.0031761936236196,0.000554074104524,0,0.0,0.0
1228,0.0012806528047001,0.0006855841439039,0,0.0,0.0
1229,0.0028417132291622,0.0004062569521954,0,0.0,0.0
1230,0.0037054918814951,0.0005726512006955,0,0.0,0.0
1231,0.0029199569037067,0.0005921683450315,0,0.0,0.0
1232,0.0021699559237671,0.0001730157789464,0,0.0,0.0
1233,0.0011981506013696,7.065257832042958e-05,0,0.0,0.0
1234,0.0006311782973635,0.0001388067134076,0,0.0,0.0
1235,0.0002988662213649,0.0001160061202745,0,0.0,0.0
1236,0.0011820387546275,0.0003123004608777,0,0.0,0.0
1237,0.0009204440380081,0.0005949099850513,0,0.0,0.0
1238,0.000332221441587,0.0004850292916985,0,0.0,0.0
1239,0.0008428254175723,0.0002668884489233,0,0.0,0.0
1240,0.0001524251416742,0.0001784109173334,0,0.0,0.0
1241,0.0003137390897288,0.0001663218207091,0,0.0,0.0
1242,0.0001155309911904,7.545231934999699e-05,0,0.0,0.0
1243,0.0008865634432435,0.0001747583092482,0,0.0,0.0
1244,0.0031503900916636,0.0006138966403969,0,0.0,0.0
1245,0.0022724289758807,0.0002430745709702,0,0.0,0.0
1246,0.0023728111783505,0.000383733818305,0,0.0,0.0
1247,0.0013664931960252,0.0006276917986076,0,0.0,0.0
1248,0.001132302384125,0.0008846291319055,0,0.0,0.0
1249,0.0031876776768308,0.001048137506798,0,0.0,0.0
1250,0.0075804167110846,0.0007169646707565,0,0.0,0.0
1251,0.002668398268786,0.0005681871715364,0,0.0,0.0
1252,0.0010817832073584,0.0007118420179682,0,0.0,0.0
1253,0.0012947968054841,0.0002060358496637,0,0.0,0.0
1254,0.0017177283510636,0.0002391009570019,0,0.0,0.0
1255,0.0035541659870496,0.0004605422134461,0,0.0,0.0
1256,0.0033932076073625,0.0004794623032994,0,0.0,0.0
1257,0.0028470505757544,0.0005402050238264,0,0.0,0.0
1258,0.0023883853595488,0.0008586358613462,0,0.0,0.0
1259,0.0025674077839537,0.0009153139407057,0,0.0,0.0
1260,0.0025906106932235,0.0005058729357888,0,0.0,0.0
1261,0.0022000963578141,0.0008008769075025,0,0.0,0.0
1262,0.0014364749525264,0.0001898984767936,0,0.0,0.0
1263,0.0013289263095153,8.417136488749299e-05,0,0.0,0.0
1264,0.0018383924101151,0.0004552168287098,0,0.0,0.0
1265,0.0021794423785138,0.0009768672913623,0,0.0,0.0
1266,0.0012259276171645,0.0011198281168372,0,0.0,0.0
1267,0.0007712647253999,0.0003545812873078,0,0.0,0.0
1268,0.0016659654532502,0.0001479389863336,0,0.0,0.0
1269,0.0013214667817177,0.0008028608622174,0,0.0,0.0
1270,0.0014230753735774,0.0008186820105868,0,0.0,0.0
1271,0.0015654370056014,0.000768348725475,0,0.0,0.0
1272,0.0011485040977787,0.000781437779498,0,0.0,0.0
1273,0.0010196200417539,0.0008480441676154,0,0.0,0.0
1274,0.0010837262564695,0.0006141924543494,0,0.0,0.0
1275,0.0003653573990889,0.0008017526431304,0,0.0,0.0
1276,0.0014026084281111,0.0008177708769229,0,0.0,0.0
1277,0.0017217042850209,0.0004693547830475,0,0.0,0.0
1278,0.0011356854710847,6.574830632875507e-05,0,0.0,0.0
1279,0.0003654636402777,0.0002724192516439,0,0.0,0.0
1280,0.0010803754805845,0.0009310727735908,0,0.0,0.0
1281,0.0006354012198916,0.0005023710240415,0,0.0,0.0
1282,0.0001313984772314,0.0002740630123516,0,0.0,0.0
1283,0.0004765449585161,0.0001906802171044,0,0.0,0.0
1284,0.0003976407463318,0.0001771441435422,0,0.0,0.0
1285,0.0001591738983718,0.0004330525138485,0,0.0,0.0
1286,0.0001992804519798,0.0005061702272065,0,0.0,0.0
1287,0.0006391979621788,0.0007468419571184,0,0.0,0.0
1288,0.0001860690975407,0.0005879448747884,0,0.0,0.0
1289,0.0016902392878372,9.991943197073323e-05,0,0.0,0.0
1290,0.001793414388391,0.0001294814296006,0,0.0,0.0
1291,0.0008063594540057,0.000158292148382,0,0.0,0.0
1292,0.000910935470693,0.0008828296322553,0,0.0,0.0
1293,0.0027158401753146,0.0011744369437747,0,0.0,0.0
1294,0.003783740451445,0.0013787295882657,0,0.0,0.0
1295,0.00329730584438,0.0021895259321356,0,0.0,0.0
1296,0.0032747875509461,0.0025695770111472,0,0.0,0.0
1297,0.003569710124283,0.0025390510831135,0,0.0,0.0
1298,0.0028834501876519,0.0021721473210571,0,0.0,0.0
1299,0.0030492159753422,0.0021861238134289,0,0.0,0.0
1300,0.0028395646101945,0.0022379803262647,0,0.0,0.0
1301,0.0017743349416738,0.0022327288188524,0,0.0,0.0
1302,0.0015355910373118,0.002050152570565,0,0.0,0.0
1303,0.0014823862178534,0.0020289075106959,0,0.0,0.0
1304,0.0008334938722245,0.0013242855147606,0,0.0,0.0
1305,0.0009098978894855,0.0012368944118158,0,0.0,0.0
1306,0.0005812172314757,0.0005321659411158,0,0.0,0.0
1307,0.0015926362145363,0.0007422850219182,0,0.0,0.0
1308,0.0022022687882603,0.0010353306142085,0,0.0,0.0
1309,0.00117120234712,0.0004454907239661,0,0.0,0.0
1310,0.0009547601603545,8.515000087448923e-05,0,0.0,0.0
1311,0.0001389156026099,0.0002713097139596,0,0.0,0.0
1312,0.0017388155305899,0.000308504478987,0,0.0,0.0
1313,0.0019446825011105,0.0002166728042234,0,0.0,0.0
1314,0.0004095794014049,0.0005207322028078,0,0.0,0.0
1315,0.0005937506976188,6.878471419904018e-05,0,0.0,0.0
1316,0.0033039895678219,0.0007229558792969,0,0.0,0.0
1317,0.005082740372922,0.000569704910717,0,0.0,0.0
1318,0.0039412697346343,0.000247616950294,0,0.0,0.0
1319,0.0026960544167227,0.0002479847565619,0,0.0,0.0
1320,0.0027691309791179,0.0012932958969603,0,0.0,0.0
1321,0.0028106275360328,0.0019017987248492,0,0.0,0.0
1322,0.0038889350987034,0.0022132098921728,0,0.0,0.0
1323,0.0034206286463047,0.0019694460601783,0,0.0,0.0
1324,0.0036816180560415,0.0034849171149562,0,0.0,0.0
1325,0.0035862092987423,0.0037167675088447,0,0.0,0.0
1326,0.003434275086711,0.0034235472446404,0,0.0,0.0
1327,0.0037277073847749,0.0032778570010538,0,0.0,0.0
1328,0.0031089986343455,0.0030433814224913,0,0.0,0.0
1329,0.0039456099550419,0.0032760205723635,0,0.0,0.0
1330,0.0052408275056245,0.0027269322700643,0,0.0,0.0
1331,0.0042673229930543,0.0032465597002614,0,0.0,0.0
1332,0.0031860764465088,0.0033940668922862,0,0.0,0.0
1333,0.0032372912243301,0.0031392623153703,0,0.0,0.0
1334,0.0022858466382021,0.0022529933649345,0,0.0,0.20431918
1335,0.0036096819100086,0.001734099650915,0,0.0,0.4503815
1336,0.0042770112575653,0.0013874190883564,0,0.0,0.719211
1337,0.0029451133978879,0.0014588095015713,0,0.0,0.86661685
1338,0.0022854547936409,0.0010636626491861,0,0.0,0.92269826
1339,0.0017394307620031,0.0008042669150483,0,0.0,0.9445196
1340,0.0005957429108181,0.0005456374528691,0,0.0,0.95022213
1341,0.000871721306994,0.0003052126810973,0,0.0,0.94807935
1342,0.0004556681141485,0.0002045645938047,0,0.0,0.94216496
1343,0.0008888999962221,0.0001227475285759,0,0.0,0.9188473
1344,0.0045930672168299,0.0002025449079328,0,0.0,0.8451704
1345,0.0051275484896281,0.0006014579230822,0,0.0,0.6084761
1346,0.0052385377277955,0.0004328750115246,0,0.0,0.27248588
1347,0.0045089946789635,0.0004929456420891,0,0.0,0.0
1348,0.003652285610812,0.0007363825961315,0,0.0,0.0
1349,0.0028436531726858,0.0003753192142014,0,0.0,0.0
1350,0.0029603490781463,0.0015413340608499,0,0.0,0.0
1351,0.0038388069756033,0.0026330697629022,0,0.0,0.0
1352,0.0037781200759596,0.0038233486411006,0,0.0,0.0
1353,0.0042511770507321,0.0041995876089092,0,0.0,0.0
1354,0.0037333123408777,0.0041220869285454,0,0.0,0.0
1355,0.0035217138922151,0.0037146150322689,0,0.0,0.0
1356,0.0041272957907858,0.0033961504423085,0,0.0,0.0
1357,0.0036180652261004,0.0030263024380432,0,0.0,0.0
1358,0.0036512905516922,0.0035841770010222,0,0.0,0.0
1359,0.004498324840363,0.0040317353275338,0,0.0,0.0
1360,0.0038486975332544,0.0048680006508966,0,0.0,0.0
1361,0.0041652396660693,0.0042084957832782,0,0.0,0.0
1362,0.0038200716646274,0.0035549139884348,0,0.0,0.0
1363,0.0028234268115193,0.0034852864907835,0,0.0,0.0
1364,0.002508373937261,0.0029221754284991,0,0.0,0.0
1365,0.002125987706719,0.0022432016706018,0,0.0,0.0
1366,0.0009188189692172,0.0018166510702084,0,0.0,0.0
1367,0.0008286103236815,0.0018647270632992,0,0.0,0.0
1368,0.0001846497085076,0.0012367828690144,0,0.0,0.0
1369,0.0007011994140106,0.0003641921434623,0,0.0,0.0
1370,0.0008038787621874,0.0009893557857444,0,0.0,0.0
1371,0.0011797137327218,0.0015185314201504,0,0.0,0.0
1372,0.0010313884728183,0.0007228350794854,0,0.0,0.0
1373,0.0008506802644229,0.0003613009888239,0,0.0,0.0
1374,0.0025533231741429,0.0006929481770908,0,0.0,0.0
1375,0.0028466606287027,0.0007817535320944,0,0.0,0.0
1376,0.0024109468276446,0.0005079290060585,0,0.0,0.0
1377,0.0029781044920968,0.0003869146960749,0,0.0,0.0
1378,0.0017284720466053,0.000663645894067,0,0.0,0.0
1379,0.000994826074251,0.0002184478739444,0,0.0,0.0
1380,0.0024418923880198,0.0002559294651173,0,0.0,0.0
1381,7.355991594713885e-05,0.0004183672637906,0,0.0,0.0
1382,0.0027938447479271,2.179008534838929e-05,0,0.0,0.0
1383,0.0029214618910201,0.0005660042826147,0,0.0,0.0
1384,0.0025598839102595,0.0008639609604432,0,0.0,0.0
1385,0.0034594901198453,0.0007329077442367,0,0.0,0.0
1386,0.003315660920555,0.0015098900219551,0,0.0,0.0
1387,0.0025867623381642,0.0015781677270152,0,0.0,0.0
1388,0.0025137323345598,0.0013194602400613,0,0.0,0.0
1389,0.0015688818862669,0.0012972684891569,0,0.0,0.0
1390,0.0005214559423162,0.0013734472193619,0,0.0,0.0
1391,0.0013224622160462,0.0004376066945689,0,0.0,0.0
1392,0.0020407258324374,0.000581724710065,0,0.0,0.0
1393,0.0027945007194217,0.0005779897314624,0,0.0,0.0
1394,0.0017494340943209,0.0005060797890444,0,0.0,0.0
1395,0.0008770748789917,0.0002960620555818,0,0.0,0.0
1396,0.0010990259894085,0.000371250477969,0,0.0,0.0
1397,0.0020881641411372,0.0006456775064045,0,0.0,0.0
1398,0.0033776547409024,0.0014348460006331,0,0.0,0.0
1399,0.0044925033846027,0.0014730989151238,0,0.0,0.0
1400,0.0048574226538691,0.0003656014897003,0,0.0,0.0
1401,0.0033986624090494,7.001406637325077e-05,0,0.0,0.0
1402,0.0019189283754376,0.0001697191367971,0,0.0,0.0
1403,0.0013629455246563,3.0629960780863314e-06,0,0.0,0.0
1404,0.0016865219120637,0.0002050895700503,0,0.0,0.0
1405,0.0010756758415417,0.0003297306850792,0,0.0,0.0
1406,0.0002672727197602,0.0001467299581332,0,0.0,0.0
1407,3.023985961957425e-05,3.6599216747975694e-05,0,0.0,0.0
1408,0.0007005688685193,9.631098569091182e-05,0,0.0,0.0
1409,0.0022082130349866,0.0001983809892022,0,0.0,0.0
1410,0.0012226681779057,0.0003035228237552,0,0.0,0.0
1411,0.0005572301860899,0.0009630614392704,0,0.0,0.0
1412,0.0008422098345076,0.0012814287023883,0,0.0,0.0
1413,0.0009755505875204,0.0007390820114146,0,0.0,0.0
1414,0.0011224416670412,0.0005469074000226,0,0.0,0.0
1415,0.0005677386714044,0.0003095200124593,0,0.0,0.0
1416,0.0001873616430208,0.0001164740162785,0,0.0,0.0
1417,0.0002275931183498,0.000209326896678,0,0.0,0.0
1418,0.0016857601294722,0.0005288088760622,0,0.0,0.0
1419,0.0035828291575126,0.0010957709814052,0,0.0,0.0
1420,0.0038507838640833,0.000602745105872,0,0.0,0.0
1421,0.0033540544369653,0.0001728749535268,0,0.0,0.0
1422,0.0028199117900762,1.3121524867666631e-05,0,0.0,0.0
1423,0.0032031789902296,0.0001787144695289,0,0.0,0.0
1424,0.004335882946182,0.0006998078122229,0,0.0,0.0
1425,0.0045745047553874,0.0014891324466958,0,0.0,0.0
1426,0.0027148439858905,0.0020185969474786,0,0.0,0.0
1427,0.0026172594218811,0.002267975893175,0,0.0,0.0
1428,0.0015669306966088,0.0012567580572147,0,0.0,0.0
1429,0.0020483321067098,0.000634925943067,0,0.0,0.0
1430,0.0020795645490378,0.0012228834452352,0,0.0,0.0
1431,0.00188473657089,0.0010279859485926,0,0.0,0.0
1432,0.0007341391070168,0.0011962774456305,0,0.0,0.0
1433,0.0011760573396591,0.0010516404551104,0,0.0,0.0
1434,0.0013899537241724,0.0004079464768068,0,0.0,0.0
1435,0.0006852288430753,0.0004201053929459,0,0.0,0.0
1436,0.0005305196782747,0.001737159896239,0,0.0,0.0
1437,0.0011990427428449,0.0023539237224026,0,0.0,0.0
1438,0.0014851213867281,0.0020899573596923,0,0.0,0.0
1439,0.0010713874960576,0.0010948359357711,0,0.0,0.0
1440,0.0016710289759103,0.0014688528301111,0,0.0,0.0
1441,0.0028156909323476,0.0020526619336664,0,0.0,0.0
1442,0.0027778005524356,0.0021903741933267,0,0.0,0.0
1443,0.0037430330968883,0.0023141307250113,0,0.0,0.0
1444,0.0030313537899284,0.0025067270121531,0,0.0,0.0
1445,0.0030689350036182,0.0026683773624835,0,0.0,0.0
1446,0.00326147427251,0.0025335555677493,0,0.0,0.0
1447,0.0030743384477298,0.0021835018459915,0,0.0,0.0
1448,0.0035500088777187,0.0022347236353286,0,0.0,0.0
1449,0.0032250031344898,0.0023515679124884,0,0.0,0.0
1450,0.0022580184607009,0.0019595899383096,0,0.0,0.0
1451,0.0021167263605624,0.00111343927598,0,0.0,0.0
1452,0.0018392382981766,0.001263859357031,0,0.0,0.0
1453,0.0012156368562564,0.0012492728470792,0,0.0,0.0
1454,0.001007110170591,0.0010015292626673,0,0.0,0.0
1455,0.0008539721285099,0.0010308300468933,0,0.0,0.0
1456,0.0003675729964202,0.000850011042727,0,0.0,0.0
1457,0.0006962104327199,0.0004436220025945,0,0.0,0.0
1458,0.0017846457889793,0.0013432648866736,0,0.0,0.0
1459,0.0029681007243273,0.0018667676472313,0,0.0,0.0
1460,0.001682228405666,0.0011228110711203,0,0.0,0.0
1461,0.0003895705881169,0.0011374794364849,0,0.0,0.0
1462,0.0001685029270287,0.0005755408947959,0,0.0,0.0
1463,5.3782949472859474e-05,0.000259650866473,0,0.0,0.0
1464,0.0006880072435503,0.0001465149410186,0,0.0,0.0
1465,0.0020072930286251,0.000903338200438,0,0.0,0.0
1466,0.0031817192036501,0.0017173806702887,0,0.0,0.0
1467,0.0032586744447809,0.0018002498129616,0,0.0,0.0
1468,0.0038321858545108,0.0019972426180262,0,0.0,0.0
1469,0.0028820052695861,0.0008916547062308,0,0.0,0.0
1470,0.0013122575623185,0.0005660427327717,0,0.0,0.0
1471,0.0008605812986652,0.0007254552644244,0,0.0,0.0
1472,0.0016341199271073,0.0006425244161962,0,0.0,0.0
1473,0.0006064469067888,0.0003334708185397,0,0.0,0.0
1474,0.0001859005484062,0.0001519798278149,0,0.0,0.0
1475,0.0013469816720084,0.0010237603324796,0,0.0,0.0
1476,0.0024314560395049,0.0010215212191301,0,0.0,0.0
1477,0.0029705658081442,0.0005648516965717,0,0.0,0.0
1478,0.0043225077373317,0.0009433261829272,0,0.0,0.0
1479,0.0036594632120667,0.0009968889069934,0,0.0,0.0
1480,0.0027785153203424,0.0011424805836441,0,0.0,0.0
1481,0.003858802444559,0.0018082948104759,0,0.0,0.0
1482,0.004558773841768,0.0019009773458014,0,0.0,0.0
1483,0.0053136663470993,0.0018173333019169,0,0.0,0.0
1484,0.0057074250847456,0.0010739789861814,0,0.0,0.49426743
1485,0.0042894475894738,0.000393955296541,0,0.0,0.7798414
1486,0.0022387361046514,2.611239889152601e-05,0,0.0,0.8460933
1487,0.0012097741216287,0.0002153048022334,0,0.0,0.86781716
1488,0.0002307597310445,0.0003059459344378,0,0.0,0.87231165
1489,0.0010653868279126,0.0003420669720621,0,0.0,0.8724649
1490,0.0005690395989616,0.0002376287782915,0,0.0,0.87406236
1491,0.0016285748836779,0.000629774863617,0,0.0,0.87851745
1492,0.0006668773996183,0.0003212648525509,0,0.0,0.88431287
1493,0.0002582571250812,0.0003568420417616,0,0.0,0.8877509
1494,0.0002620279780135,0.0005573120545437,0,0.0,0.8949443
1495,0.0008239210662467,0.0006127175268699,0,0.0,0.9018915
1496,0.0009550474272952,0.0008258421650249,0,0.0,0.9073717
1497,0.0001782760511494,0.0008417943922113,0,0.0,0.91234696
1498,0.0011458117355415,0.0004185686659553,0,0.0,0.91513807
1499,0.0004090985724656,0.0007188382538959,0,0.0,0.9182442
1500,0.0009593211239615,0.0013763003514836,0,0.0,0.9191175
1501,0.0014514431237355,0.0012652185623309,0,0.0,0.9183486
1502,0.0016595748510051,0.0006861769853757,0,0.0,0.9180044
1503,0.0007292101319159,0.0003482883943232,0,0.0,0.9180444
1504,0.0001204081322214,0.000802466796101,0,0.0,0.9144156
1505,0.0001847081051044,0.0002547889600774,0,0.0,0.9126112
1506,0.000446738651458,0.0002330357343811,0,0.0,0.90964335
1507,0.0003757141717819,0.0001454484186024,0,0.0,0.90313977
1508,0.0001045827246209,0.0003113807001094,0,0.0,0.9012358
1509,0.000249395837695,0.0003281532169143,0,0.0,0.90043825
1510,0.0003740258826879,0.0004958758263271,0,0.0,0.9009811
1511,0.000174573985837,0.0004225234791214,0,0.0,0.90100294
1512,0.0004433538734064,0.00045157980935,0,0.0,0.90026355
1513,0.0003224995448906,0.0001593811346933,0,0.0,0.9007397
1514,0.0001217128903108,4.775027079945385e-05,0,0.0,0.90244883
1515,6.599314789872138e-05,2.446007975341159e-05,0,0.0,0.90295386
1516,0.0001609561003442,2.167430684243468e-05,0,0.0,0.90423113
1517,9.014491350743682e-05,2.024434274017985e-05,0,0.0,0.9066154
1518,0.0001134804682573,6.949045884994528e-05,0,0.0,0.9079293
1519,0.0005360468382533,3.942134817210387e-05,0,0.0,0.9107455
1520,0.0012330380539926,0.0001499057345233,0,0.0,0.91357356
1521,0.0003679219637691,0.0001669691759843,0,0.0,0.914806
1522,9.339167075767152e-05,0.0004864889535679,0,0.0,0.9122873
1523,0.000160360819096,0.0002013814465753,0,0.0,0.9096457
1524,0.0006899663693954,0.0004671784044808,0,0.0,0.90465254
1525,0.0014094014362131,0.0005837776780961,0,0.0,0.8996074
1526,0.0008109619616752,0.0005000027108934,0,0.0,0.8965881
1527,0.0006496928841156,0.0004895985032349,0,0.0,0.8963061
1528,0.0007881678312586,0.0006075297877386,0,0.0,0.8976594
1529,0.0003010689659,0.0007401499104235,0,0.0,0.89987665
1530,0.0001071684236349,0.0001780157625713,0,0.0,0.9026587
1531,0.0005590997133731,0.0010086600322202,0,0.0,0.9058236
1532,0.0001461024596278,0.0005651932592033,0,0.0,0.9080798
1533,7.386904896605469e-05,0.0003414028594269,0,0.0,0.9104888
1534,0.0001384051479265,0.0003615089533577,0,0.0,0.9133914
1535,0.0001987846980174,0.0004638921537633,0,0.0,0.9170444
1536,0.0005127046744746,0.0005711726658553,0,0.0,0.9206353
1537,0.0001593851885772,0.0004982177242533,0,0.0,0.9235064
1538,0.000396213717363,0.0002470224605804,0,0.0,0.9242516
1539,0.0002161645027169,6.0553151428672784e-05,0,0.0,0.92511165
1540,0.0001794286111027,0.0002705649658287,0,0.0,0.92457396
1541,4.2394413835252126e-05,0.0001698783339622,0,0.0,0.9231304
1542,8.137292680653186e-05,0.0001398760396095,0,0.0,0.9217963
1543,0.0002495238174681,0.0003691822714664,0,0.0,0.9210694
1544,0.0004571097671392,0.0001684189806746,0,0.0,0.920151
1545,0.0005936406962772,8.150575028586803e-05,0,0.0,0.9196371
1546,0.0001014142780287,2.0633692668388928e-05,0,0.0,0.92005026
1547,0.0008092468374812,0.0001275587476499,0,0.0,0.9192788
1548,0.0003830676337326,0.0001078598333312,0,0.0,0.9185449
1549,0.0005335237213443,0.0001567792530823,0,0.0,0.91884685
1550,0.0003322693288736,9.1229299517449e-05,0,0.0,0.91818184
1551,7.043741482593135e-05,2.221140983599008e-05,0,0.0,0.91823775
1552,3.5543789563173e-05,5.48001755737908e-05,0,0.0,0.9176773
1553,7.075863615422513e-05,0.0002573830565055,0,0.0,0.9161669
1554,0.0002090502498858,0.0001782307795795,0,0.0,0.9157729
1555,0.0002165239586885,9.907199447162468e-05,0,0.0,0.9157501
1556,8.1749641294716e-05,5.049312626475533e-05,0,0.0,0.9150115
1557,6.569325069869205e-05,0.0001677261821982,0,0.0,0.9142447
1558,4.974739779623863e-05,0.0004942338379995,1,0.0,0.9129506
1559,0.0001593641620061,0.0001376927359033,1,0.0,0.91140485
1560,0.0001712940688513,8.0798386957764e-05,1,0.0,0.9105347
1561,0.0001853235781021,8.139219337003061e-05,1,0.0,0.90921414
1562,0.0002217077724011,5.6399009263825424e-05,1,0.0,0.90912145
1563,0.0002179331634283,9.202318578155391e-05,1,0.0,0.909109
1564,0.0001429894299429,2.644439135077633e-05,1,0.0,0.908829
1565,0.0001619224427043,0.0001084410986789,1,0.0,0.9088723
1566,9.088894248289894e-05,2.334425788820728e-05,1,0.0,0.90839416
1567,0.000122909423201,8.90363475541809e-05,1,0.0,0.90789866
1568,0.0004346634734053,2.220140992409739e-05,1,0.0,0.9076661
1569,3.9342504999803765e-05,3.044753473812536e-05,1,0.0,0.9077457
1570,0.0003054912980995,9.589478710160593e-05,1,0.0,0.9065588
1571,0.0001838885466844,8.92939663626781e-05,1,0.0,0.90611076
1572,1.0205437764671404e-05,3.867368385447015e-05,1,0.0,0.9058008
1573,0.0001022990120975,5.58823919221743e-05,1,0.0,0.9046375
1574,7.390569987684401e-05,2.226741427298822e-05,1,0.0,0.90370905
1575,3.298964549007977e-05,7.384750736808473e-05,1,0.0,0.90234333
1576,4.972623341720081e-05,6.0660132469557566e-05,1,0.0,0.90073824
1577,1.8415742935214927e-05,1.672380289005036e-05,0,0.0,0.9009602
1578,6.90909424012926e-05,3.9897970358412974e-05,0,0.0,0.9018169
1579,0.000291555100691,5.820917959162375e-05,0,0.0,0.9024202
1580,0.0002374707678874,5.534068888186389e-05,0,0.0,0.903216
1581,0.0001564440968217,2.577456892631555e-05,0,0.0,0.90438426
1582,0.0001922961413148,0.0001027627548909,0,0.0,0.90528506
1583,0.0007578159383888,0.0001293476438509,0,0.0,0.9058939
1584,0.0002895656029898,0.0001310883282702,0,0.0,0.90613127
1585,0.0001302655853991,0.000184767463052,0,0.0,0.90482926
1586,0.0002112685311941,0.0002028330601365,0,0.0,0.90260327
1587,6.286004618035765e-05,4.148270647369043e-05,0,0.0,0.90078413
1588,0.00031119113837,8.268415574361281e-05,0,0.0,0.8982092
1589,0.0002617166457252,5.2759287852382224e-05,0,0.0,0.89473206
1590,0.0003174554241925,0.0001398625657678,0,0.0,0.8929074
1591,0.0007640934391928,0.0002056804224487,0,0.0,0.89263517
1592,0.0006350647362105,0.0001372293418104,0,0.0,0.892817
1593,0.0003328816524273,0.0002398067727153,0,0.0,0.893612
1594,7.456426666682358e-05,0.000215016233445,0,0.0,0.8963852
1595,0.000517888593636,9.517165955303504e-05,0,0.0,0.8982489
1596,0.0001623334726859,1.102523170234904e-05,0,0.0,0.8996096
1597,0.0004022066500892,1.979881724095185e-05,0,0.0,0.90099156
1598,0.0003914256096683,5.597717090571244e-05,0,0.0,0.9016646
1599,0.0005463322677004,5.610829939277724e-05,0,0.0,0.90305644
1600,0.0007654421837176,1.0897080776075669e-05,0,0.0,0.90529656
1601,0.0005910184327763,9.96488766062487e-05,0,0.0,0.9072195
1602,6.054144075996653e-05,8.981104812636591e-05,0,0.0,0.90877205
1603,0.000891095517415,7.07990383366894e-05,0,0.0,0.90955573
1604,0.0010380304451262,0.0001378264942027,0,0.0,0.9091927
1605,0.0005086825555669,5.15026104912389e-05,0,0.0,0.9077651
1606,0.000168218660958,1.6983189375511773e-05,0,0.0,0.90623325
1607,0.0002326953004395,3.431049681207806e-05,0,0.0,0.90510815
1608,0.0001131936304745,7.576245572051213e-05,0,0.0,0.9039141
1609,0.0002990775338443,7.127208849093915e-05,0,0.0,0.90337855
1610,0.0006670185496852,0.0001498190345506,0,0.0,0.9025554
1611,0.000290856036551,0.0001049658577626,0,0.0,0.90188026
1612,0.0001613166272695,2.4931795752092646e-05,0,0.0,0.9008341
1613,0.0002931565170194,1.568457720145015e-05,0,0.0,0.9009444
1614,0.0003021381172369,6.912833312424915e-05,0,0.0,0.9023405
1615,0.0001466896326285,0.0001643849683563,0,0.0,0.90231186
1616,0.0003674604399423,0.0001149078476832,0,0.0,0.9028354
1617,0.0011911442337945,0.0002675343305176,0,0.0,0.9029511
1618,0.0004786758045869,0.0002202205698314,0,0.0,0.9022891
1619,0.0001438932516098,0.0001825890134869,0,0.0,0.8998869
1620,0.000140894576273,0.0001208059866069,0,0.0,0.89753747
1621,0.0005068902013515,9.677350155624546e-05,0,0.0,0.89557564
1622,0.0006385185290873,0.0001760351942296,0,0.0,0.89510363
1623,0.0004164172567507,0.0002555610337403,0,0.0,0.89443845
1624,0.0003766979092755,0.0002175654620387,0,0.0,0.89532495
1625,0.0004206567449002,0.0002463314766667,0,0.0,0.8976468
1626,0.0004818534454955,0.0002367274898891,0,0.0,0.9005436
1627,7.645916948923933e-05,0.0001098071881317,0,0.0,0.90381694
1628,0.0005665629631299,0.0001302320747785,0,0.0,0.9061416
1629,0.00032379356267,3.4932843381429835e-05,0,0.0,0.9091189
1630,0.0006578513516166,3.275590283747881e-05,0,0.0,0.9105579
1631,0.0003909262176236,0.0001116006672645,0,0.0,0.9103716
1632,0.0002232007409696,9.78169885985426e-05,0,0.0,0.91069984
1633,0.0001985588949185,1.949111178619182e-05,0,0.0,0.9105624
1634,0.0006458448886887,5.570008055336376e-05,0,0.0,0.9095154
1635,0.0013515962130303,0.000262030291987,0,0.0,0.9087538
1636,0.0004887286376489,0.0002342677143087,0,0.0,0.9084962
1637,0.000202602680599,0.0001647773206925,0,0.0,0.90700954
1638,5.785233414446718e-05,0.0001830488889332,0,0.0,0.90477973
1639,0.0001257079266144,0.000240113890384,0,0.0,0.90212286
1640,0.0004848358247736,0.0001109494165579,0,0.0,0.8988203
1641,0.0004393319645222,0.0001436476201936,0,0.0,0.895223
1642,0.0006062501879571,0.0001011997446587,0,0.0,0.8952408
1643,0.0003416283964219,3.455101300127658e-05,0,0.0,0.8962974
1644,0.0003005934021431,0.0001712707384626,0,0.0,0.897171
1645,0.0005329394810533,0.0003786140852488,0,0.0,0.90149367
1646,0.0013114918100382,0.000553016297975,0,0.0,0.9087587
1647,0.0012203198604547,0.0001262433785505,0,0.0,0.9159964
1648,0.0006433074943333,7.202386636510819e-05,0,0.0,0.9248234
1649,0.0011217189332581,0.0002741422723239,0,0.0,0.9373586
1650,0.0013122346677018,5.330011152504315e-05,0,0.0,0.9484345
1651,0.0018671782799568,0.0001831828007053,0,0.0,0.95979315
1652,0.0025621830115445,0.0004697242376461,0,0.0,0.96992314
1653,0.0013915141937801,0.0001492028628207,0,0.0,0.9755031
1654,0.0010713866506302,4.2891191328341984e-05,0,0.0,0.9775198
1655,0.0006248895073588,9.363324964329688e-05,0,0.0,0.9789243
1656,0.0002117513224319,0.0003571967871681,0,0.0,0.9796353
1657,0.0001724227890386,0.0003864433579608,0,0.0,0.9798251
1658,0.0008357127845287,0.000207946072726,0,0.0,0.9792619
1659,0.0003663096640447,3.0454521190584685e-05,0,0.0,0.9785818
1660,0.0001968212391075,0.0002225968566174,0,0.0,0.9777355
1661,0.0004884737706521,0.0002077620290118,0,0.0,0.97650206
1662,0.0005455746124754,0.000223577029845,0,0.0,0.9749639
1663,0.001050788278421,0.0003067104650582,0,0.0,0.9738222
1664,0.0008057532887022,0.0003891610350772,0,0.0,0.9733534
1665,0.0003652385680462,0.0002999837601332,0,0.0,0.973721
1666,0.000659324607397,0.0002342220249647,0,0.0,0.9749861
1667,0.0009313014537171,0.0004899165970217,0,0.0,0.97706705
1668,0.0007076002570076,0.000687778230131,0,0.0,0.98075354
1669,0.0012195330069696,0.0009364617846859,0,0.0,0.9836688
1670,0.001362111849582,0.0018678771044656,0,0.0,0.98593044
1671,0.0007396745174874,0.0014658026278563,0,0.0,0.9884374
1672,0.0016956124732618,0.0011570851769529,0,0.0,0.9891446
1673,0.0035128285985239,0.001565866830885,0,0.0,0.98995864
1674,0.0030105099991829,0.0016859851931916,0,0.0,0.991162
1675,0.0027486175327686,0.0014012630875421,0,0.0,0.99167997
1676,0.0025046944367823,0.0015874534428367,0,0.0,0.9918326
1677,0.0028594324113752,0.0010803578382444,0,0.0,0.99179775
1678,0.0013936018170369,0.00119693368418,0,0.0,0.991468
1679,0.0023621689083302,0.0007374572140451,0,0.0,0.9909682
1680,0.001560850345075,0.0013267647599799,0,0.0,0.9907219
1681,0.0014545625939122,0.0011783128322362,0,0.0,0.9902705
1682,0.0007800065088093,0.0005535243502109,0,0.0,0.9895491
1683,0.0003460797641164,0.0004101489451491,0,0.0,0.98884773
1684,0.0021555317710444,0.0008890734509382,0,0.0,0.9857466
1685,0.0035786216623319,0.0010115834822356,0,0.0,0.9802176
1686,0.0023090037940076,0.0003748191892164,0,0.0,0.97287214
1687,0.0022970619196047,0.0001898998234826,0,0.0,0.9615874
1688,0.0011149477569172,0.0001561118804698,0,0.0,0.94022137
1689,0.0002203444645993,0.0005301968723821,0,0.0,0.8860011
1690,0.0004371449780879,0.0006575879267948,0,0.0,0.89132315
1691,0.0017427843699112,0.0018222020216962,0,0.0,0.93545806
1692,0.0047999525567632,0.00214637596892,0,0.0,0.971712
1693,0.00950771355495,0.0035769173327174,0,0.0,0.9861737
1694,0.0073124064776516,0.0037640326887991,0,0.0,0.9892422
1695,0.0052147242705997,0.0033329528268831,0,0.0,0.9895669
1696,0.0053872508578053,0.0024531345136296,0,0.0,0.98910266
1697,0.006695721797965,0.0021212416809231,0,0.0,0.98673296
1698,0.0043851036133352,0.0018090420849812,0,0.0,0.98173743
1699,0.0032896192479787,0.000292683314854,0,0.0,0.97295487
1700,0.0028114988590551,0.0010006959817894,0,0.0,0.95792484
1701,0.0015550535936638,0.0010938375659404,0,0.0,0.9360913
1702,0.0007717962040335,0.000646302455527,0,0.0,0.904601
1703,0.0005971898455523,0.0002148005940638,0,0.0,0.8607241
1704,0.0017451307768341,0.0001033437619328,0,0.0,0.79831463
1705,0.0039849957332288,0.0004778568798524,0,0.0,0.6575328
1706,0.0042497555660773,0.0001337856861523,0,0.0,0.39520153
1707,0.0029071607731967,0.0009039580344134,0,0.0,0.16030936
1708,0.0030534074792047,0.0012897579086804,0,0.0,0.0
1709,0.0028667999644837,0.0010117562990505,0,0.0,0.0
1710,0.0015811515892674,0.0015538335323773,0,0.0,0.0
1711,0.0022372559129678,0.001503102855413,0,0.0,0.0
1712,0.0038627155510511,0.0015210912465425,0,0.0,0.0
1713,0.0033960131443681,0.0015357850628856,0,0.0,0.0
1714,0.0034527277548329,0.0014678763642324,0,0.0,0.0
1715,0.0056343551052273,0.0021140591420866,0,0.0,0.0
1716,0.0050607734410457,0.0029703771778505,0,0.0,0.0
1717,0.0043528391525373,0.0034000426026913,0,0.0,0.0
1718,0.0032143029160751,0.0029204656646318,0,0.0,0.0
1719,0.0039000363825036,0.0016207588741055,0,0.0,0.0
1720,0.0034007401849713,0.0015950279911569,0,0.0,0.0
1721,0.001561783854985,0.0023792005094506,0,0.0,0.0
1722,0.0015467380895712,0.0027799483267287,0,0.0,0.0
1723,0.0018516205333122,0.0023556389988324,0,0.0,0.0
1724,0.0032286528255792,0.002605409822803,0,0.0,0.0
1725,0.0037727283911953,0.0032730749587963,0,0.0,0.0
1726,0.0040508994575719,0.0034654721048005,0,0.0,0.0
1727,0.0043271889278827,0.0040107710537021,0,0.0,0.0
1728,0.0028732538717772,0.0038588040308388,0,0.0,0.0
1729,0.003099956632884,0.0035439320613333,0,0.0,0.0
1730,0.0028903934096527,0.0030591510251301,0,0.0,0.0
1731,0.0030567573452598,0.0027146490929088,0,0.0,0.0
1732,0.0037904167716907,0.0032957906028835,0,0.0,0.0
1733,0.0048433573516522,0.0041568738831712,0,0.0,0.0
1734,0.0060684857309904,0.0053662755536623,0,0.0,0.0
1735,0.0056147523308475,0.0054628147279806,0,0.0,0.0
1736,0.0051506070017684,0.0039587567028245,0,0.0,0.0
1737,0.0046686045855177,0.0043673139463547,0,0.0,0.0
1738,0.0039973873985374,0.0055660850102085,0,0.0,0.0
1739,0.0042886884957004,0.0036875095194376,0,0.0,0.0
1740,0.0044011893091805,0.0046964149069075,0,0.20076196,0.0
1741,0.0032355961709244,0.0038231539117243,0,0.77244544,0.0
1742,0.0031625979643025,0.002987547686977,0,0.9213613,0.0
1743,0.0016661315923957,0.0008392135610364,0,0.9534305,0.0
1744,0.0007906887922572,0.0006460232353418,0,0.96117663,0.0
1745,0.0004545212206191,0.000411914283062,0,0.963088,0.0
1746,0.0005059951478065,0.0001227439590334,0,0.9620129,0.0
1747,0.0019638640908167,0.0001213002770496,0,0.95776397,0.0
1748,0.0006563696041009,0.0002635824174432,0,0.9473001,0.0
1749,0.000477493539006,0.0003626816477624,0,0.91619277,0.0
1750,0.0022736940139741,0.0003307544138164,0,0.7276492,0.0
1751,0.0062747363150482,1.01262761710362e-05,0,0.16286275,0.0
1752,0.0071459244672601,0.0003880673798036,0,0.0,0.0
1753,0.0030493462353244,0.0006626792485186,0,0.0,0.0
1754,0.0021968504316025,0.0006707227069077,0,0.0,0.0
1755,0.0045227714140963,0.0019872058054429,0,0.0,0.0
1756,0.0061099795504953,0.0040059057179207,0,0.0,0.0
1757,0.0066451218448579,0.0060387825500106,0,0.0,0.0
1758,0.0059257306609722,0.0058495730640455,0,0.0,0.0
1759,0.0059810970672172,0.0053809912636339,0,0.0,0.0
1760,0.0058691436137966,0.0051270502925871,0,0.0,0.0
1761,0.006146628030344,0.0050075897625469,0,0.0,0.0
1762,0.0061399548289177,0.0051588790076852,0,0.0,0.0
1763,0.0054255443316828,0.0058348682846334,0,0.0,0.0
1764,0.0048182891479663,0.0045904131672512,0,0.0,0.0
1765,0.0041879135586423,0.0032576046450303,0,0.0,0.0
1766,0.0029750118924098,0.0034424626403927,0,0.0,0.0
1767,0.0027725047434926,0.0054612921596902,0,0.0,0.0
1768,0.0029246530217581,0.0059053651658675,0,0.0,0.0
1769,0.0035459156737356,0.0053598165313024,0,0.0,0.0
1770,0.0041176999349754,0.0053623476017572,0,0.0,0.0
1771,0.0034922769863223,0.0037186387921553,0,0.0,0.0
1772,0.0017768931705172,0.0029286863578029,0,0.0,0.0
1773,0.001921205184176,0.0027319018768369,0,0.0,0.0
1774,0.0012920445348937,0.0022159857757428,0,0.0,0.0
1775,0.0009037630490022,0.001829654555587,0,0.0,0.0
1776,0.0021348325231718,0.0017569739985779,0,0.0,0.0
1777,0.0020042206435509,0.0008438448691808,0,0.0,0.0
1778,0.0008757261709824,0.000513457480085,0,0.0,0.0
1779,0.0005316718788071,0.000547289783245,0,0.0,0.0
1780,0.0004656772987328,2.2756748798048957e-05,0,0.0,0.0
1781,0.000445064478529,0.0006299909758047,0,0.0,0.0
1782,0.0004241058750034,0.0009489090747937,0,0.0,0.0
1783,0.0004027939398064,0.0006600931907475,0,0.0,0.0
1784,0.0003811308486152,0.0004065369738517,0,0.0,0.0
1785,0.0003591145506011,0.0004973458260494,0,0.0,0.0
1786,0.0003367516348377,0.0001338194322028,0,0.0,0.0
1787,0.0003140314764845,0.000297069251822,0,0.0,0.0
1788,0.000290954307849,0.0003279791908536,0,0.0,0.0
1789,0.0002675261287416,0.0002916514406562,0,0.0,0.0
1790,0.0002437424007704,0.0002455606688478,0,0.0,0.0
1791,0.0002196002882016,0.0003316672866921,0,0.0,0.0
1792,0.0001951022929213,0.0004910411307646,0,0.0,0.0
1793,0.0001702464327244,0.0001308235556343,0,0.0,0.0
1794,0.0001450340395925,8.528278028022539e-05,0,0.0,0.0
1795,0.0001194596738678,0.000347680936742,0,0.0,0.0
1796,9.352775422140271e-05,5.658468803431444e-05,0,0.0,0.0
1797,6.723327199822415e-05,0.000183154908296,0,0.0,0.0
1798,3.831452466998311e-05,0.000353036129528,0,0.0,0.0
1799,0.0001158799862727,0.0002727619428298,0,0.0,0.0
1800,0.0005524331469344,0.0001632875037014,0,0.0,0.0
1801,0.0004245096562554,0.0001619409463484,0,0.0,0.0
1802,0.000281668034956,0.0003159027236587,0,0.0,0.0
1803,0.0002022583873186,9.367108704699393e-05,0,0.0,0.0
1804,0.0001510619329318,0.0001381615460456,0,0.0,0.0
1805,0.0001274219187835,8.909289741986591e-05,0,0.0,0.0
1806,0.0001306620366408,2.238803159280473e-05,0,0.0,0.0
1807,0.0001612108915663,1.5214494256424868e-05,0,0.0,0.0
1808,0.0002199928707936,6.207125673790789e-05,0,0.0,0.0
1809,0.0003073325489585,0.0001173263763756,0,0.0,0.0
1810,0.0004231369255437,0.0003130552785627,0,0.0,0.0
1811,0.0010513984328982,0.0002542148339293,0,0.0,0.0
1812,0.0025359081993224,0.0001238183473419,0,0.0,0.0
1813,0.0007837954031743,0.000687314101771,0,0.0,0.0
1814,0.0008522454492611,0.0003546754220298,0,0.0,0.0
1815,0.0003187107253001,2.009642316368217e-05,0,0.0,0.0
1816,0.0004627369113754,0.0003122314860635,0,0.0,0.0
1817,0.0020753856736172,0.0008820357492197,0,0.0,0.0
1818,0.0018593960236251,0.0011425270517246,0,0.0,0.0
1819,0.000968659777795,0.0008793891277779,0,0.0,0.0
1820,0.0007281630478896,0.0003811188345966,0,0.0,0.0
1821,0.0009161624140706,0.00026037568013,0,0.0,0.0
1822,0.0004366326327186,0.0001915251277355,0,0.0,0.0
1823,0.000675881405444,0.0003575562928875,0,0.0,0.0
1824,0.0003420197000639,0.0007441081457777,0,0.0,0.0
1825,0.0005290780785915,0.0001227238870771,0,0.0,0.0
1826,0.0007145824600829,0.0004741563019024,0,0.0,0.0
1827,0.0002926792857665,0.0004797194665441,0,0.0,0.0
1828,6.308415150749136e-05,0.0001798518536392,0,0.0,0.0
1829,0.0004909886202023,6.821700412193995e-05,0,0.0,0.0
1830,0.0014761929782662,0.0004430615681479,0,0.0,0.0
1831,0.0015425483377213,0.000720795626007,0,0.0,0.0
1832,0.0024124286919587,0.0008165824903173,0,0.0,0.0
1833,0.0029855679136864,0.0007557403077506,0,0.0,0.0
1834,0.0020410512992193,0.0012970458836557,0,0.0,0.0
1835,0.0029612803739295,0.0012685661014534,0,0.0,0.0
1836,0.005743754380402,0.000629018931005,0,0.0,0.0
1837,0.0079080026740992,0.0005292209576998,0,0.0,0.0
1838,0.0094013344657943,0.0007307364811489,0,0.0,0.0
1839,0.005697870485328,0.0006962140566782,0,0.0,0.0
1840,0.0032616374328715,0.0009228014907923,0,0.0,0.0
1841,0.0032029668583092,0.0022188037705214,0,0.0,0.0
1842,0.0022386972508369,0.0024994822239943,0,0.0,0.0
1843,0.0021049415012147,0.0022277082928234,0,0.0,0.0
1844,0.0020805294034361,0.0018562453906222,0,0.0,0.0
1845,0.0025531006401337,0.0021748497975307,0,0.0,0.0
1846,0.0017510885322791,0.0021980362009315,0,0.0,0.0
1847,0.0037121126594385,0.0019276313881171,0,0.0,0.0
1848,0.0058649997605882,0.0015772857668775,0,0.1561869,0.0
1849,0.0041021557596063,0.0012912894989655,0,0.29376686,0.0
1850,0.0032073199615667,0.0014188427513859,0,0.442532,0.0
1851,0.0036951880318573,0.0011699407462788,0,0.61911505,0.0
1852,0.0025852226863747,0.0012868310581985,0,0.7211879,0.0
1853,0.0019685875677272,0.0004751340900658,0,0.7741185,0.0
1854,0.0023801072790047,0.0010223376326178,0,0.81013125,0.0
1855,0.0015690682013088,0.0012084158146579,0,0.837211,0.0
1856,0.0021843053343515,0.0011727193579581,0,0.8380091,0.0
1857,0.0008324375750525,0.0004742675772859,0,0.81790376,0.0
1858,0.0003544380076981,3.3487948908054014e-05,0,0.7789918,0.0
1859,0.0022731227183193,0.0003571843256719,0,0.6816509,0.0
1860,0.0030882678801684,7.331149081444107e-05,0,0.52453536,0.0
1861,0.0015749712201807,9.272224977988763e-05,0,0.33204502,0.0
1862,0.0022922663752125,0.0002173691983626,0,0.16052312,0.0
1863,0.0050325557448217,0.0009265609363455,0,0.0,0.0
1864,0.0056652863336968,0.0003659444606424,0,0.0,0.0
1865,0.0050163750301332,0.0006946976548346,0,0.0,0.0
1866,0.0029226041002161,0.0011538765166516,0,0.0,0.0
1867,0.0040733363277724,0.0020277791497797,0,0.0,0.0
1868,0.0060974496170421,0.003519340723455,0,0.0,0.0
1869,0.0065488835421474,0.005432529862026,0,0.0,0.0
1870,0.0077952203464981,0.0070605019440045,0,0.0,0.0
1871,0.0096566739910317,0.0083304164164643,0,0.0,0.0
1872,0.0095000904524216,0.0102845852109883,0,0.0,0.0
1873,0.0090481820563563,0.0088644346957044,0,0.0,0.0
1874,0.0092603260918805,0.0093289910097503,0,0.0,0.0
1875,0.0080886769156854,0.0086132295299824,0,0.0,0.0
1876,0.0067296674347907,0.008017330840683,0,0.0,0.0
1877,0.0061533236022839,0.0067312868078773,0,0.0,0.0
1878,0.0055088245301473,0.0058378894645095,0,0.0,0.0
1879,0.0053212763230571,0.0070447855744695,0,0.0,0.0
1880,0.0050013544175894,0.007557899349196,0,0.0,0.0
1881,0.0047020722927793,0.0063257995429652,0,0.0,0.0
1882,0.0056742444390087,0.0036652403862295,0,0.0,0.0
1883,0.0053686021667748,0.0042456650968735,0,0.0,0.0
1884,0.0045454195150614,0.0048096262376915,0,0.0,0.0
1885,0.004725850312706,0.0040185779206865,0,0.0,0.0
1886,0.0032828827664629,0.0032810831536898,0,0.0,0.0
1887,0.0043528653120549,0.0034544623629851,0,0.0,0.0
1888,0.0040235738413819,0.0030858285478489,0,0.0,0.0
1889,0.0023427268285796,0.0021133725342184,0,0.0,0.0
1890,0.0015834344832319,0.0006744972185692,0,0.0,0.0
1891,0.0013594650026264,0.0008407832219326,0,0.0,0.0
1892,0.0025351354915803,0.0006378319492836,0,0.0,0.0
1893,0.0049462093967848,0.0007057271465145,0,0.0,0.0
1894,0.0058452644102593,0.001131065251562,0,0.0,0.0
1895,0.0053680169457501,0.0011644507712658,0,0.0,0.0
1896,0.0035849914380537,0.0009812259683723,0,0.0,0.0
1897,0.0019989401367879,0.0008456758374197,0,0.0,0.0
1898,0.0009006490948198,0.0003182962075038,0,0.0,0.0
1899,0.001126190202935,0.0008722478442983,0,0.0,0.0
1900,0.0029021564826651,0.0011837375678686,0,0.0,0.0
1901,0.0030762742573435,0.0023688593476922,0,0.0,0.0
1902,0.0014368041608175,0.0018146461236594,0,0.0,0.0
1903,0.0009425129136807,0.0003554578773653,0,0.0,0.0
1904,0.0007513189880677,6.415990727568968e-05,0,0.0,0.0
1905,0.0004335589698017,0.0002673252375606,0,0.0,0.0
1906,0.000534930649089,0.0002482913211001,0,0.0,0.0
1907,0.0004533666703982,0.0003367611076996,0,0.0,0.0
1908,0.0003185544763837,0.0001570856288336,0,0.0,0.0
1909,0.0003730488947872,8.243252557158285e-05,0,0.0,0.0
1910,0.0035786778827526,0.0004073142880262,0,0.0,0.0
1911,0.0092483215790714,0.0009953869759813,0,0.0,0.0
1912,0.0073259832484574,0.0007706081305115,0,0.0,0.0
1913,0.005325767289492,0.0010654662539451,0,0.0,0.0
1914,0.0055133526390539,0.0008920001095404,0,0.0,0.0
1915,0.0049417244734556,0.001333943195202,0,0.0,0.0
1916,0.0034235743971376,0.0010562555027193,0,0.0,0.0
1917,0.002821421465544,0.0008922140968434,0,0.0,0.0
1918,0.0025200545338033,0.0011228111878877,0,0.0,0.0
1919,0.0022519056980291,0.0009356775959747,0,0.0,0.0
1920,0.002023038285743,0.0009507542544009,0,0.0,0.0
1921,0.0018376909836935,0.0011234430554759,0,0.0,0.0
1922,0.00173616500388,0.0014421933223658,0,0.0,0.0
1923,0.0028382217533558,0.0020842551753683,0,0.0,0.0
1924,0.0033458370376932,0.0014319024113206,0,0.0,0.0
1925,0.0034783543434064,0.0015217494361301,0,0.0,0.0
1926,0.0022049760389541,0.0012609090131376,0,0.0,0.0
1927,0.0018963135896202,0.0016885737838655,0,0.0,0.0
1928,0.0016267457909022,0.0008849217695375,0,0.0,0.0
1929,0.0005331911240379,0.0005342223002952,0,0.0,0.0
1930,0.0010133217053707,0.0006280764536606,0,0.0,0.0
1931,0.0002751462294937,0.0001424537135536,0,0.0,0.0
1932,0.0009773631046709,0.0001239065612507,0,0.0,0.0
1933,0.0019374203693863,0.0002987468500743,0,0.0,0.0
1934,0.000474272900525,0.0005134609643584,0,0.0,0.0
1935,0.0007209139845547,0.0003356701692599,0,0.0,0.0
1936,0.0014152273181915,0.0003767083558082,0,0.0,0.0
1937,0.000688538619639,0.0006713513856988,0,0.0,0.0
1938,0.0006309918158406,6.606194406087417e-05,0,0.0,0.0
1939,0.0004984575816599,0.000486119593994,0,0.0,0.0
1940,0.001804499882542,0.0007114232284442,0,0.0,0.0
1941,0.0025664698546719,0.0003776407059828,0,0.0,0.0
1942,0.0024755862242291,0.0007888008403573,0,0.0,0.0
1943,0.0018015570379364,0.0010091832928826,0,0.0,0.0
1944,0.0010145494223736,0.000748024775214,0,0.0,0.0
1945,0.0004688822341944,0.0004634982213631,0,0.0,0.0
1946,0.0007188899644074,0.0001870114321627,0,0.0,0.0
1947,0.0024219814155483,0.0005901406048636,0,0.0,0.0
1948,0.0024731258765659,0.0005186764966679,0,0.0,0.0
1949,0.0042164970698853,0.0008331965714686,0,0.0,0.0
1950,0.0042383474593409,0.0005885323979291,0,0.0,0.0
1951,0.0026095489457323,0.0003962924785843,0,0.0,0.0
1952,0.0016868132742362,0.0001214595300671,0,0.0,0.0
1953,0.0017108363246586,5.213326124020382e-05,0,0.0,0.0
1954,0.0011532865873373,6.7296670009882e-05,0,0.0,0.0
1955,0.0009930877891166,0.0001467346409871,0,0.0,0.0
1956,0.0007082180632252,0.0001797256571472,0,0.0,0.0
1957,0.0011385273183272,0.000273322630827,0,0.0,0.0
1958,0.0015209129792371,0.000475225381206,0,0.0,0.0
1959,0.0009636719520919,0.0002648678131338,0,0.0,0.0
1960,0.0007204636330404,9.034021203679388e-05,0,0.0,0.0
1961,0.0004206094823348,0.0003753616336368,0,0.0,0.0
1962,0.0005263681877848,2.6842117003003404e-05,0,0.0,0.0
1963,0.0001900195920593,0.0003387054821471,0,0.0,0.0
1964,0.0005154774083719,0.0001785686569689,0,0.0,0.0
1965,0.0011973063712306,0.000156934308862,0,0.0,0.0
1966,0.0007353822517315,6.706491751249281e-05,0,0.0,0.0
1967,0.0004635290491792,0.0002210062109121,0,0.0,0.0
1968,0.0005013872477326,0.0002491554401806,0,0.0,0.0
1969,0.0002563566074142,0.0003741885415305,0,0.0,0.0
1970,0.0003390825452977,0.0003902826254876,0,0.0,0.0
1971,0.0007077122155551,0.0002701426289047,0,0.0,0.0
1972,0.000240528789444,0.0003393893500626,0,0.0,0.0
1973,2.7663911104553866e-05,0.0001923335229989,0,0.0,0.0
1974,3.3662771771341907e-05,0.0001914160426264,0,0.0,0.0
1975,0.0001037366967554,7.925041904327412e-05,0,0.0,0.0
1976,0.0001546160176047,8.141864697436774e-05,0,0.0,0.0
1977,0.0006366599030782,7.978454489879776e-05,0,0.0,0.0
1978,0.0026823792785709,0.0003761896384902,0,0.0,0.0
1979,0.0035029498316592,0.0003984696035039,0,0.0,0.0
1980,0.0032891009200676,0.0001759467116285,0,0.0,0.0
1981,0.001511048217821,0.0004031541304379,0,0.0,0.0
1982,0.0025330514575818,0.000864526251581,0,0.0,0.0
1983,0.0030879977886975,0.0012216009897124,0,0.0,0.0
1984,0.0028936772439848,0.0019639636268976,0,0.0,0.0
1985,0.0045654456443269,0.0028230189265638,0,0.0,0.0
1986,0.0043596960696587,0.0040056424388443,0,0.0,0.0
1987,0.0038096311575572,0.0040303763929057,0,0.0,0.0
1988,0.0039467696496864,0.0036983834956925,0,0.0,0.0
1989,0.0046336333684514,0.0033306417129492,0,0.0,0.0
1990,0.0050267294791652,0.0043002274309328,0,0.0,0.0
1991,0.0050213249718128,0.0046045793432767,0,0.0,0.0
1992,0.0054573882914139,0.0044543962942474,0,0.0,0.0
1993,0.0060829109473255,0.0057902858783951,0,0.0,0.0
1994,0.006017938557659,0.0064164604892684,0,0.0,0.0
1995,0.0054999409987649,0.0054346027395451,0,0.0,0.0
1996,0.004724889159114,0.0048992087056978,0,0.0,0.0
1997,0.0032575830498259,0.0047398524954379,0,0.0,0.0
1998,0.0036797258546862,0.0050265757608517,0,0.0,0.0
1999,0.0051462088810069,0.0053601182732983,0,0.0,0.0
2000,0.0051339791789635,0.0053648415330971,0,0.0,0.0
2001,0.0070333602344523,0.0065621685465475,0,0.0,0.0
2002,0.0074889724472094,0.0071566457541314,0,0.0,0.0
2003,0.0063176892524283,0.0067219830948311,0,0.0,0.0
2004,0.0058669663818596,0.0060362690131216,0,0.0,0.0
2005,0.0047225699754442,0.0043737556113463,0,0.0,0.0
2006,0.0023087577849473,0.0037046931622815,0,0.0,0.0
2007,6.130439212182197e-05,0.0033683758602911,0,0.0,0.0
2008,0.0017598738487831,0.0027401723424539,0,0.0,0.0
2009,0.0010230155359608,0.0012407409333843,0,0.0,0.0
2010,0.0009673709179393,0.0007401447203458,0,0.0,0.0
2011,0.0008821130154356,0.0006644202540675,0,0.0,0.0
2012,0.0015309514420442,0.0009138173975783,0,0.0,0.0
2013,0.0021568180532135,0.0011879435722551,0,0.0,0.0
2014,0.0018961068509999,0.0015840765814826,0,0.0,0.0
2015,0.0015073665927901,0.0015107996902478,0,0.0,0.0
2016,0.0011884910472165,0.0013046351894684,0,0.0,0.0
2017,0.000281290310931,0.0012418092089754,0,0.0,0.0
2018,0.0011252778867345,0.0009974961953454,0,0.0,0.0
2019,0.0022967859697821,0.0003416144839546,0,0.0,0.0
2020,0.0012266364887359,0.0006527961223875,0,0.0,0.0
2021,0.0011566055389324,0.0007942943184199,0,0.0,0.0
2022,0.0007386149067046,0.0006168466145995,0,0.0,0.0
2023,0.0001357560266163,0.0003935363601009,0,0.0,0.0
2024,0.0001769300874761,0.0001999801117227,0,0.0,0.0
2025,0.0005948627895486,0.0003263502574027,0,0.0,0.0
2026,0.0007613413852875,0.0004106539598853,0,0.0,0.0
2027,0.0006945761424017,0.0003673322114236,0,0.0,0.0
2028,0.0015995910914696,0.0007648717850834,0,0.0,0.0
2029,0.0028684318462224,0.0013309250857818,0,0.0,0.0
2030,0.003086386974394,0.0018625650359942,0,0.0,0.0
2031,0.0022362428760194,0.0018846366915823,0,0.0,0.0
2032,0.0016253916998585,0.0010017211786395,0,0.0,0.0
2033,0.002283908219336,0.0009028703414185,0,0.0,0.0
2034,0.0019400256361654,0.0011687405681843,0,0.0,0.0
2035,0.0031878330653135,0.0013388954660843,0,0.0,0.0
2036,0.0052173161767044,0.0017031842999186,0,0.0,0.0
2037,0.005094069050679,0.0017409874249042,0,0.0,0.0
2038,0.0037116457376013,0.0025749505813087,0,0.0,0.0
2039,0.0035856720728184,0.0028375585157726,0,0.0,0.0
2040,0.0028402471963255,0.0020125100325357,0,0.0,0.0
2041,0.0021882371723832,0.0023307841536081,0,0.0,0.0
2042,0.0027609873229991,0.0018408922456307,0,0.0,0.0
2043,0.001847570965325,0.0015931270690583,0,0.0,0.0
2044,0.0012111542333224,0.0014793401670917,0,0.0,0.0
2045,0.0029864447130131,0.0014275695344554,0,0.0,0.0
2046,0.0030678038720458,0.0019875444040809,0,0.0,0.0
2047,0.0032547754017345,0.0013235515614723,0,0.0,0.0
2048,0.0016034421859251,0.0011788217422102,0,0.0,0.0
2049,0.0022464758392633,0.0008864653328333,0,0.0,0.0
2050,0.0025626661810063,0.0019190598342609,0,0.0,0.0
2051,0.0021236978911785,0.0029279151861273,0,0.0,0.0
2052,0.0012953607677761,0.002793406648275,0,0.0,0.0
2053,0.0012675116072503,0.0026289423082581,0,0.0,0.0
2054,0.0004906404947815,0.0018228484464289,0,0.0,0.0
2055,0.0006035912305049,0.0013711437480221,0,0.0,0.0
2056,0.0022737567257384,0.0014819625908208,0,0.0,0.0
2057,0.003535050189031,0.0014944247971019,0,0.0,0.0
2058,0.0041812675337367,0.0023060556850615,0,0.0,0.0
2059,0.0019259143330203,0.0020010548813623,0,0.0,0.0
2060,0.0020133327446244,0.0016265649874737,0,0.0,0.0
2061,0.0018212722716426,0.0012061178358856,0,0.0,0.0
2062,0.0023718172735632,0.0017136071385806,0,0.0,0.0
2063,0.0061171777536338,0.0013510953661561,0,0.0,0.0
2064,0.0058811093169026,0.0016661072212749,0,0.0,0.0
2065,0.003537022353721,0.0025829063161886,0,0.0,0.0
2066,0.0047523615278156,0.0034206535124188,0,0.0,0.0
2067,0.0047898658837574,0.0037702761552121,0,0.0,0.0
2068,0.004980095507242,0.0035511576928496,0,0.0,0.0
2069,0.0049042701489269,0.0032600116877905,0,0.0,0.0
2070,0.003921331884812,0.0051217390362401,0,0.0,0.0
2071,0.0040843443661222,0.0058010462613911,0,0.0,0.0
2072,0.0044177569954589,0.004716632637946,0,0.0,0.0
2073,0.002837162220974,0.0041906168155386,0,0.0,0.0
2074,0.0023140013044668,0.0035689226521293,0,0.0,0.0
2075,0.0020197607836419,0.0024286332018338,0,0.0,0.0
2076,0.0026218896932546,0.0017916555806215,0,0.0,0.0
2077,0.0036202116643485,0.0019680835855717,0,0.0,0.0
2078,0.0029222939986948,0.0024959388091303,0,0.0,0.0
2079,0.0030925753204209,0.002422802280745,0,0.0,0.0
2080,0.0023731976975555,0.002115518148723,0,0.0,0.0
2081,0.0018416686673826,0.0016240750294056,0,0.0,0.0
2082,0.001603693981661,0.001523686625317,0,0.0,0.0
2083,0.0026411333496154,0.001190374308606,0,0.0,0.0
2084,0.0029279584991924,0.0009690978327399,0,0.0,0.0
2085,0.0024502699933226,0.001705578994672,0,0.0,0.0
2086,0.0028305830901426,0.0019831488007124,0,0.0,0.0
2087,0.0030149263471108,0.0019399171704071,0,0.0,0.0
2088,0.0026866016248803,0.001356440488076,0,0.0,0.0
2089,0.001962825005561,0.0019195528949591,0,0.0,0.0
2090,0.0029724400804577,0.0016442994765308,0,0.0,0.0
2091,0.0015506560569707,0.0011899841704919,0,0.0,0.0
2092,0.0009671648010611,0.0005581571123198,0,0.0,0.0
2093,0.0003424271414342,3.967256481114368e-05,0,0.0,0.0
2094,0.000811780831119,0.0004547690520954,0,0.0,0.0
2095,0.0006557993889419,0.0001017049848194,0,0.0,0.0
2096,0.0011169860075997,0.000190432952381,0,0.0,0.0
2097,3.6006508042589444e-05,0.0005824409968501,0,0.0,0.0
2098,0.0009686124160967,0.0001130464127267,0,0.0,0.0
2099,0.000430611914516,0.0001675517533379,0,0.0,0.0
2100,0.000864491358801,4.958398750575847e-05,0,0.0,0.0
2101,0.0006620438837652,9.05704327196747e-06,0,0.0,0.0
2102,0.0008970454395481,0.0001772735226602,0,0.0,0.0
2103,0.0002989472856591,0.0007871984086977,0,0.0,0.0
2104,0.0005090271481704,0.0008769711303976,0,0.0,0.0
2105,0.0001793477217842,0.0004276742370473,0,0.0,0.0
2106,0.0009302707256948,0.0002872175779438,0,0.0,0.0
2107,0.0020568479284193,0.0002896800921079,0,0.0,0.0
2108,0.001486476887148,0.0004871097866262,0,0.0,0.0
2109,0.00103044014137,0.000117965006873,0,0.0,0.0
2110,0.0007581742546267,0.0001644146525437,0,0.0,0.0
2111,0.0003812410301744,0.000162563461152,0,0.0,0.0
2112,0.0009935134307745,0.0001115863522068,0,0.0,0.0
2113,0.0012884617461114,4.8518832563118137e-05,0,0.0,0.0
2114,0.0005288027139833,0.0001173553451034,0,0.0,0.0
2115,0.0002686244785042,5.026812875563878e-05,0,0.0,0.0
2116,0.000788690504196,9.40295443073578e-05,0,0.0,0.0
2117,0.0008248058680525,0.000173425648425,0,0.0,0.0
2118,0.0005368162774252,0.0001602773947634,0,0.0,0.0
2119,0.0002751714849205,0.0001112209738309,0,0.0,0.0
2120,0.0004959125264173,0.0002671414873037,0,0.0,0.0
2121,0.0014971949232384,0.0001776761453601,0,0.0,0.0
2122,0.0025145110383431,0.0005190826827411,0,0.0,0.0
2123,0.0009351529599567,0.0007741551537787,0,0.0,0.0
2124,0.0015180484013567,0.0005412693161702,0,0.0,0.0
2125,0.0016360873055434,0.0004333369526775,0,0.0,0.0
2126,0.0013683373903835,0.0001660506296899,0,0.0,0.0
2127,0.0003336809655869,0.0002862260417725,0,0.0,0.0
2128,0.0022507254941867,0.0003125133037615,0,0.0,0.0
2129,0.0007687068486944,0.0004521752575377,0,0.0,0.0
2130,9.610835533312956e-05,0.0002521194187336,0,0.0,0.0
2131,0.0001505179267882,0.0003965470843782,0,0.0,0.0
2132,0.0005585037990526,0.0002649514364627,0,0.0,0.0
2133,0.0002446571243295,0.0002323840083452,0,0.0,0.0
2134,0.0004716880420962,0.0003103890007316,0,0.0,0.0
2135,0.0008630116333636,0.0005113131148728,0,0.0,0.0
2136,0.0020777512941045,0.0005293266595686,0,0.0,0.0
2137,0.0041500502988748,0.0005842731384,0,0.0,0.0
2138,0.0026287024886042,0.0002114288343484,0,0.0,0.0
2139,0.001597478661115,0.0002270020326481,0,0.0,0.0
2140,0.00154832840026,0.0003682614134125,0,0.0,0.0
2141,0.0020966766944757,0.0004692508663756,0,0.0,0.0
2142,0.0017538071493322,0.000398145833291,0,0.0,0.0
2143,0.0004540432357888,0.0002478658958379,0,0.0,0.0
2144,0.0005756213639809,0.0004576265449052,0,0.0,0.0
2145,0.0018637998750717,0.0003271675494691,0,0.0,0.0
2146,0.0010768457597832,0.0001010570888001,0,0.0,0.0
2147,0.0013165884966044,0.0002630274476305,0,0.0,0.0
2148,0.0021384985738354,0.0002592449542048,0,0.0,0.0
2149,0.0021608651671232,0.0006268303547829,0,0.0,0.0
2150,0.0006013981478337,0.0010484843435676,0,0.0,0.0
2151,0.0002266902448209,0.0004848876499659,0,0.0,0.0
2152,0.0010093476773215,3.479325675158488e-05,0,0.0,0.0
2153,0.0011597760513779,0.0001276438484924,0,0.0,0.0
2154,0.0019824733883303,9.42094325853939e-05,0,0.0,0.0
2155,0.0017025558106277,0.0003139596755064,0,0.0,0.0
2156,0.0003431862717511,0.0006206288298301,0,0.0,0.0
2157,0.0006385921325031,0.0003019663679197,0,0.0,0.0
2158,0.0016318861392418,0.0001216407405331,0,0.0,0.0
2159,0.0026675153907231,0.0003296211690309,0,0.0,0.0
2160,0.0046507191971769,0.0001263109288732,0,0.0,0.0
2161,0.0035897745487563,0.0001025309044389,0,0.0,0.0
2162,0.0025859806506836,0.0002301089901099,0,0.0,0.0
2163,0.0016670119268826,0.0005421057929004,0,0.0,0.0
2164,0.001343096894218,0.0002021631615611,0,0.0,0.0
2165,0.0003446027261725,0.0003343009795758,0,0.0,0.0
2166,8.65081742019852e-05,0.0006624684786507,0,0.0,0.0
2167,0.00045583853634,0.0005804989518114,0,0.0,0.0
2168,0.0020310588521489,0.0009618142547183,0,0.0,0.0
2169,0.0012528673559862,0.0012133465554273,0,0.0,0.0
2170,0.0006085450451274,0.001578600586507,0,0.0,0.0
2171,0.0009632582416432,0.0009666223272643,0,0.0,0.0
2172,0.0013231020811749,0.0007478079279386,0,0.0,0.0
2173,0.0015827684048316,0.0004810280114407,0,0.0,0.0
2174,0.0023701340140175,0.0003937653556648,0,0.0,0.0
2175,0.002069504675574,0.0005241816467672,0,0.0,0.0
2176,0.0017970408357211,0.0007954589862943,0,0.0,0.0
2177,0.0022923213810995,0.0004458027704827,0,0.0,0.0
2178,0.0034276953926967,0.0008347209047699,0,0.0,0.0
2179,0.0034811164452796,0.0010906589085467,0,0.0,0.0
2180,0.0030063719414503,0.0010795671165056,0,0.0,0.0
2181,0.0012898404209437,0.0011232900436072,0,0.0,0.0
2182,0.0008249937957827,0.0010696929395556,0,0.0,0.0
2183,0.0008211576199002,0.0011256781882548,0,0.0,0.0
2184,0.0013215077669729,0.0007437207302543,0,0.0,0.0
2185,0.0020940269129037,0.0004066439796467,0,0.0,0.0
2186,0.0012848871127383,0.0001100297300705,0,0.0,0.0
2187,0.0002786371946004,0.0002183907549219,0,0.0,0.0
2188,0.0006852453745948,0.0004115412750092,0,0.0,0.0
2189,0.000167975408933,0.0006407284299648,0,0.0,0.0
2190,0.0002593626064986,0.0003938010866469,0,0.0,0.0
2191,7.72554823938576e-05,0.0002466426984575,0,0.0,0.0
2192,0.0003433791765178,0.0001782153237219,0,0.0,0.0
2193,0.000510466263518,0.0001839178588092,0,0.0,0.0
2194,0.0007193922754426,0.000132860385723,0,0.0,0.0
2195,0.000539113084625,0.0003673587515472,0,0.0,0.0
2196,0.0007794925034872,0.0002171517455709,0,0.0,0.0
2197,0.0010819103858647,0.0001824687129802,0,0.0,0.0
2198,0.0020017667270541,0.0002660266911378,0,0.0,0.0
2199,0.0038576438388822,0.0004951214605174,0,0.0,0.0
2200,0.0035953260741917,0.0006193985432888,0,0.0,0.0
2201,0.0022551070756515,0.0007350623177924,0,0.0,0.0
2202,0.0021664296878351,0.0006104118103524,0,0.0,0.0
2203,0.0018810252979318,0.0004537981498773,0,0.0,0.0
2204,0.0020025461772304,0.0006158044315857,0,0.0,0.0
2205,0.00229806702838,0.0004100988497761,0,0.0,0.0
2206,0.0023168544215492,0.0008969503354303,0,0.0,0.0
2207,0.0015721037100516,0.0010721990462675,0,0.0,0.0
2208,0.0004754041558674,0.0008662304558805,0,0.0,0.0
2209,0.0002721943721982,0.0005112418449204,0,0.0,0.0
2210,0.0005884197842906,0.0007084574015455,0,0.0,0.0
2211,0.0009793843756967,0.0005487001167365,0,0.0,0.0
2212,0.0010606855841838,0.0002556991692204,0,0.0,0.0
2213,0.0002762889013519,0.0002573097506296,0,0.0,0.0
2214,0.0001733181535131,0.0003275576961842,0,0.0,0.0
2215,0.0001943052523949,0.0004698124197927,0,0.0,0.0
2216,0.000393871684274,0.0008106686484374,0,0.0,0.0
2217,0.001265323777936,0.0004820860182659,0,0.0,0.0
2218,0.0010383039057166,0.0002452631182177,0,0.0,0.0
2219,0.0003528777632638,3.455956505078523e-05,0,0.0,0.0
2220,0.0004746752577866,5.435615166228613e-05,0,0.0,0.0
2221,0.0004514350724782,5.519062308396157e-05,0,0.0,0.0
2222,0.0008882684690612,0.0001698589347531,0,0.0,0.0
2223,0.0003734574601192,6.245520229415965e-05,0,0.0,0.0
2224,0.0003930234865774,0.0003404761526382,0,0.0,0.0
2225,0.0003762480370554,0.0001996015007652,0,0.0,0.0
2226,0.00013915147719,0.0003958446883134,0,0.0,0.0
2227,0.0002124710855483,0.0003059629622133,0,0.0,0.0
2228,0.0008734635641922,0.0001898476487862,0,0.0,0.0
2229,0.0007134046273056,0.0001296983239355,0,0.0,0.0
2230,0.0004424505864155,0.0002809027065079,0,0.0,0.0
2231,0.0001496210586888,0.0008353482961022,0,0.0,0.0
2232,0.0004834716721524,0.0002143770237356,0,0.0,0.0
2233,0.0011471870884239,0.000208294747281,0,0.0,0.0
2234,0.0008219979169405,0.0001357528630597,0,0.0,0.0
2235,0.0002676764891997,0.0004152303619726,0,0.0,0.0
2236,0.0004214554035492,0.000187575548292,0,0.0,0.0
2237,0.001699979392883,0.0001235706980726,0,0.0,0.0
2238,0.0002253003874132,7.207335612608545e-05,0,0.0,0.0
2239,0.0018422699756964,0.0004440146093814,0,0.0,0.0
2240,0.000783492055504,0.0007809236021493,0,0.0,0.0
2241,0.0008711200429759,0.000338940623231,0,0.0,0.0
2242,0.0040162264656925,0.0009922715781204,0,0.0,0.0
2243,0.0044286432040426,0.0013879643534403,0,0.0,0.0
2244,0.0015512107530226,0.0008327487402127,0,0.0,0.0
2245,0.0007615850993615,0.000925788320395,0,0.0,0.0
2246,0.0007051928013771,0.0007979861788505,0,0.0,0.0
2247,0.0006573671236382,0.001160339094628,0,0.0,0.0
2248,0.0006166829029119,0.0008747078935101,0,0.0,0.0
2249,0.0005814975980424,0.001057505784992,0,0.0,0.0
2250,0.0005499954822123,0.0004184914077505,0,0.0,0.0
2251,0.0005203840806935,0.0001904704240012,0,0.0,0.0
2252,0.0004909742817148,0.0004145587728085,0,0.0,0.0
2253,0.0004601647927771,0.0003171271737063,0,0.0,0.0
2254,0.0004266543877755,0.0007647319433208,0,0.0,0.0
2255,0.0003892631457866,0.000714403251539,0,0.0,0.0
2256,0.0003469992817932,9.368518567164632e-05,0,0.0,0.0
2257,0.0002990831616726,0.0002355305911261,0,0.0,0.0
2258,0.0002448485478889,0.0001257303259595,0,0.0,0.0
2259,0.000183741273762,0.0001873937909949,0,0.0,0.0
2260,0.0001086064250303,0.0002313116445165,0,0.0,0.0
2261,0.0001088200735159,0.0002771108953238,0,0.0,0.0
2262,0.0007348485162767,0.0004065976371466,0,0.0,0.0
2263,0.0011077441450082,0.0009275071228059,0,0.0,0.0
2264,0.000386399969832,0.0006049746819455,0,0.0,0.0
2265,0.0010489872332877,8.222379976639775e-05,0,0.0,0.0
2266,0.0006897619297844,0.000618537790857,0,0.0,0.0
2267,0.0008905802210583,0.0003002637750119,0,0.0,0.0
2268,0.0011078579230872,0.00062426686175,0,0.0,0.0
2269,0.001382421891613,0.0005954103467184,0,0.0,0.0
2270,0.0011201273192344,0.0004435605378583,0,0.0,0.0
2271,0.0019455203942192,0.0002665583640045,0,0.0,0.0
2272,0.0019121657789328,0.0001871804190225,0,0.0,0.0
2273,0.0003833077891246,0.0009417147968596,0,0.0,0.0
2274,0.0001321734311052,0.0005278875721198,0,0.0,0.0
2275,0.0002348034766925,0.0001620031252039,0,0.0,0.0
2276,0.0003315671684333,4.9742355350448095e-05,0,0.0,0.0
2277,0.0004303869019156,9.873191975690212e-05,0,0.0,0.0
2278,0.0005315024923255,0.0001446560580104,0,0.0,0.0
2279,0.0006351400124563,0.0004231841267195,0,0.0,0.0
2280,0.0007415702735364,0.0004083918189417,0,0.0,0.0
2281,0.0008509619580663,0.0006577571905401,0,0.0,0.0
2282,0.000963520798446,0.0006969275088295,0,0.0,0.0
2283,0.0010794549401135,0.000136544571197,0,0.0,0.0
2284,0.0011989434659943,0.0003001841534168,0,0.0,0.0
2285,0.0017537137892226,0.0005843355727084,0,0.0,0.0
2286,0.0032601865248646,0.0003107267041506,0,0.0,0.0
2287,0.0018192005821611,0.0005418615134999,0,0.0,0.0
2288,0.0005811586522439,0.001140014452155,0,0.0,0.0
2289,9.411907772509382e-05,0.0006970006555152,0,0.0,0.0
2290,0.0006272394481179,0.0003697512912111,0,0.0,0.0
2291,0.0008179958057462,0.0005770240857284,0,0.0,0.0
2292,0.0006272394481179,0.0003833181764815,0,0.0,0.0
2293,0.0001029190054722,0.0002474384865034,0,0.0,0.0
2294,0.0004461816139265,0.0006566008816385,0,0.0,0.0
2295,0.0011272955549992,0.0004145837406686,0,0.0,0.0
2296,0.0010724220618692,0.0008439967807715,0,0.0,0.0
2297,0.0002788685308267,0.0011934047525637,0,0.0,0.0
2298,0.0009265912424814,0.0003048119617757,0,0.0,0.0
2299,0.000546490944808,9.750901443895836e-05,0,0.0,0.0
2300,0.0010205859132032,0.0002402629676229,0,0.0,0.0
2301,0.000348924937401,0.0001606181452734,0,0.0,0.0
2302,0.0005973759845052,0.0004441197319005,0,0.0,0.0
2303,0.000193210968812,0.000189018880929,0,0.0,0.0
2304,3.740855954138938e-05,9.403548144543495e-05,0,0.0,0.0
2305,0.000131508543751,0.0001207754083132,0,0.0,0.0
2306,0.0001365259986478,0.0001275344199366,0,0.0,0.0
2307,9.743201532910668e-05,0.0003693993632838,0,0.0,0.0
2308,0.0003974828957354,0.0001838404493285,0,0.0,0.0
2309,0.0004932872008792,0.0001960455071804,0,0.0,0.0
2310,0.0011814181984213,0.0004839953651423,0,0.0,0.0
2311,0.0015305458703856,0.0007738093892848,0,0.0,0.0
2312,0.0014379611345869,0.0004217626871314,0,0.0,0.0
2313,0.0012462504365444,0.0005043758282513,0,0.0,0.0
2314,0.0025314926957443,0.0004351372346607,0,0.0,0.0
2315,0.0003447559186796,0.000102877527693,0,0.0,0.0
2316,0.0025147043307531,0.0001667442722035,0,0.0,0.0
2317,0.0007753585617718,3.840665099260723e-05,0,0.0,0.0
2318,0.000120527969629,4.084407875412447e-06,0,0.0,0.0
2319,0.0003221276949979,1.683634855146513e-05,0,0.0,0.0
2320,0.0015219814056961,0.0001729419276566,0,0.0,0.0
2321,0.0011010971048501,0.0004727409754945,0,0.0,0.0
2322,0.0004917464580678,0.0002291297192078,0,0.0,0.0
2323,0.0006783962320246,0.0002582355270672,0,0.0,0.0
2324,0.0011887469541405,0.0006522418872018,0,0.0,0.0
2325,0.0013962558011609,0.001195710779918,0,0.0,0.0
2326,0.0010545569839191,0.0007768178396848,0,0.0,0.0
2327,0.0001331505602762,0.00048058513509,0,0.0,0.0
2328,0.0013407820084993,0.0003227710979685,0,0.0,0.0
2329,0.0003744692663391,0.0002216004787471,0,0.0,0.0
2330,0.0003390572691583,0.0004022767003804,0,0.0,0.0
2331,0.0009654612707491,8.374054151868954e-05,0,0.0,0.0
2332,0.0006906335102338,0.000246926213719,0,0.0,0.0
2333,0.0011967756400905,8.062494302914846e-05,0,0.0,0.0
2334,0.0006501107332794,0.0005016523362733,0,0.0,0.0
2335,0.000315488287531,0.0005691774412122,0,0.0,0.0
2336,0.0001805374591708,5.3080987499983694e-05,0,0.0,0.0
2337,0.00035969439629,0.000394863456833,0,0.0,0.0
2338,0.0006027368961693,9.846007512673296e-05,0,0.0,0.0
2339,0.0015817027163075,3.827178927513599e-05,0,0.0,0.0
2340,0.0014847997198303,0.0003192946438669,0,0.0,0.0
2341,0.0008205809607918,0.0007582926900058,0,0.0,0.0
2342,0.0005467972128104,0.0004633012607831,0,0.0,0.0
2343,0.0004186482432581,0.000180210741377,0,0.0,0.0
2344,0.0014036277857361,0.0002613982413619,0,0.0,0.0
2345,0.0015687320467233,0.0001959552655084,0,0.0,0.0
2346,0.0013959062154324,0.0001726601112762,0,0.0,0.0
2347,0.0010927742782943,0.0002518514039271,0,0.0,0.0
2348,0.000963957350444,0.0002685779306014,0,0.0,0.0
2349,7.266295276703042e-05,0.0004856978176677,0,0.0,0.0
2350,0.0009120834415908,3.608815893673463e-05,0,0.0,0.0
2351,0.000797895228058,0.0006364258645154,0,0.0,0.0
2352,0.0009456448699696,0.0003519408208226,0,0.0,0.0
2353,0.0015106356313817,4.062554771038832e-05,0,0.0,0.0
2354,0.0020742749042387,0.0002042158244609,0,0.0,0.0
2355,0.0006180107748925,0.0006478501405473,0,0.0,0.0
2356,0.0006635582093229,0.0005165656604689,0,0.0,0.0
2357,0.0020022858820496,0.0003476084228274,0,0.0,0.0
2358,0.0017518490914769,0.0001049525039012,0,0.0,0.0
2359,0.0004885558338451,0.0006151795659228,0,0.0,0.0
2360,0.0008471044035298,0.0006899507224407,0,0.0,0.0
2361,0.0018220352354979,0.0003997282097953,0,0.0,0.0
2362,0.0004924886335275,0.0010109425234034,0,0.0,0.0
2363,0.0002586016991098,0.0010019074413326,0,0.0,0.0
2364,0.0009757680904406,0.0001581476288481,0,0.0,0.0
2365,0.0018736857915378,0.000302592304301,0,0.0,0.0
2366,0.0009884746022035,0.0006982121731218,0,0.0,0.0
2367,0.0004256890539089,0.0006222236169262,0,0.0,0.0
2368,0.000186364340717,0.0001879014584156,0,0.0,0.0
2369,0.0007186088183348,0.000219796508199,0,0.0,0.0
2370,0.0011876899392024,0.0003287240722935,0,0.0,0.0
2371,0.0008987332915157,0.000127551538956,0,0.0,0.0
2372,0.0009123519878817,0.0001184347244849,0,0.0,0.0
2373,0.0014557306572714,0.0004938412837378,0,0.0,0.0
2374,0.0011731185404725,0.0002017656101909,0,0.0,0.0
2375,0.0001096029407682,0.0002721490173624,0,0.0,0.0
2376,0.0014875456682524,6.01606906425305e-05,0,0.0,0.0
2377,0.0013514114730384,2.347923574784559e-05,0,0.0,0.0
2378,0.0009322770006058,1.4614896165413388e-05,0,0.0,0.0
2379,0.0010813751176319,0.0001382598472424,0,0.0,0.0
2380,0.0027880919231703,0.0004108940764125,0,0.0,0.0
2381,0.00574884398446,0.0008456053504811,0,0.0,0.0
2382,0.0062399100658279,0.0009268304484456,0,0.0,0.0
2383,0.0051594581008238,0.0003616218985525,0,0.0,0.0
2384,0.0019476972619174,0.0004426621378808,0,0.0,0.0
2385,0.000197167350619,0.0013980752275688,0,0.0,0.0
2386,0.0003099694766855,0.0013750650367152,0,0.0,0.0
2387,0.0005030160643312,0.0004731765002508,0,0.0,0.0
2388,0.0006332127249329,0.0006691439363036,0,0.0,0.0
2389,0.0007209912201229,0.0003593073232468,0,0.0,0.0
2390,0.000766539424382,0.0002210845014357,0,0.0,0.0
2391,0.0007701966941088,0.0006748759102979,0,0.0,0.0
2392,0.0007325834002144,0.0002640539546761,0,0.0,0.0
2393,0.0006550677720722,0.0003253751151593,0,0.0,0.0
2394,0.0005262111576558,0.0005462730126102,0,0.0,0.0
2395,0.0004393386358331,0.0003689392571519,0,0.0,0.0
2396,0.0005071143394271,8.157580021116497e-05,0,0.0,0.0
2397,0.0002233960404381,0.0006717635542442,0,0.0,0.0
2398,0.0003922796499591,0.0006176928954374,0,0.0,0.0
2399,0.0003028338573825,0.0005741338656283,0,0.0,0.0
2400,0.0006694168899138,0.000138862941056,0,0.0,0.0
2401,0.0013608521815943,0.0002863934394398,0,0.0,0.0
2402,0.00075869361554,0.0002633800267012,0,0.0,0.0
2403,0.0009560926991425,0.0003786265030085,0,0.0,0.0
2404,0.0014806050126197,0.0003790886100099,0,0.0,0.0
2405,0.0020296395518148,0.0013544071803142,0,0.0,0.0
2406,0.0003150997272446,0.0004611847605524,0,0.0,0.0
2407,0.0006408667748424,0.000328221911657,0,0.0,0.0
2408,4.622919649027368e-05,0.000214520377516,0,0.0,0.0
2409,0.0006919188227481,1.1952850219374498e-05,0,0.0,0.0
2410,0.0013972468642356,0.0002592349725335,0,0.0,0.0
2411,0.0035888002583333,0.0003889754124825,0,0.0,0.0
2412,0.0037227491656596,0.0004317896564474,0,0.0,0.0
2413,0.0016803771101719,0.0007347814933395,0,0.0,0.0
2414,0.0010442546223354,0.0004165839664088,0,0.0,0.0
2415,0.0008935896760434,0.0003931901181632,0,0.0,0.0
2416,0.0007799537936259,0.000177548912787,0,0.0,0.0
2417,0.0006880910148119,0.0006357052310534,0,0.0,0.0
2418,0.0006095331916175,0.0009639425872996,0,0.0,0.0
2419,0.0005514668530601,0.001287422332844,0,0.0,0.0
2420,0.0005448029588924,0.0010389753799245,0,0.0,0.0
2421,0.0006277228980181,0.0007880149725453,0,0.0,0.0
2422,0.0009873335311971,0.0004850590825669,0,0.0,0.0
2423,0.0023723015942382,0.0005790755950469,0,0.0,0.0
2424,0.0028574825981584,0.0003029676376334,0,0.0,0.0
2425,0.0025671484971362,0.000112390214683,0,0.0,0.0
2426,0.0019225909598482,0.0009845134419921,0,0.0,0.0
2427,0.0009382225514583,0.0018017465674669,0,0.0,0.0
2428,0.0007543084060429,0.0011690254938491,0,0.0,0.0
2429,0.0025117628303715,0.0010264762639611,0,0.0,0.0
2430,0.003213517399429,0.0002509923943273,0,0.0,0.0
2431,0.0029333152662015,0.0002575308103399,0,0.0,0.0
2432,0.002090384777114,0.0002645473284165,0,0.0,0.0
2433,0.0010032677046439,0.0002832655624146,0,0.0,0.0
2434,0.0006882733630078,0.0007437292420711,0,0.0,0.0
2435,0.0010512716283242,0.0009265598472368,0,0.0,0.0
2436,0.0011479230972583,0.0007394160457573,0,0.0,0.0
2437,0.0016990583318844,0.0004045400047894,0,0.0,0.0
2438,0.0015044041345132,0.0001115974004362,0,0.0,0.0
2439,0.0023824552276612,0.0001782341724394,0,0.0,0.0
2440,0.0034864993912439,0.0010787525779514,0,0.0,0.0
2441,0.0012901999988391,0.0019288118218417,0,0.0,0.0
2442,0.0005273361551078,0.0009257204791094,0,0.0,0.0
2443,0.0010939621057259,0.0008455804047235,0,0.0,0.0
2444,0.0010287654399263,0.0003999895212725,0,0.0,0.0
2445,0.0011030851776886,0.0002944081345858,0,0.0,0.0
2446,0.0014905650892647,0.0005068539277166,0,0.0,0.0
2447,0.0022406657086337,0.0011397996900825,0,0.0,0.0
2448,0.0016809072549501,0.0003231708945458,0,0.0,0.0
2449,0.0006181833328143,0.0003208906070651,0,0.0,0.0
2450,0.0007179493949908,0.0003256290698309,0,0.0,0.0
2451,0.0029939956294922,0.0001402149303314,0,0.0,0.0
2452,0.0043074345589255,0.0004917675008386,0,0.0,0.0
2453,0.0025071614809127,0.0005599216617199,0,0.0,0.0
2454,0.00096324213929,0.0004385128344125,0,0.0,0.0
2455,0.0015938119222881,0.0002882956597867,0,0.0,0.0
2456,0.0023198770640693,0.0003969523073028,0,0.0,0.0
2457,0.0027563379956681,0.000548256028083,0,0.0,0.0
2458,0.0028418079560824,0.0004864530442524,0,0.0,0.0
2459,0.0040507097909469,0.0008674634352806,0,0.0,0.0
2460,0.0047638870745636,0.0007699132212562,0,0.0,0.0
2461,0.0041961772546315,0.0013614225259976,0,0.0,0.0
2462,0.0040320234767268,0.0022242717934816,0,0.0,0.0
2463,0.0044862131481152,0.003327692739182,0,0.0,0.0
2464,0.0041706241235875,0.0028412800601189,0,0.0,0.0
2465,0.0033504103894266,0.0028813272035554,0,0.0,0.0
2466,0.0037358514625473,0.0033881054668203,0,0.0,0.0
2467,0.0037735984130711,0.0036029487906701,0,0.0,0.0
2468,0.0036297897316378,0.0027645506529605,0,0.0,0.0
2469,0.003360966722783,0.0022942793970273,0,0.0,0.0
2470,0.0029638257277688,0.0016768249587311,0,0.0,0.0
2471,0.0032917533225379,0.0018855292127523,0,0.0,0.0
2472,0.0032475815689955,0.0026373697738702,0,0.0,0.0
2473,0.0039145735909748,0.0035697845717637,0,0.0,0.0
2474,0.0040564332183816,0.0043515738423694,0,0.0,0.0
2475,0.0031318552593375,0.0036569304233123,0,0.0,0.113207124
2476,0.0034446793882567,0.0027111916801622,0,0.0,0.22193001
2477,0.0032699713967763,0.0023726827981774,0,0.0,0.39183173
2478,0.0034506872888578,0.0020829447426588,0,0.0,0.57198364
2479,0.0038624786565111,0.0022800548342853,0,0.0,0.72571594
2480,0.0019580244093572,0.001950121846595,0,0.0,0.8122226
2481,0.0013240645921154,0.001327129414914,0,0.0,0.86258614
2482,0.0010607906939234,0.0012004631239993,0,0.0,0.897055
2483,0.0012077114127168,0.0015833794308238,0,0.0,0.91861254
2484,0.0015231521864382,0.0015976736820057,0,0.0,0.9331575
2485,0.001415596395122,0.0012210732150786,0,0.0,0.94436157
2486,0.0009331138595659,0.0013199797440502,0,0.0,0.9512572
2487,0.0011218397373389,0.0014589578412214,0,0.0,0.9545823
2488,0.0017126461114248,0.0013948313325981,0,0.0,0.95778257
2489,0.0013442915001474,0.0009269860279487,0,0.0,0.96070325
2490,0.0002840352647152,0.0007367012259648,0,0.0,0.9621665
2491,0.0002121952796487,0.000725166590867,0,0.0,0.9638973
2492,0.001296810352063,0.0007487735923406,0,0.0,0.9661213
2493,0.0017231172043519,0.0010205926209682,0,0.0,0.9674727
2494,0.0003802376854078,0.0012760228005358,0,0.0,0.9678894
2495,0.0011084875827725,0.0008690182904224,0,0.0,0.96675026
2496,0.0019880560745315,0.0004197758922569,0,0.0,0.9638528
2497,0.0017211892761242,0.0001501669000244,0,0.0,0.95816785
2498,0.0024360075411003,0.0006082063894271,0,0.0,0.95243424
2499,0.0005296714021939,0.0006894816912474,0,0.0,0.94892627
2500,0.0002970670982075,0.000399216191676,0,0.0,0.9494328
2501,0.0005999818233963,4.425789093463816e-05,0,0.0,0.9505472
2502,0.0004011843690306,0.0002468328302006,0,0.0,0.95265007
2503,0.0010839612895996,0.000729505686914,0,0.0,0.9548246
2504,0.0007978846460965,0.0005193006827068,0,0.0,0.95640516
2505,0.0002550568740918,0.0001209523135551,0,0.0,0.9571458
2506,0.0013213984546417,0.0001031801625318,0,0.0,0.95686865
2507,0.0008856264711513,0.0003390367318013,0,0.0,0.9560654
2508,0.0001548683857886,0.0003501228087739,0,0.0,0.9558173
2509,0.0001063085020545,7.319818110403915e-05,0,0.0,0.9561804
2510,3.905747762398118e-05,0.0001260463463946,0,0.0,0.95626545
2511,0.0002353575788556,0.0003928290797996,0,0.0,0.9565367
2512,9.191007869298565e-05,0.0004775300431934,0,0.0,0.95604014
2513,0.0003611953004951,0.0004074076012687,0,0.0,0.9554964
2514,0.0005840059113374,0.0002456494204529,0,0.0,0.9554841
2515,0.0001157575577829,0.0002467470723807,0,0.0,0.95551264
2516,0.0005955233288263,0.0002370371521708,0,0.0,0.9557228
2517,0.0005820089180571,0.0001480132590505,0,0.0,0.9566556
2518,6.189890664635474e-05,3.112997519653834e-05,0,0.0,0.95746785
2519,0.0003345241453027,3.940094979788862e-05,0,0.0,0.9580747
2520,0.0003184406012065,8.624841277535287e-05,0,0.0,0.9598124
2521,0.0003675793193901,2.816054031300854e-05,0,0.0,0.9613236
2522,0.0007850069482672,7.454612770985521e-05,0,0.0,0.9620315
2523,0.0007140463231937,9.022840772581764e-05,0,0.0,0.9633407
2524,0.0008397441729087,0.0002252897004691,0,0.0,0.96535325
2525,0.0003980867189256,7.296115215370615e-05,0,0.0,0.9663016
2526,0.0004939502457328,8.140933577448967e-05,0,0.0,0.9670571
2527,0.0015059155136019,0.0002723480714054,0,0.0,0.96692866
2528,0.0023196294073038,0.0002033878223024,0,0.0,0.9651497
2529,0.002442757824657,0.0010289499980628,0,0.0,0.96437854
2530,0.001441966322398,0.000793275031594,0,0.0,0.9648266
2531,0.0012438256950528,0.0005434080349517,0,0.0,0.96285224
2532,0.0013638715789314,0.0005521056619942,0,0.0,0.9618619
2533,0.0013026615721375,0.001004061161581,0,0.0,0.9586046
2534,0.0021669038653163,0.0011411583019906,0,0.0,0.947201
2535,0.0012128836719073,0.0002824950086848,0,0.0,0.9311623
2536,0.0016732780113767,0.0003202308623205,0,0.0,0.88183737
2537,0.0033702805966734,0.000375320529361,0,0.0,0.7419781
2538,0.0020680120776372,0.0003767871097999,0,0.0,0.5372983
2539,0.0008997640431717,5.6085897415038856e-05,0,0.0,0.3566357
2540,0.0010052998934194,0.000183332217898,0,0.0,0.24427427
2541,0.0015157291311371,0.0003611652976501,0,0.0,0.18853706
2542,0.002435661925506,0.0007374952932392,0,0.0,0.14857356
2543,0.0024952585959477,0.001526676926119,0,0.0,0.12016266
2544,0.0022046862006248,0.0011014762153847,0,0.0,0.0
2545,0.0028653939581938,0.0011948968326912,0,0.0,0.0
2546,0.0015479638575532,0.001128925984089,0,0.0,0.0
2547,0.0016344497342101,0.0004397373078649,0,0.0,0.0
2548,0.0012495172935758,0.0002765005573219,0,0.0,0.117543094
2549,0.0004233549786997,9.766269325118144e-05,0,0.0,0.15509756
2550,0.0004493013527821,0.0001431869161939,0,0.0,0.18955252
2551,0.0004951336807028,5.1447425716922046e-05,0,0.0,0.27251843
2552,0.0002958561819481,0.0005535136027361,0,0.0,0.41301468
2553,0.0013616993939784,0.0009940594425567,0,0.0,0.613049
2554,0.0031871664796423,0.000441026417962,0,0.0,0.811631
2555,0.0023770208515482,8.30000188910662e-05,0,0.0,0.9110441
2556,0.0007852927365152,0.0001349628271065,0,0.0,0.9374543
2557,0.0004710362583297,0.0003786672836519,0,0.0,0.95258665
2558,0.0008565513225061,0.0002273984321962,0,0.0,0.963019
2559,0.0006068321060739,0.0001510074923237,0,0.0,0.966686
2560,0.000684315410538,0.0004626831388131,0,0.0,0.97089237
2561,0.0016153928189261,0.0003518505349662,0,0.0,0.97464085
2562,0.0015711386822417,8.124007726193464e-05,0,0.0,0.976534
2563,0.0024822744645411,0.000647502920304,0,0.0,0.97798306
2564,0.0037844565655315,0.0004180366906699,0,0.0,0.97850436
2565,0.0011024845014994,9.233723284131016e-05,0,0.0,0.97818816
2566,0.0006500251407806,8.105844189195897e-05,0,0.0,0.9773846
2567,0.0011754253962773,0.0004936531119663,0,0.0,0.9760974
2568,0.0014662918161522,0.001262027259689,0,0.0,0.9729056
2569,0.0034687176120053,0.0016192600315023,0,0.0,0.96770424
2570,0.0053594427490746,0.0022297912199177,0,0.0,0.95538133
2571,0.0063183181519639,0.0016576114346052,0,0.0,0.9163095
2572,0.0036966853052475,0.0010887397966085,0,0.0,0.83354527
2573,0.0017724799341047,0.0002969782083146,0,0.0,0.68532324
2574,0.001836211625245,0.0009973748757113,0,0.0,0.47761148
2575,0.0024863551543504,0.0011349414052659,0,0.0,0.25263432
2576,0.0040700791482286,0.0014340910932885,0,0.0,0.10292815
2577,0.0042388789436799,0.0011457985921484,0,0.0,0.0
2578,0.0043752734399237,0.0020176941651686,0,0.0,0.0
2579,0.0055548330011071,0.0029763230482794,0,0.0,0.0
2580,0.0048403310483207,0.0038265825403521,0,0.0,0.0
2581,0.0047814556121794,0.0041162880103245,0,0.0,0.0
2582,0.0047674368966033,0.0041497159964432,0,0.0,0.0
2583,0.0037425759902973,0.0036456541205615,0,0.0,0.0
2584,0.0042334279140808,0.0039523778985391,0,0.0,0.0
2585,0.0041088583666471,0.0043749043064775,0,0.0,0.0
2586,0.0025016445111022,0.0043062734582926,0,0.0,0.0
2587,0.001552596041137,0.0042402645285147,0,0.0,0.0
2588,0.0016353906385414,0.0029355980598411,0,0.0,0.0
2589,0.0008501582975842,0.0020914196335424,0,0.0,0.0
2590,0.002708741922222,0.0016681696133209,0,0.0,0.0
2591,0.0029200245824052,0.0011772013127988,0,0.0,0.0
2592,0.0014799379227366,0.0002421091974789,0,0.0,0.0
2593,0.0030011608118895,0.0003606593551202,0,0.0,0.0
2594,0.0043023712888229,0.0010107343394429,0,0.0,0.0
2595,0.0025732612018447,0.0008993976942121,0,0.0,0.0
2596,0.0005504079654404,0.00021124133866,0,0.0,0.0
2597,0.0004317797230353,0.000140267793797,0,0.0,0.0
2598,0.0016012327910268,4.42337740957251e-05,0,0.0,0.0
2599,0.0047796518232884,0.0001884080776611,0,0.0,0.0
2600,0.0014118109119808,0.0002412108082318,0,0.0,0.0
2601,0.0002090384089848,0.0004867232104784,0,0.0,0.0
2602,0.0001572930054527,0.0002301949631775,0,0.0,0.0
2603,0.0002035333114347,5.0686293048898606e-05,0,0.0,0.0
2604,0.000167208582046,6.724373739646195e-05,0,0.0,0.0
2605,0.0002373435995893,1.9889198531629188e-05,0,0.0,0.0
2606,0.0001809586942035,3.977585050422046e-05,0,0.0,0.0
2607,0.0001408919815832,0.0001756637692008,0,0.0,0.0
2608,0.0001580571180976,0.0001629457946762,0,0.0,0.0
2609,5.938279808650154e-05,5.2230038650934415e-05,0,0.0,0.0
2610,0.0003488458847797,9.879716414264109e-05,0,0.0,0.0
2611,0.0002429213286861,0.0001750386470502,0,0.0,0.0
2612,0.0002324560450422,0.0001908221053646,0,0.0,0.0
2613,5.604477975787219e-05,0.0001007847282589,0,0.0,0.0
2614,4.717278047203902e-05,0.0002448183003522,0,0.0,0.0
2615,0.0003323754926681,0.0001309981293241,0,0.0,0.0
2616,0.0013858664099614,0.0001692181144142,0,0.0,0.0
2617,0.0039530511540106,0.0005846753735546,0,0.0,0.0
2618,0.0032352021658281,0.0006062157089393,0,0.0,0.0
2619,0.0023070808024809,0.0006705675415978,0,0.0,0.0
2620,0.0007306731326961,0.0007676982972268,0,0.0,0.0
2621,0.0010339155201603,0.0012409124399127,0,0.0,0.0
2622,0.000641241088257,0.000698922210836,0,0.0,0.0
2623,0.0006447366150023,0.0004943581369813,0,0.0,0.0
2624,0.0005178351128011,0.0003993832258045,0,0.0,0.0
2625,0.0004643929574188,0.000331538491299,0,0.0,0.0
2626,0.0005159551036723,0.0001055669119401,0,0.0,0.0
2627,0.000702680481344,0.0008078475922558,0,0.0,0.0
2628,0.000981036203189,0.0009971132332959,0,0.0,0.0
2629,0.0006679952194588,0.0002560313667956,0,0.0,0.0
2630,0.0002144226521184,6.541649772316058e-05,0,0.0,0.0
2631,0.0002303659722429,6.117736764196692e-05,0,0.0,0.0
2632,0.0007568527319146,0.0001711587970167,0,0.0,0.0
2633,0.0027796261556493,0.0003741253650169,0,0.0,0.0
2634,0.0043047963661671,0.0005256011295162,0,0.0,0.0
2635,0.0046266846139801,0.0009687805400528,0,0.0,0.0
2636,0.0030751973768826,0.0010706982972152,0,0.0,0.0
2637,0.0031812509846984,0.0012085773164286,0,0.0,0.0
2638,0.0031731955289641,0.0019191904728942,0,0.0,0.0
2639,0.0032932983021714,0.0019063759678337,0,0.0,0.0
2640,0.0032494256759234,0.0023133832042025,0,0.0,0.0
2641,0.0030288036807507,0.002847928112099,0,0.0,0.0
2642,0.0026640926001939,0.0023151543943851,0,0.0,0.0
2643,0.0024904099398232,0.002349050132552,0,0.0,0.0
2644,0.0018066930080782,0.0022821451874976,0,0.0,0.0
2645,0.003900751828337,0.00197322873655,0,0.0,0.0
2646,0.0033791266539445,0.0021531818595461,0,0.0,0.0
2647,0.0027608428924688,0.0024284499777371,0,0.0,0.0
2648,0.00293398253075,0.0022038964184179,0,0.0,0.0
2649,0.0025049763094226,0.0022891952695508,0,0.0,0.0
2650,0.002225403293561,0.0027096219133867,0,0.0,0.0
2651,0.0031382809377076,0.0024295338240648,0,0.0,0.0
2652,0.0030932372284203,0.0021867124738292,0,0.0,0.0
2653,0.0009546050113434,0.0014443485931633,0,0.0,0.0
2654,0.0004125044923505,0.0008914414785911,0,0.0,0.0
2655,0.0005487174067734,0.0002062590211212,0,0.0,0.0
2656,0.0010461842340423,0.0005032226721842,0,0.0,0.0
2657,0.0010667055568886,0.0003762958574743,0,0.0,0.0
2658,0.0004770169152088,0.0004066235898326,0,0.0,0.0
2659,4.946509563813032e-05,0.0003166898595359,0,0.0,0.0
2660,0.0006724278969225,0.0005036972586097,0,0.0,0.0
2661,0.0018303868453952,0.0005956357066512,0,0.0,0.0
2662,0.0016740934864194,0.0001106646572157,0,0.0,0.0
2663,0.0017730126493603,0.0007394512111827,0,0.0,0.0
2664,0.0035238278622603,0.0015376018871737,0,0.0,0.0
2665,0.0042303297169852,0.0004945245981815,0,0.0,0.0
2666,0.0032662967850253,7.46401412509339e-05,0,0.0,0.0
2667,0.0019523712158423,0.0004345815856434,0,0.0,0.0
2668,0.0011236453397835,0.0006815500459586,0,0.0,0.0
2669,0.0016389684592898,0.0004980310994223,0,0.0,0.0
2670,0.0017369750391998,0.0001336128657132,0,0.0,0.0
2671,0.0018804783184362,0.0002237474860799,0,0.0,0.0
2672,0.0021385782167769,0.0002228013690807,0,0.0,0.0
2673,0.0036870308988388,0.0006880373951991,0,0.0,0.0
2674,0.0038202022103597,0.0009629576082563,0,0.0,0.0
2675,0.0030498966090106,0.0009327054633747,0,0.0,0.0
2676,0.0031284999688121,0.0009534058825599,0,0.0,0.0
2677,0.0032185966979593,0.0008051394082577,0,0.0,0.0
2678,0.0025001002861185,0.000892128305598,0,0.0,0.0
2679,0.0020423544510449,0.001542497730406,0,0.0,0.0
2680,0.0026304770945223,0.0018227803349842,0,0.0,0.0
2681,0.0033538272561044,0.001028873512143,0,0.0,0.0
2682,0.0030625268688704,0.0009373806455245,0,0.0,0.0
2683,0.0031485274627291,0.0020125258779308,0,0.0,0.0
2684,0.0030371282012958,0.0021039946138092,0,0.0,0.26554433
2685,0.0021814252848138,0.0014457019682671,0,0.0,0.5395411
2686,0.0022216117914695,0.0007162201904466,0,0.0,0.7426158
2687,0.0015256376626014,0.0005153248783593,0,0.0,0.84393185
2688,0.000853401327759,0.0004993502976915,0,0.0,0.8758107
2689,0.0008436856848925,0.0006220532663395,0,0.0,0.8889541
2690,0.0001833907105314,0.0017921431073979,0,0.0,0.88932467
2691,0.0005865399098831,0.001327531619266,0,0.0,0.88682956
2692,0.0007468189987423,0.0002441011847743,0,0.0,0.8869498
2693,0.0011473243032304,2.094999943366373e-05,0,0.0,0.8895469
2694,0.0003637284157519,8.146806273757589e-05,0,0.0,0.88652086
2695,0.0001046586207843,4.078452757266521e-05,0,0.0,0.86915594
2696,0.001289251017017,0.0001888089181016,0,0.0,0.78163725
2697,0.0044476497642672,0.0008193325480964,0,0.0,0.4594701
2698,0.0055911383085547,0.0008813920749969,0,0.0,0.14248969
2699,0.0036960727773745,0.0006429083603748,0,0.0,0.0
2700,0.0008709315546003,6.972109777928889e-05,0,0.0,0.0
2701,0.0003418457123307,0.0003509477228211,0,0.0,0.0
2702,0.0008875224419026,0.0001012961240744,0,0.0,0.0
2703,0.0013020349372415,0.0001597849471394,0,0.0,0.0
2704,0.0010076243331482,0.0001081095539187,0,0.0,0.0
2705,0.000887163498878,0.0002555101609919,0,0.0,0.0
2706,0.0010008079451284,0.000483588259894,0,0.0,0.0
2707,0.0014806577925697,0.000906414153753,0,0.0,0.0
2708,0.0015473298342261,0.0012511645625118,0,0.0,0.0
2709,0.0021526970543839,0.001713617386222,0,0.0,0.0
2710,0.002472052340774,0.0019722667852921,0,0.0,0.0
2711,0.0031303427372657,0.0022562112183798,0,0.0,0.0
2712,0.0027971173854979,0.002077348435079,0,0.0,0.0
2713,0.0023167866232289,0.0018343941398562,0,0.0,0.0
2714,0.0019937538548946,0.0029369154532193,0,0.0,0.0
2715,0.0030324405368953,0.0029600030977985,0,0.0,0.0
2716,0.0025738318193861,0.0033128656040594,0,0.0,0.0
2717,0.0027876666943946,0.0023979563507922,0,0.0,0.0
2718,0.0032389228692729,0.0024482923697835,0,0.0,0.0
2719,0.0022942744263719,0.0026492010977088,0,0.0,0.0
2720,0.0023024416428791,0.0029894441632379,0,0.0,0.0
2721,0.0035738185042426,0.0038372655960183,0,0.0,0.0
2722,0.0036144486699887,0.0026359721093809,0,0.0,0.0
2723,0.003332208653069,0.0021363244368304,0,0.0,0.0
2724,0.0043800858425584,0.0035183616101397,0,0.0,0.0
2725,0.0030763239644907,0.0026273779035813,0,0.0,0.0
2726,0.002703760184369,0.0017353774179316,0,0.0,0.0
2727,0.0016530476569356,0.0013570005662563,0,0.0,0.0
2728,0.0022233025586702,0.0008249576538299,0,0.0,0.0
2729,0.0019867554464659,0.0006332672010152,0,0.0,0.0
2730,0.0007247168473806,0.0009817158261414,0,0.0,0.0
2731,0.0005371905209747,0.0015140656514521,0,0.0,0.0
2732,0.0003621923176853,0.0024260087783848,0,0.0,0.0
2733,0.0002961472382602,0.0021339770814376,0,0.0,0.0
2734,0.0014786587028656,0.0012137774436463,0,0.0,0.0
2735,0.0019075301256662,0.0004741694425958,0,0.0,0.0
2736,0.0016887426371972,0.0002481070368049,0,0.0,0.0
2737,0.0016045802773336,0.0002642300802572,0,0.0,0.0
2738,0.0007503537174097,0.0001068160356931,0,0.0,0.0
2739,0.000859011081765,0.0007077156477252,0,0.0,0.0
2740,0.0020453565800828,0.0009379631826578,0,0.0,0.0
2741,0.0022161420948141,0.0013784967856203,0,0.0,0.0
2742,0.0008769756559803,0.0013801739462122,0,0.0,0.0
2743,0.0024447823132002,0.000243121325737,0,0.0,0.0
2744,0.0022070070975002,0.0011212314672507,0,0.0,0.0
2745,0.0025119817991982,0.0003393048222002,0,0.0,0.0
2746,0.0037445347375449,0.0013521218702463,0,0.0,0.0
2747,0.0018569297495664,0.0007467096869203,0,0.0,0.0
2748,0.0013514153743018,0.0002226978632611,0,0.0,0.0
2749,0.0015831441205476,0.0003333769176812,0,0.0,0.0
2750,0.0009740916846778,0.0001543315278485,0,0.0,0.0
2751,0.0015119398760135,0.0001466160759363,0,0.0,0.0
2752,0.001793289609099,0.000138181781091,0,0.0,0.0
2753,0.0004598211849981,0.000154961007567,0,0.0,0.0
2754,0.0023688272560731,6.595162115233372e-05,0,0.0,0.0
2755,0.0015794624441607,0.0001127469361789,0,0.0,0.0
2756,0.0003052724148934,5.451937150544411e-05,0,0.0,0.0
2757,0.0015036685061889,6.181290013877837e-05,0,0.0,0.0
2758,0.0009928343649512,4.618666006822308e-05,0,0.0,0.0
2759,0.0004991169384581,0.0002372992590015,0,0.0,0.0
2760,0.0025241466714908,0.0003258906891993,0,0.0,0.0
2761,0.0009549132149139,9.510709119893727e-05,0,0.0,0.0
2762,0.0007685014853045,2.3881499553445414e-05,0,0.0,0.0
2763,0.0016694633400214,0.0001395585652617,0,0.0,0.0
2764,0.0014289260595653,0.0003918615240098,0,0.0,0.0
2765,0.0002801694052039,0.0001320309601301,0,0.0,0.0
2766,0.0004573841757783,0.0001771325170191,0,0.0,0.0
2767,0.0005310732630922,0.0003260171591709,0,0.0,0.0
2768,0.0008138294946617,0.0001785124946939,0,0.0,0.0
2769,0.0018778576380548,0.0006160524972859,0,0.0,0.0
2770,0.0012574417527243,0.0003750128394915,0,0.0,0.0
2771,0.0011410430957263,7.477281148140072e-05,0,0.0,0.0
2772,0.0015801890778689,0.0001134115226899,0,0.0,0.0
2773,0.0011050132991589,9.706858466993364e-05,0,0.0,0.0
2774,0.0012290352389358,0.0002861202587926,0,0.0,0.0
2775,0.0026512565087462,0.0003952774095629,0,0.0,0.0
2776,0.002913896888176,0.0006666646432414,0,0.0,0.0
2777,0.0011690967689449,0.000525425551534,0,0.0,0.0
2778,0.0018794683748377,0.0006100661629873,0,0.0,0.0
2779,0.0020536563220561,0.0011966037822159,0,0.0,0.0
2780,0.0014691654537972,0.0004721119951595,0,0.0,0.0
2781,0.0012699888716909,5.546360730253385e-05,0,0.0,0.0
2782,0.001679099508979,0.0001269623130792,0,0.0,0.0
2783,0.0025832267811947,0.0003586211605017,0,0.0,0.0
2784,0.0030031083103878,0.0003342795054667,0,0.0,0.0
2785,0.002084736555821,5.809267884466689e-05,0,0.0,0.0
2786,0.0018151568389535,0.0005348066862099,0,0.0,0.0
2787,0.0011958212999953,0.0006847070269774,0,0.0,0.0
2788,0.0004594572095485,0.0002158032441946,0,0.0,0.0
2789,0.0008218957990392,0.0004985582627741,0,0.0,0.0
2790,0.0015090586180973,0.0008610154056246,0,0.0,0.0
2791,0.0022032915388659,0.0008853969856827,0,0.0,0.0
2792,0.0033908344591438,0.0014896052159157,0,0.0,0.0
2793,0.0040111412524609,0.002007914958567,0,0.0,0.0
2794,0.0045024932515459,0.0018292266947191,0,0.0,0.0
2795,0.0034151013827368,0.0027578577723032,0,0.0,0.0
2796,0.003066917858635,0.0022759019047061,0,0.0,0.0
2797,0.0026743033979374,0.0023813380043239,0,0.0,0.0
2798,0.00129064978127,0.0026430613237475,0,0.0,0.0
2799,0.0013190174688762,0.0019047219425935,0,0.0,0.0
2800,0.0028502387171495,0.0015944224395647,0,0.0,0.0
2801,0.003385562695803,0.0022351015896284,0,0.0,0.0
2802,0.0031217773055474,0.0026898719476327,0,0.0,0.0
2803,0.0031069371172939,0.0030403323902511,0,0.0,0.0
2804,0.0033841590995215,0.0035087813987896,0,0.0,0.0
2805,0.0029236188123334,0.0039134369768553,0,0.0,0.0
2806,0.0049513554961869,0.0047457585042966,0,0.0,0.0
2807,0.0046805033365242,0.0042165763793183,0,0.0,0.0
2808,0.0044989082872991,0.0034285282315059,0,0.0,0.0
2809,0.0047084070086164,0.00315173552318,0,0.0,0.0
2810,0.0049241071523198,0.0044391680488843,0,0.0,0.0
2811,0.0044702432266603,0.0044005607993129,0,0.0,0.0
2812,0.0045910015352403,0.0043989352527946,0,0.0,0.0
2813,0.0040673778423409,0.004682762000111,0,0.0,0.0
2814,0.0041905212866759,0.0045573995547036,0,0.0,0.0
2815,0.0036977508284453,0.0039942153252756,0,0.3270614,0.0
2816,0.0030794144907769,0.0029297845539966,0,0.7853414,0.0
2817,0.0025372382343375,0.0022131004639547,0,0.8999095,0.0
2818,0.0016044340472784,0.0026110899558727,0,0.9277668,0.0
2819,0.0007797070260169,0.0011190151192203,0,0.93981904,0.0
2820,0.001471642864607,0.0004697016507854,0,0.944553,0.0
2821,0.00129422441205,0.0008057812951926,0,0.9481326,0.0
2822,0.0016300969595023,0.0010325222817873,0,0.9484127,0.0
2823,0.002783180889718,0.0014480933980728,0,0.94531924,0.0
2824,0.0020649564616874,0.0020719273498974,0,0.947506,0.0
2825,0.0008243585280606,0.0019215822788104,0,0.94730127,0.0
2826,0.0012088728324671,0.0020672450100724,0,0.93901175,0.0
2827,0.0014643840579467,0.0021267268630027,0,0.9320491,0.0
2828,0.0024583582146787,0.0015592939437968,0,0.9106176,0.0
2829,0.0031759985754124,0.0008466352484851,0,0.8692553,0.0
2830,0.0029382548383811,0.0009134829569144,0,0.8423369,0.0
2831,0.0027844035568519,0.0010058673723612,0,0.8430662,0.0
2832,0.0016600147131421,0.0005530243360172,0,0.8646251,0.0
2833,0.0028649734419967,0.0005516190787844,0,0.9029253,0.0
2834,0.0022773336889602,0.0008061424032828,0,0.93540543,0.0
2835,0.0011883566176157,0.0002981044155039,0,0.9526367,0.0
2836,0.0011468007694034,0.0004332543443124,0,0.9623434,0.0
2837,0.0001369422608502,0.0001629424847701,0,0.9666311,0.0
2838,0.0010156423429004,0.0002393911967238,0,0.9645852,0.0
2839,0.0018648136267185,7.300189604650226e-05,0,0.9595307,0.0
2840,0.0019863216510588,0.0002724527984818,0,0.9548587,0.0
2841,0.0024398483978118,0.000268117102683,0,0.94246733,0.0
2842,0.0019809202974642,0.0003932472742531,0,0.9141773,0.0
2843,0.0009651645397603,0.0004183672004375,0,0.9050516,0.0
2844,0.0009545197959358,0.0004146587105764,0,0.89724225,0.0
2845,0.0016459111245267,0.0009384925430252,0,0.899764,0.0
2846,0.0015695553193564,0.0003615687880842,0,0.9136084,0.0
2847,0.002973635103503,0.0003318046713135,0,0.9237907,0.0
2848,0.0019354336424667,3.31875354534689e-05,0,0.9226852,0.0
2849,0.00146471844025,0.0002840369818768,0,0.9248089,0.0
2850,0.0014214128775976,0.0007341769593253,0,0.9275179,0.0
2851,0.0018370010578084,0.0005981726596973,0,0.92958343,0.0
2852,0.0026544512013133,0.0006421896892421,0,0.9396233,0.0
2853,0.0018073233720115,0.0006721479927612,0,0.9496573,0.0
2854,0.0017439759102599,8.555190684518444e-05,0,0.9541902,0.0
2855,0.0022526922455184,0.0002859591539499,0,0.9570391,0.0
2856,0.0025206124814382,0.0005477897629851,0,0.9557049,0.0
2857,0.0032277650400455,0.0008212799419876,0,0.94728166,0.0
2858,0.0030435834186214,0.0005625350213667,0,0.931527,0.0
2859,0.0023424668633296,0.0005656273290572,0,0.9124934,0.0
2860,0.0023362621034758,0.0006733084850494,0,0.8806994,0.0
2861,0.0025003598055421,0.0008657667232609,0,0.8353674,0.0
2862,0.0007444631831107,0.001301088160319,0,0.80280834,0.0
2863,0.001282232504734,0.0013966221985542,0,0.7821644,0.0
2864,0.0020608611934918,0.0008979494807535,0,0.7675058,0.0
2865,0.0024389188534405,0.000867091331884,0,0.7971428,0.0
2866,0.0016846417394784,0.0009774839252082,0,0.8270682,0.0
2867,0.0018148256376856,0.0008309290970336,0,0.8529599,0.0
2868,0.0015043057207964,0.0005164943398551,0,0.8809984,0.0
2869,0.0012329396011392,0.000385692037763,0,0.8991704,0.0
2870,0.0015225994798753,0.0003629436868218,0,0.9121306,0.0
2871,0.0003480858816966,0.0003086026515617,0,0.92075807,0.0
2872,0.0004863738983825,0.0002638769932351,0,0.9262586,0.0
2873,0.0005100200197848,0.0002727003320054,0,0.9306208,0.0
2874,0.0002220049599706,0.0002048658615556,0,0.9330387,0.0
2875,0.000285984391172,7.067474853079378e-05,0,0.9343633,0.0
2876,0.0009007278997142,0.0001409301976319,0,0.9358538,0.0
2877,0.0006051587471599,0.0003386625259968,0,0.93652755,0.0
2878,0.0007027697841459,0.00020707172417,0,0.93754953,0.0
2879,0.0001842977429121,3.4360193923800523e-05,0,0.9403126,0.0
2880,0.001462507736341,0.000164274967122,0,0.9444144,0.0
2881,0.0017994718553443,0.0004095906227352,0,0.9487568,0.0
2882,0.0011867748291539,0.0006160407533418,0,0.95225155,0.0
2883,0.0005920940518968,0.0005513305469717,0,0.95479643,0.0
2884,0.0007020992304654,0.0002533864243943,0,0.9565016,0.0
2885,0.0001531541501792,0.0003595560231791,0,0.9578407,0.0
2886,0.0001142433481259,0.0004460254672178,0,0.9584717,0.0
2887,0.0001981773501713,9.918541432559252e-05,0,0.9600547,0.0
2888,0.0008991729348021,4.287246752129096e-05,0,0.962035,0.0
2889,0.0004380807411412,0.000216582553252,0,0.9638204,0.0
2890,0.001637161325242,0.0003099744070196,0,0.96558833,0.0
2891,0.0014424017739295,0.0005393062899723,0,0.9667723,0.0
2892,0.0004682677615636,0.0004528906769406,0,0.96750385,0.0
2893,0.0005829847006679,0.0003195546533868,0,0.96722484,0.0
2894,0.0002388641283359,0.0005416699166719,0,0.9663275,0.0
2895,0.0003725988873559,0.0001708698867668,0,0.9645699,0.0
2896,0.000243863081207,9.736441662605104e-05,0,0.9616012,0.0
2897,0.0002312456968123,7.517655574263323e-05,0,0.95731217,0.0
2898,0.000777474343983,0.0001423313215717,0,0.9475508,0.0
2899,0.002826790295056,9.160710697539078e-05,0,0.92314905,0.0
2900,0.0052366981039649,5.921760736309908e-05,0,0.8104036,0.0
2901,0.0066224086041678,0.0003089536508242,0,0.303107,0.0
2902,0.0038638611903943,0.0008657263353416,0,0.0,0.0
2903,0.0025307428106851,0.0009575748823576,0,0.0,0.0
2904,0.0037823914488807,0.0016557839903518,0,0.0,0.0
2905,0.0040098917006201,0.0031981086320074,0,0.0,0.0
2906,0.0043516068297521,0.0038082815500357,0,0.0,0.0
2907,0.0054698219253606,0.0040116759741687,0,0.0,0.0
2908,0.0056624826734928,0.0044280792901033,0,0.0,0.0
2909,0.0057563497561611,0.0055510587061124,0,0.0,0.0
2910,0.0064412317756423,0.0081299372828128,0,0.0,0.0
2911,0.0055761255079609,0.0084978105600662,0,0.0,0.0
2912,0.0051788657615176,0.0050201972326759,0,0.0,0.0
2913,0.0051798042930554,0.004816858236614,0,0.0,0.0
2914,0.0041703554978872,0.0044558019400187,0,0.0,0.0
2915,0.0031147599168233,0.0034203746657682,0,0.0,0.0
2916,0.0034749308780707,0.003433479415644,0,0.0,0.0
2917,0.0044286728177088,0.0041083671785291,0,0.0,0.0
2918,0.0043962993269292,0.0039141617865918,0,0.0,0.0
2919,0.0050769827287668,0.0034695620533456,0,0.0,0.0
2920,0.0031665388847105,0.0026693002848994,0,0.0,0.0
2921,0.0017379911913432,0.0020450208480703,0,0.0,0.0
2922,0.0023757747215917,0.0026362249394815,0,0.0,0.0
2923,0.0034153900544038,0.00270824135652,0,0.0,0.0
2924,0.0037008570706519,0.0035435815661536,0,0.0,0.0
2925,0.0038402933742462,0.0025266047559481,0,0.0,0.0
2926,0.0040485519005645,0.0019011857339247,0,0.0,0.0
2927,0.0027650165409487,0.0014297143325789,0,0.0,0.0
2928,0.0012615590311063,0.0009297882922067,0,0.0,0.0
2929,0.0008445715367249,0.0002956932576579,0,0.0,0.0
2930,0.0009097655409025,2.3320693860543884e-05,0,0.0,0.0
2931,0.0024175886901836,0.0003573605829307,0,0.0,0.0
2932,0.0034052677905788,0.0013030544388622,0,0.0,0.0
2933,0.0016233251163928,0.0009274744345478,0,0.0,0.0
2934,0.0014150061807252,0.0010330789286871,0,0.0,0.0
2935,0.0018950559514463,0.0004773426014031,0,0.0,0.0
2936,0.0013975880561134,0.0002651521134842,0,0.0,0.0
2937,0.0021917904302695,0.0001007733702146,0,0.0,0.0
2938,0.0015150153034053,0.0002298269482832,0,0.0,0.0
2939,0.0006837827145548,0.0011187551614444,0,0.0,0.0
2940,0.0007347103976778,0.0013539017099408,0,0.0,0.0
2941,0.0016679942362065,0.0010287651646542,0,0.0,0.0
2942,0.0016828055146259,0.0011958863670573,0,0.0,0.0
2943,0.0012868425216304,0.0010701352049571,0,0.0,0.0
2944,0.0013712047354281,0.0009599660345043,0,0.0,0.0
2945,0.0012561955556482,0.0010889169689355,0,0.0,0.0
2946,0.0013992557526017,0.0011460894848045,0,0.0,0.0
2947,0.0019030574207117,0.0011136548473437,0,0.0,0.0
2948,0.0018415389557962,0.0010295068349006,0,0.0,0.0
2949,0.0016885288234037,0.0009855166768796,0,0.0,0.0
2950,0.0017336546057532,0.0005981428427032,0,0.0,0.0
2951,0.0007360035632353,0.0007019549796941,0,0.0,0.0
2952,0.0006800513809315,0.0003820796008261,0,0.0,0.0
2953,0.000382185069494,0.0001708673400572,0,0.0,0.0
2954,0.0007415430168005,0.0002745603609369,0,0.0,0.0
2955,0.0006277808066168,0.0004187032305134,0,0.0,0.0
2956,0.0006881604016656,0.0010635416181235,0,0.0,0.0
2957,0.0016311165024289,0.0015659675716132,0,0.0,0.0
2958,0.0031151129805314,0.0021410582837483,0,0.0,0.0
2959,0.002650070131569,0.0024194969965522,0,0.0,0.0
2960,0.0026060754343593,0.0026370829274322,0,0.0,0.0
2961,0.0036455169923789,0.0028868385672415,0,0.0,0.0
2962,0.0058487771930028,0.0029196940816535,0,0.0,0.0
2963,0.006751690807598,0.0016825007235513,0,0.0,0.0
2964,0.0073422465810238,0.0001928447541304,0,0.0,0.0
2965,0.00424589287879,0.0008949587406457,0,0.0,0.0
2966,0.0033049070238879,0.0022146641530553,0,0.0,0.0
2967,0.003809570525378,0.0017268596905785,0,0.0,0.0
2968,0.0034534679139097,0.0010610370590789,0,0.0,0.0
2969,0.0031295795741418,0.0010691203509056,0,0.0,0.0
2970,0.0025251737302519,0.0012278744650738,0,0.0,0.0
2971,0.0035320427697224,0.0017478033951786,0,0.0,0.0
2972,0.0038746974384863,0.0017527486911033,0,0.0,0.0
2973,0.0035325129442314,0.0012501623979283,0,0.0,0.0
2974,0.003565253003349,0.0014731313372688,0,0.0,0.0
2975,0.0030766859594943,0.0020614613217127,0,0.0,0.0
2976,0.003296745506358,0.0024270624253624,0,0.0,0.0
2977,0.0027089811545603,0.002110786493897,0,0.0,0.0
2978,0.0024045690220476,0.0014946726577953,0,0.0,0.0
2979,0.0050893954356917,0.0023019019001195,0,0.0,0.0
2980,0.0051636462660392,0.0020775458020515,0,0.0,0.0
2981,0.0033831528133221,0.0005365664050455,0,0.112309866,0.0
2982,0.0035344133577058,0.000914595498517,0,0.21398656,0.0
2983,0.0017897825284194,0.0013368678224394,0,0.34938154,0.0
2984,0.0022099937338851,0.0015074067374925,0,0.5038119,0.0
2985,0.0036513767861775,0.0015326557164202,0,0.66945046,0.0
2986,0.0024722832481198,0.0017473740783068,0,0.7634851,0.0
2987,0.0021142197577026,0.0015834741851074,0,0.8055901,0.0
2988,0.0010329888016326,0.0004446849303638,0,0.8447763,0.0
2989,0.000507680012023,0.0001667102811479,0,0.858572,0.0
2990,0.0017212678638134,0.0001797212057786,0,0.866684,0.0
2991,0.0013138207777257,0.0001881873353395,0,0.87522215,0.0
2992,0.000452031256346,0.0001860937332189,0,0.87670493,0.0
2993,0.0005250318069425,0.0001706544478387,0,0.8802732,0.0
2994,3.9293477645581065e-05,0.0001404980480537,0,0.8883668,0.0
2995,0.0009826680316175,8.888702866915316e-05,0,0.8974741,0.0
2996,0.0019914662139995,0.0001304262990935,0,0.90491074,0.0
2997,0.0024997413620484,0.0006149300933292,0,0.9085978,0.0
2998,0.0014583532058077,0.000352830431511,0,0.9101092,0.0
2999,0.0008297815668559,0.0002322236912706,0,0.9102241,0.0
3000,0.00066005055269,7.740502161258749e-05,0,0.91108394,0.0
3001,0.0003121322683822,7.955531046327005e-05,0,0.91152817,0.0
3002,0.0007180879095547,0.0001208453218239,0,0.9086385,0.0
3003,0.0009590390730007,0.0004480518044147,0,0.90181524,0.0
3004,0.001239107338226,0.0003126130051277,0,0.8845465,0.0
3005,0.0026572534103195,0.0004198898798924,0,0.8630942,0.0
3006,0.0019267017154869,0.0002256526115572,0,0.82702464,0.0
3007,0.0005598812594399,0.0001125869035006,0,0.7460369,0.0
3008,0.0004826808096298,5.650789892152207e-05,0,0.5952025,0.0
3009,0.003373270451768,0.0001131833566933,0,0.3159769,0.0
3010,0.0079061751155562,0.0003972961766132,0,0.11712093,0.0
3011,0.0067677457333092,0.000376564916158,0,0.0,0.0
3012,0.0052043651948219,0.0015749480576455,0,0.0,0.0
3013,0.0049373796644568,0.0034706736638998,0,0.0,0.0
3014,0.0067725670445625,0.0055327163659951,0,0.0,0.0
3015,0.0070654859502428,0.0074081089788695,0,0.0,0.0
3016,0.0075984114875536,0.0076689385016071,0,0.0,0.0
3017,0.0085645750485017,0.0070325327463431,0,0.0,0.0
3018,0.0092803329682234,0.0070484913492176,0,0.0,0.0
3019,0.0087246992665715,0.00781485578818,0,0.0,0.0
3020,0.0092969302741389,0.0087709176459368,0,0.0,0.0
3021,0.0106570202304877,0.0112350215736978,0,0.0,0.0
3022,0.0089309426288733,0.0118382345039409,0,0.0,0.0
3023,0.0071367166453098,0.0089533588106839,0,0.0,0.0
3024,0.0058905810866015,0.0071684858518017,0,0.0,0.0
3025,0.0056007637430993,0.0068038712682348,0,0.0,0.0
3026,0.0052166628881053,0.0057103374441601,0,0.0,0.0
3027,0.003353633974656,0.0059339129653413,0,0.0,0.0
3028,0.0048804218487735,0.0058218223000799,0,0.0,0.0
3029,0.0035716494747203,0.0050539232691252,0,0.0,0.0
3030,0.0036627734828075,0.0047208746054987,0,0.0,0.0
3031,0.0043157951895965,0.0027599836619327,0,0.0,0.0
3032,0.0032227614227659,0.0022166557536173,0,0.0,0.0
3033,0.0024921676204742,0.0019693465376091,0,0.0,0.0
3034,0.0050131217464263,0.0014027286831712,0,0.0,0.0
3035,0.0039843254334528,0.0012343752357444,0,0.0,0.0
3036,0.002117093424134,0.0016860196896196,0,0.0,0.0
3037,0.0016284109573079,0.0016037503031023,0,0.0,0.0
3038,0.00118257551302,0.0012243217233057,0,0.0,0.0
3039,0.0013023595613857,0.000708524479758,0,0.0,0.0
3040,0.0003986166619356,0.0002281667621091,0,0.0,0.0
3041,0.0009985821221933,0.0012898864326351,0,0.0,0.0
3042,0.0024779813413664,0.0013437183421103,0,0.0,0.0
3043,0.0022087075000422,0.0015170483400312,0,0.0,0.0
3044,0.0018570153079976,0.0016185506247518,0,0.0,0.0
3045,0.0015735881145901,0.0012809670187053,0,0.0,0.0
3046,0.0021522042392671,0.0011192127574274,0,0.0,0.0
3047,0.0031296330538566,0.0006233774754762,0,0.0,0.0
3048,0.004720183470642,0.0005644622165619,0,0.0,0.0
3049,0.0042974017226257,0.0002664425265009,0,0.0,0.0
3050,0.0037902553365368,0.00049620058639,0,0.0,0.0
3051,0.0023565709525782,0.0004237061471245,0,0.0,0.0
3052,0.0020619035209075,0.0004715913835396,0,0.0,0.0
3053,0.0042253415194283,0.0005878058404426,0,0.0,0.0
3054,0.0045198380884757,0.0009382446838942,0,0.0,0.0
3055,0.003372328051639,0.0009924976783875,0,0.0,0.0
3056,0.0026662352923077,0.0012191820227399,0,0.0,0.0
3057,0.0031885372737735,0.0015484408505114,0,0.0,0.0
3058,0.0023188497775862,0.0024335472062906,0,0.0,0.0
3059,0.0028952990916815,0.0031312191275348,0,0.0,0.0
3060,0.0011601353869534,0.0022434942938952,0,0.0,0.0
3061,0.0004288365555483,0.001229289479786,0,0.0,0.0
3062,0.0010155593017441,0.0005987328824709,0,0.0,0.0
3063,0.0015284520647541,6.367111447835396e-05,0,0.0,0.0
3064,0.0018668798894343,0.0007309653161811,0,0.0,0.0
3065,0.0022172551197002,0.0005633723036778,0,0.0,0.0
3066,0.0027275355844541,0.0006182729075635,0,0.0,0.0
3067,0.0016498843802436,0.0005725646160601,0,0.0,0.0
3068,0.0005328703486058,0.0007331030853235,0,0.0,0.0
3069,0.0005018570520416,0.0009555939542537,0,0.0,0.0
3070,0.0009700536519103,0.0009547089826024,0,0.0,0.0
3071,0.0004779591891308,0.0012717368212676,0,0.0,0.0
3072,0.0016944772025248,0.0018174640242264,0,0.0,0.0
3073,0.0037296666382995,0.0018677220617713,0,0.0,0.0
3074,0.0068075268202639,0.0025068041234272,0,0.0,0.0
3075,0.0072363395421776,0.0032809946421252,0,0.0,0.0
3076,0.0068816803720508,0.0031037160081434,0,0.0,0.0
3077,0.0096660155842942,0.0027753104958033,0,0.0,0.0
3078,0.0085248266105604,0.0014256565375115,0,0.0,0.0
3079,0.005674467058988,0.0005543800464116,0,0.0,0.0
3080,0.0044671088292388,0.0013746952542341,0,0.0,0.0
3081,0.0044985133043004,0.0016927968785777,0,0.0,0.0
3082,0.0038983869695369,0.0012883979294542,0,0.0,0.0
3083,0.0027032452725356,0.0010920623061265,0,0.0,0.0
3084,0.0016952516464932,0.0007822489366032,0,0.0,0.0
3085,0.0014357988470591,0.0007924519545628,0,0.0,0.0
3086,0.0007624824100625,0.0003769968592176,0,0.0,0.0
3087,0.0006026721875357,0.0003001921975163,0,0.0,0.0
3088,0.0010007168718358,0.0002541907336212,0,0.0,0.0
3089,0.0031667613628814,0.0003493451084739,0,0.0,0.0
3090,0.0048064656595832,0.0004598772527397,0,0.0,0.0
3091,0.0036438611098676,0.0006709818265477,0,0.0,0.0
3092,0.002763737446486,0.0002694741605614,0,0.0,0.0
3093,0.0013102471121591,0.0002423739253826,0,0.0,0.0
3094,0.0011491023074895,0.0012557092441971,0,0.0,0.0
3095,0.0016328307391639,0.0012057153512133,0,0.0,0.0
3096,0.0022247318034526,0.0007849761645685,0,0.0,0.0
3097,0.0014209408682753,0.0006271157413769,0,0.0,0.0
3098,0.0015166852952773,0.0009202657622319,0,0.0,0.0
3099,0.0014187689736743,0.0005925904875788,0,0.0,0.0
3100,0.0007885788875452,0.0001316705808654,0,0.0,0.0
3101,0.0004492542307338,0.0002609481655517,0,0.0,0.0
3102,0.0001774154692192,0.0002420441485514,0,0.0,0.0
3103,0.0002414604796456,6.165301500916053e-05,0,0.0,0.0
3104,0.0001447490074852,0.0001025878680592,0,0.0,0.0
3105,0.0001494641037604,0.0002786765128852,0,0.0,0.0
3106,3.379742462941778e-05,0.000259450312503,0,0.0,0.0
3107,8.556168130725135e-05,5.225751945184677e-05,0,0.0,0.0
3108,0.0001281437910153,4.172849360140114e-05,0,0.0,0.0
3109,0.0002008904239682,4.201578773286035e-05,0,0.0,0.0
3110,5.598466427738607e-05,2.1292001561993047e-05,0,0.0,0.0
3111,9.935330539318852e-06,3.619065501238536e-05,0,0.0,0.0
3112,4.368630693846019e-05,5.307911733288032e-05,0,0.0,0.0
3113,1.7265164361545056e-05,6.625174434832249e-06,0,0.0,0.0
3114,3.705572049981717e-05,8.670296900557035e-05,0,0.0,0.0
3115,6.165672749427308e-05,9.896698916652943e-05,0,0.0,0.0
3116,4.926589331790523e-05,6.255401004100167e-05,0,0.0,0.0
3117,9.425125069973516e-05,5.795354865746672e-05,0,0.0,0.0
3118,0.0002021385410549,7.528234076342283e-05,0,0.0,0.0
3119,3.4371838608188846e-05,1.7086722799476567e-05,0,0.0,0.0
3120,6.295694693932665e-05,2.229848010025985e-05,0,0.0,0.0
3121,3.648700265779685e-05,9.54778084777082e-05,0,0.0,0.0
3122,3.824296018565889e-05,0.0001205559003965,0,0.0,0.0
3123,1.1426646326812876e-05,2.9732025776830556e-05,0,0.0,0.0
3124,1.975994209773256e-05,2.537907077051204e-05,0,0.0,0.0
3125,1.3621036536487115e-05,0.0001032742915088,0,0.0,0.0
3126,3.368906382997176e-05,1.4928972818423904e-05,0,0.0,0.0
3127,2.4743262502364186e-05,4.4335306360351125e-05,0,0.0,0.0
3128,0.0002901595474152,2.1721685957302744e-05,0,0.0,0.0
3129,0.0011396759623489,0.0001153222703627,0,0.0,0.0
3130,0.0004455928414433,0.000471036835104,0,0.0,0.0
3131,0.0038308501934317,0.0006691594198904,0,0.0,0.0
3132,0.0053671248522394,0.0011625585227411,0,0.0,0.0
3133,0.0045833661529101,0.0010791340737993,0,0.0,0.0
3134,0.0035611514961579,0.0009356042457399,0,0.0,0.0
3135,0.0039058018716341,0.0021986099965533,0,0.0,0.0
3136,0.0034100286275524,0.0029490170976832,0,0.0,0.0
3137,0.0029475950006188,0.0023133593592451,0,0.0,0.0
3138,0.0026836772599557,0.0029268398186017,0,0.0,0.0
3139,0.0022637638340262,0.0022917639283539,0,0.0,0.0
3140,0.0028981547721501,0.001235232386633,0,0.0,0.0
3141,0.0018190893321044,0.0006041424494642,0,0.0,0.0
3142,0.0007732203415059,0.0003736018094812,0,0.0,0.0
3143,0.0002173040012939,0.0002923953285087,0,0.0,0.0
3144,0.0016772614097087,0.0007331859849304,0,0.0,0.0
3145,0.002704589342922,0.0009706284648155,0,0.0,0.0
3146,0.0033421425784426,0.0013393667008363,0,0.0,0.0
3147,0.0038683380442043,0.0016163918614761,0,0.0,0.0
3148,0.0033383101613558,0.0023993152603261,0,0.0,0.0
3149,0.0035590013346694,0.0026223041119992,0,0.0,0.0
3150,0.0034671820431043,0.0026430297814355,0,0.0,0.0
3151,0.0038612141714377,0.0027259162270485,0,0.0,0.0
3152,0.0043493256878609,0.0023379463609407,0,0.0,0.0
3153,0.0035783716832751,0.0024814967239776,0,0.14843011,0.0
3154,0.0033676414138623,0.003510173239614,0,0.31430328,0.0
3155,0.0038449751664509,0.003995679712479,0,0.5383127,0.0
3156,0.00308539897834,0.0031538875576769,0,0.7446744,0.0
3157,0.0023267185637328,0.0027943335279403,0,0.8687608,0.0
3158,0.0020602088287495,0.0015282268454636,0,0.9256743,0.0
3159,0.0030774895365601,0.0011490119179606,0,0.9479607,0.0
3160,0.0017418278377795,0.0010848597238367,0,0.9564751,0.0
3161,0.0006180382217827,0.0010125439829799,0,0.9597962,0.0
3162,0.0006639062088037,0.0005826766409737,0,0.9623414,0.0
3163,0.000307948796487,0.0002057673748967,0,0.9639089,0.0
3164,0.0001917527845595,1.2788951247137172e-05,0,0.9641009,0.0
3165,4.199619714968689e-05,0.0001020151241306,0,0.96376824,0.0
3166,3.934602584563491e-05,0.0001979256969012,0,0.96342933,0.0
3167,4.7467768212571245e-05,8.719100653382501e-05,0,0.96282244,0.0
3168,1.564490667060402e-05,0.0001162984906209,0,0.9622285,0.0
3169,5.596054943321935e-06,3.2587154156952785e-05,0,0.96193016,0.0
3170,4.110277615960269e-05,0.0001284169048404,0,0.9615643,0.0
3171,3.707244045359777e-05,0.000136509142657,0,0.9614719,0.0
3172,5.552340585290063e-06,6.317199628517931e-05,0,0.96138346,0.0
3173,0.0001474334746389,2.1532991204774563e-05,0,0.961182,0.0
3174,0.0003882441021865,5.699065003778824e-05,0,0.96122533,0.0
3175,0.0001008005122753,3.908706316786625e-05,0,0.9614081,0.0
3176,2.1367680283048725e-05,6.471016214900686e-05,0,0.96132225,0.0
3177,7.651218108284436e-05,3.615200422483256e-05,0,0.9597617,0.0
3178,0.0001054753027893,1.862175309386669e-05,0,0.9556088,0.0
3179,0.0001044690587754,3.280037996987355e-05,0,0.94530976,0.0
3180,0.0006329660380462,0.0001347851538633,0,0.90005386,0.0
3181,0.003434432020633,0.0010952856786657,0,0.5732158,0.0
3182,0.0077343596706862,0.0039265947765441,0,0.11976134,0.0
3183,0.0100337577072555,0.0045723037817913,0,0.0,0.0
3184,0.0096946702280733,0.0030395907852916,0,0.0,0.0
3185,0.0074687083186306,0.0014893837518498,0,0.0,0.0
3186,0.0062460431670801,0.0015400439952488,0,0.0,0.0
3187,0.0056301082633943,0.00127297165058,0,0.0,0.0
3188,0.0066197770403527,0.0008582179787917,0,0.0,0.0
3189,0.0073005667223493,0.0020500548018075,0,0.0,0.0
3190,0.0065152876948336,0.0034632518859736,0,0.0,0.0
3191,0.0072962235155521,0.0040389528863435,0,0.0,0.0
3192,0.0077673065190483,0.0044913370453741,0,0.0,0.0
3193,0.008010100319917,0.0061280665034796,0,0.0,0.0
3194,0.0071559161173367,0.0068296636342587,0,0.0,0.0
3195,0.0064094424727616,0.0076801357534418,0,0.0,0.0
3196,0.0060264332677452,0.007320370768105,0,0.0,0.0
3197,0.004927658913648,0.0061013019180918,0,0.0,0.0
3198,0.0036982520629828,0.0056420556558461,0,0.0,0.0
3199,0.0041642148667397,0.0052082441148704,0,0.0,0.0
3200,0.0062232565046382,0.00492004969711,0,0.0,0.0
3201,0.0065649937932915,0.0052832183690447,0,0.0,0.0
3202,0.0065396362755984,0.0057699365424206,0,0.0,0.0
3203,0.0048384420431742,0.0052129708799749,0,0.0,0.0
3204,0.0051832960598868,0.0045702727625182,0,0.0,0.0
3205,0.004374785686732,0.0037226864721365,0,0.0,0.0
3206,0.003594827297499,0.0045495495688102,0,0.0,0.0
3207,0.0042062641876892,0.0036208941689119,0,0.0,0.0
3208,0.0071380517621641,0.0059778238384781,0,0.0,0.0
3209,0.0088934511275842,0.00889678736765,0,0.0,0.0
3210,0.0091779692723947,0.0099189759998209,0,0.0,0.0
3211,0.0088216387301751,0.0086156066459949,0,0.0,0.0
3212,0.0095256908627991,0.0087904134242304,0,0.0,0.0
3213,0.0076678951620001,0.0092203927037486,0,0.0,0.0
3214,0.0065828123065473,0.0090185457862594,0,0.0,0.0
3215,0.0060349867534085,0.0074222309183899,0,0.0,0.0
3216,0.0069082154918355,0.0058563699814193,0,0.0,0.0
3217,0.0061456044072405,0.0056250542824496,0,0.0,0.0
3218,0.0047285455615563,0.0055815908541992,0,0.0,0.0
3219,0.0048729028422001,0.0051267425138116,0,0.0,0.0
3220,0.0051552530076959,0.0043706442335982,0,0.0,0.0
3221,0.0049608931670027,0.0054025897599132,0,0.0,0.0
3222,0.0051824226759317,0.0056110889818437,0,0.0,0.0
3223,0.0043694723888799,0.0052915496451099,0,0.0,0.0
3224,0.0051597476628347,0.0065500213924044,0,0.0,0.0
3225,0.0053384828518873,0.0053511404649564,0,0.0,0.0
3226,0.0044360978798774,0.0042641352959405,0,0.0,0.0
3227,0.0037925012667368,0.0037815094215421,0,0.0,0.0
3228,0.0039000503126899,0.0029903397222704,0,0.0,0.0
3229,0.0024063158400879,0.0022831980572787,0,0.0,0.0
3230,0.0013729785493604,0.0024796902170532,0,0.0,0.0
3231,0.0015360731510153,0.0005317408319057,0,0.0,0.0
3232,0.0053050938272532,0.000225970923837,0,0.0,0.0
3233,0.0053869705656988,0.0003855492091214,0,0.0,0.0
3234,0.0043646392258609,0.0003018905716656,0,0.0,0.0
3235,0.0029854271211901,0.0009809656459792,0,0.0,0.0
3236,0.001912135080956,0.0005770613235178,0,0.0,0.0
3237,0.0010671675860119,0.0005272024898234,0,0.0,0.0
3238,0.0001566138062481,0.0001337022072707,0,0.0,0.0
3239,0.0010653508681184,0.0003197934119191,0,0.0,0.0
3240,0.0012262857175694,0.0006209245607867,0,0.0,0.0
3241,0.0008015145181359,0.0010729170924278,0,0.0,0.0
3242,0.0014145103933208,0.0010615446165527,0,0.0,0.0
3243,0.00044103628409,0.0003866935335527,0,0.0,0.0
3244,0.0006937610578053,0.0008694326107503,0,0.0,0.0
3245,0.0015231978889118,0.00049638894505,0,0.0,0.0
3246,0.0021329871103438,0.000377319599234,0,0.0,0.0
3247,0.0010852791103772,0.0003557614538954,0,0.0,0.0
3248,0.0004705697080861,0.0006147870870851,0,0.0,0.0
3249,0.0005934461269929,0.0007956359187985,0,0.0,0.0
3250,0.0004393182798745,0.000263450978738,0,0.0,0.0
3251,0.0006077169963977,4.445700548536053e-05,0,0.0,0.0
3252,0.0008011864847055,4.420520562696699e-05,0,0.0,0.0
3253,0.0001259080211191,2.8932269199570872e-05,0,0.0,0.0
3254,0.0003616910182799,6.803679073983903e-05,0,0.0,0.0
3255,0.0003790367657911,0.0002579972264778,0,0.0,0.0
3256,0.0002393399825763,0.0006332124591794,0,0.0,0.0
3257,0.0001302403583689,0.0001847769921948,0,0.0,0.0
3258,0.0002588846359381,7.832973517164948e-05,0,0.0,0.0
3259,0.0003331496946436,0.000249972616095,0,0.0,0.0
3260,0.0002235101847516,0.0001569708112885,0,0.0,0.0
3261,0.0003260109580992,9.311903611799576e-05,0,0.0,0.0
3262,0.0001501632502064,0.000103531248509,0,0.0,0.0
3263,0.0001142878780029,1.2223986989533256e-05,0,0.0,0.0
3264,6.194897629731804e-05,0.0001456751510676,0,0.0,0.0
3265,6.932320307368128e-05,8.587159141331683e-05,0,0.0,0.0
3266,0.0001562992706325,6.447083798709842e-05,0,0.0,0.0
3267,8.391293701138079e-05,4.9791161160007904e-05,0,0.0,0.0
3268,1.9369818372923007e-05,9.65791750109732e-06,0,0.0,0.0
3269,6.990230205426528e-05,2.756558328495745e-05,0,0.0,0.0
3270,4.421889040001845e-05,8.638504251750194e-05,0,0.0,0.0
3271,9.929088348788766e-05,2.863958768413661e-05,0,0.0,0.0
3272,6.237336836452993e-05,3.625619095742079e-05,0,0.0,0.0
3273,0.0001198821016803,0.0001431672908025,0,0.0,0.0
3274,0.000480486592758,0.0002170986278059,0,0.0,0.0
3275,0.0012276221479209,0.0004456907062557,0,0.0,0.0
3276,0.0019004779154868,0.0006382632445371,0,0.0,0.0
3277,0.001631888440484,0.0008370092830265,0,0.0,0.0
3278,0.0026469782686308,0.0009582624506666,0,0.0,0.0
3279,0.0036062647108229,0.0011382747620345,0,0.0,0.0
3280,0.0036622465225302,0.0007561515433228,0,0.0,0.0
3281,0.0021367630122371,0.0002949448837476,0,0.0,0.0
3282,0.0009887379412223,0.000257013275316,0,0.0,0.0
3283,0.0005396843843051,0.0001722255783739,0,0.0,0.0
3284,0.0006302332170785,0.0001427501665253,0,0.0,0.0
3285,0.0011691025897813,0.0001401009761969,0,0.0,0.0
3286,0.0019722793794001,0.0001374593599287,0,0.0,0.0
3287,0.0019437592424752,0.0001348418545566,0,0.0,0.0
3288,0.0025912832000843,0.0001322437969418,0,0.0,0.0
3289,0.0029113254513278,0.0001296511702735,0,0.0,0.0
3290,0.0028261771817937,0.0001270854100008,0,0.0,0.0
3291,0.0021242619515959,0.0001245336168615,0,0.0,0.0
3292,0.0008749753398874,0.0001220151320212,0,0.0,0.0
3293,0.0005700093191434,0.0001194860796435,0,0.0,0.0
3294,0.0004352643163928,0.0001169864391297,0,0.0,0.0
3295,0.0004095354971152,0.0001145254105163,0,0.0,0.0
3296,6.490407101376164e-05,0.0001120538153458,0,0.0,0.0
3297,0.0003137105901698,0.0001096087395795,0,0.0,0.0
3298,0.0009194965302077,0.0001071868994916,0,0.0,0.0
3299,0.0003330536942669,0.0001047697598264,0,0.0,0.0
3300,0.0001431790440472,0.0001023866176063,0,0.0,0.0
3301,0.0004918947605563,0.0001000106689892,0,0.0,0.0
3302,0.0010131991072044,9.765841408496635e-05,0,0.0,0.0
3303,0.001154913214267,9.531072373133828e-05,0,0.0,0.0
3304,0.0009401019252302,9.299173346964872e-05,0,0.0,0.0
3305,0.0006782586438787,9.069266509625732e-05,0,0.0,0.0
3306,0.0006403506488028,8.840598096193495e-05,0,0.0,0.0
3307,0.0004953887097356,8.613234026401237e-05,0,0.0,0.0
3308,0.0005243575265308,8.38784463329535e-05,0,0.0,0.0
3309,0.0004282277866562,8.164358226126285e-05,0,0.0,0.0
3310,0.0005392854104626,7.942251834974007e-05,0,0.0,0.0
3311,0.0008594951045211,7.722456300924417e-05,0,0.0,0.0
3312,0.0009253916343189,7.503241538468373e-05,0,0.0,0.0
3313,0.0003697304880146,7.287455684394778e-05,0,0.0,0.0
3314,0.0002062836153486,7.072109851787393e-05,0,0.0,0.0
3315,0.0001968839868928,6.857727062382845e-05,0,0.0,0.0
3316,0.0001118918472039,6.646603503997337e-05,0,0.0,0.0
3317,0.0001745823441469,6.43650319684409e-05,0,0.0,0.0
3318,0.0001135301167964,6.227792234716295e-05,0,0.0,0.0
3319,0.0006290421746025,6.0217589042218366e-05,0,0.0,0.0
3320,2.7930440121290912e-05,5.816102421058784e-05,0,0.0,0.0
3321,0.0006240118217995,5.61295305133416e-05,0,0.0,0.0
3322,0.000221205054973,5.410808380718413e-05,0,0.0,0.0
3323,5.534503119689273e-05,5.209937483923227e-05,1,0.0,0.0
3324,0.0001362408991242,5.010657291348054e-05,0,0.0,0.0
3325,0.0004167491694438,4.814667054519735e-05,0,0.0,0.0
3326,0.0001924728235885,4.6202152481280575e-05,0,0.0,0.0
3327,8.789107428087601e-05,4.424621187122333e-05,0,0.0,0.0
3328,2.491473795190731e-05,4.2337703459799456e-05,0,0.0,0.0
3329,6.069908988848144e-05,4.04203522767931e-05,0,0.0,0.0
3330,3.707881009685477e-05,3.853683554384157e-05,0,0.0,0.0
3331,6.074119241008502e-05,3.6655106453843e-05,0,0.0,0.0
3332,1.2899409900625496e-05,3.480695493194453e-05,0,0.0,0.0
3333,0.0001070017875562,3.295914837978353e-05,0,0.0,0.0
3334,0.0001498509314324,3.1130279582763254e-05,0,0.0,0.0
3335,8.81145942832284e-05,2.931479456554657e-05,0,0.0,0.0
3336,0.0001543126925301,2.751548614098441e-05,0,0.0,0.0
3337,0.0001470231652224,2.5734689740739067e-05,0,0.0,0.0
3338,0.0003201920218614,2.396578646289879e-05,0,0.0,0.0
3339,0.0014632058792532,2.222273987986274e-05,0,0.0,0.0
3340,0.0017016550939156,2.0476707398955563e-05,0,0.0,0.0
3341,0.0020159565681812,1.8759605332548943e-05,0,0.0,0.0
3342,0.0042731311916594,1.7053436905928683e-05,0,0.0,0.0
3343,0.0046465639902231,1.5366807538474673e-05,0,0.0,0.0
3344,0.0024513430139436,1.3677199340532257e-05,0,0.0,0.0
3345,0.0016478245773747,1.2025012640936362e-05,0,0.0,0.0
3346,0.0021325196829604,1.037251736938034e-05,0,0.0,0.0
3347,0.0031739842775152,8.737209059398241e-06,0,0.0,0.0
3348,0.0035562686341201,7.114650787317436e-06,0,0.0,0.0
3349,0.0031811025879019,5.517341668090093e-06,0,0.0,0.0
3350,0.0020547632132705,3.918307835212182e-06,0,0.0,0.0
3351,0.0020817943141441,2.2107947183099334e-06,0,0.0,0.0
3352,0.0032678019901585,0.0001980975004066,0,0.0,0.0
3353,0.0029043826150599,0.0008724387597999,0,0.0,0.0
3354,0.0017606483309286,0.0005321057374958,0,0.0,0.0
3355,0.0006616729128478,0.0002102727429326,0,0.0,0.0
3356,0.000692704649483,0.0001632102951352,0,0.0,0.0
3357,0.0017109537466932,0.0003071255964481,0,0.0,0.0
3358,0.0025380338401865,0.0002203132821867,0,0.0,0.0
3359,0.0039475778474377,0.0002988193706919,0,0.0,0.0
3360,0.0041135203115467,0.0006664409583351,0,0.0,0.0
3361,0.002742720321046,0.0002861338434154,0,0.0,0.0
3362,0.0025813350641134,0.0002858649925633,0,0.0,0.0
3363,0.0018839939509803,0.0006764425059458,0,0.0,0.0
3364,0.001245063546196,0.0013034766722002,0,0.0,0.0
3365,0.0014286093162213,0.0007034203394282,0,0.0,0.0
3366,0.0040632419352059,0.0001116796689264,0,0.0,0.0
3367,0.0068138964307022,0.0005401756814188,0,0.0,0.0
3368,0.0086737005244653,0.0003815895197349,0,0.0,0.0
3369,0.0082568744847467,0.0002880668797453,0,0.0,0.0
3370,0.0062633213231967,0.0001638726779228,0,0.0,0.0
3371,0.0042175466818001,0.0006074702685846,0,0.0,0.0
3372,0.0023255657772461,0.0004570474399337,0,0.0,0.0
3373,0.0014518340091509,0.0003717203617598,0,0.0,0.0
3374,0.0005476541286188,0.0002138468238639,0,0.0,0.0
3375,0.0004538657616234,0.0002856678991407,0,0.0,0.0
3376,0.0014276863632225,0.0003129956473801,0,0.0,0.0
3377,0.0019992639602899,0.0003571599286682,0,0.0,0.0
3378,0.0037843084647,0.0005694695820188,0,0.0,0.0
3379,0.0042461799122203,0.0001540264496703,0,0.0,0.0
3380,0.0034801780818352,0.0002393125264289,0,0.0,0.0
3381,0.0029033019437711,0.0006416032099004,0,0.0,0.0
3382,0.0023687761183173,0.0001369614237498,0,0.0,0.0
3383,0.0006873245921984,8.500797936223926e-05,0,0.0,0.0
3384,0.000219871194479,8.381315971211264e-05,0,0.0,0.0
3385,9.53884228248512e-05,0.0001336817654139,0,0.0,0.0
3386,0.00087211491238,6.72093324002499e-05,0,0.0,0.0
3387,0.0024098838861461,0.0001214518727488,0,0.0,0.0
3388,0.0020218779084109,0.0005566678331995,0,0.0,0.0
3389,0.0019365437102026,0.0006541951155464,0,0.0,0.0
3390,0.0027841695125979,0.0004022071043299,0,0.0,0.0
3391,0.0025118381907586,0.0001198971473556,0,0.0,0.0
3392,0.0026864039242343,0.0002709793661457,0,0.0,0.0
3393,0.0021932785129515,0.0005772560995081,0,0.0,0.0
3394,0.0025492620730346,0.0007689596783002,0,0.0,0.0
3395,0.0007306529021242,0.0001513546014116,0,0.0,0.0
3396,0.0001365624102133,0.0001524954125153,0,0.0,0.0
3397,0.0001542784290744,0.0003552085980756,0,0.0,0.0
3398,0.0004759804338424,0.0004126601585125,0,0.0,0.0
3399,0.0006746157627835,0.0002063048460494,0,0.0,0.0
3400,0.0006174078712029,0.0004306316850209,0,0.0,0.0
3401,0.0002206152367981,0.0001230522573046,0,0.0,0.0
3402,6.441021293773936e-05,7.852685645540517e-05,0,0.0,0.0
3403,0.0003087278248427,0.0002186760146674,0,0.0,0.0
3404,0.0002120111602191,0.0001834041270294,0,0.0,0.0
3405,0.0001225393588492,7.064585372045169e-05,0,0.0,0.0
3406,0.0001246343522466,0.0001966186093641,0,0.0,0.0
3407,2.193073780102765e-05,0.0001168453436154,0,0.0,0.0
3408,0.0001366939790147,0.0001187881527733,0,0.0,0.0
3409,7.267348417427928e-05,7.133799975353315e-05,0,0.0,0.0
3410,7.127646464487085e-05,7.75364266984415e-06,0,0.0,0.0
3411,0.0001968081647967,0.0001014792160949,0,0.0,0.0
3412,5.709130996420145e-05,9.31164774412878e-05,0,0.0,0.0
3413,3.985308612290838e-05,3.991540782946695e-05,1,0.0,0.0
3414,2.808438179934346e-05,1.2455682894909376e-05,1,0.0,0.0
3415,1.704777193992848e-05,3.833572202560026e-05,1,0.0,0.0
3416,6.469555762233865e-05,0.0001194691684616,1,0.0,0.0
3417,3.711497689097752e-05,7.580433488325107e-05,1,0.0,0.0
3418,5.343443485978011e-05,2.7620186451448895e-05,0,0.0,0.0
3419,3.610341730552283e-06,4.441775224708588e-05,0,0.0,0.0
3420,4.739657588676187e-05,8.466446962496026e-05,0,0.0,0.0
3421,4.092221372389631e-05,1.629736389638442e-05,0,0.0,0.0
3422,5.504490882074581e-06,2.9229218507110708e-05,0,0.0,0.0
3423,1.7842110160888166e-05,4.4826068896497456e-05,0,0.0,0.0
3424,4.630121104328666e-05,7.55735824932382e-05,0,0.0,0.0
3425,7.484374387326196e-06,3.806933729023288e-05,0,0.0,0.0
3426,5.6003752878838895e-05,8.43652373843323e-06,0,0.0,0.0
3427,0.0001146109948689,3.366870820588471e-05,0,0.0,0.0
3428,0.0001223940354249,0.0001448906486773,0,0.0,0.0
3429,8.01954926326186e-05,0.0001142517128682,0,0.0,0.0
3430,0.0002317560847492,7.39068254993037e-05,0,0.0,0.0
3431,0.0017596066611416,0.0004048695507658,0,0.0,0.0
3432,0.0057850269338339,0.0016067599250865,0,0.0,0.0
3433,0.0052730275243888,0.0012282056225302,0,0.0,0.0
3434,0.002969607186766,0.0006417378058252,0,0.0,0.0
3435,0.0023693707088151,0.0003711314994214,0,0.0,0.0
3436,0.0037815150338309,5.513060912024329e-05,0,0.0,0.0
3437,0.0018459846590865,0.0001000868178178,0,0.0,0.0
3438,0.0016182701759323,1.683355805535846e-05,0,0.0,0.0
3439,0.0022182663218253,7.338224280686645e-05,0,0.0,0.0
3440,0.0014076564696759,0.0001213941018672,0,0.0,0.0
3441,0.0012546787435858,0.0001588911133314,0,0.0,0.0
3442,0.0016315341496225,0.0001901859043659,0,0.0,0.0
3443,0.0007577800106248,0.0002152914554364,0,0.0,0.0
3444,0.0006170705331803,0.0002342935411547,0,0.0,0.0
3445,0.0007338301785943,0.0002472961088108,0,0.0,0.0
3446,0.0004072459616722,0.0002743821350921,0,0.0,0.0
3447,0.0006733934804497,0.0002991765506618,0,0.0,0.0
3448,0.0001885650549622,5.240647195078359e-05,0,0.0,0.0
3449,0.0013381245479948,0.0003830482524189,0,0.0,0.0
3450,0.0014986883500992,0.001040684788734,0,0.0,0.0
3451,0.0006310306980291,0.0009358448222311,0,0.0,0.0
3452,6.171478223079981e-05,0.0004949395046371,0,0.0,0.0
3453,0.0005091534796142,0.0003315606610245,0,0.0,0.0
3454,0.0008523719070698,0.0002680932224712,0,0.0,0.0
3455,0.0010092498697914,0.0009799390513138,0,0.0,0.0
3456,0.0009816277468047,0.0009518117058284,0,0.0,0.0
3457,0.0008317878664479,0.000651376614523,0,0.0,0.0
3458,0.0004639758929649,0.000384901299398,0,0.0,0.0
3459,0.0006621208971981,0.0003385931173983,0,0.0,0.0
3460,0.0008290640689253,0.0002898924314676,0,0.0,0.0
3461,0.0003363689802076,0.000279161766662,0,0.0,0.0
3462,0.0006072039552118,0.0001348005248104,0,0.0,0.0
3463,0.0003977615736823,0.000242031740558,0,0.0,0.0
3464,0.0003868344577566,0.0002006202983256,0,0.0,0.0
3465,0.0001575163671637,0.0002950598044848,0,0.0,0.0
3466,0.0002107027339256,0.0001143144389608,0,0.0,0.0
3467,0.0004469411163833,0.0001453155232637,0,0.0,0.0
3468,0.0002463605638594,0.000133185018717,0,0.0,0.0
3469,0.0001343198697021,3.895714452307941e-05,0,0.0,0.0
3470,0.0005305866494154,7.969652207781165e-05,0,0.0,0.0
3471,0.0018079790902354,0.0004475171848287,0,0.0,0.0
3472,0.001649940385863,0.0010411540463649,0,0.0,0.0
3473,0.0021762228633471,0.0015192801506313,0,0.0,0.0
3474,0.0023972414264049,0.0016291607044366,0,0.0,0.0
3475,0.0025423399643241,0.00108479999092,0,0.0,0.0
3476,0.0029352526834082,0.0011680270989885,0,0.0,0.0
3477,0.0023023199397336,0.0017282445636649,0,0.0,0.0
3478,0.0024304514343506,0.0014708827631478,0,0.0,0.0
3479,0.0027163938043174,0.00162059822177,0,0.0,0.0
3480,0.0013257584758303,0.0009514245169462,0,0.0,0.0
3481,0.0013060315894809,0.0009235294820499,0,0.0,0.0
3482,0.0016761019578094,0.001526008433104,0,0.0,0.0
3483,0.0009750103601513,0.0003627166003398,0,0.0,0.0
3484,0.0009871509424993,6.0986992945508e-05,0,0.0,0.0
3485,0.0019581485408807,0.0005556390268393,0,0.0,0.0
3486,0.0009901163045818,0.0020446753128281,0,0.0,0.0
3487,0.001512690819676,0.0013316480706053,0,0.0,0.0
3488,0.0025598980005545,0.0004338510799737,0,0.0,0.0
3489,0.0024012646512324,0.0001753098237269,0,0.0,0.0
3490,0.0031114621193406,0.0001588772856951,0,0.0,0.0
3491,0.0047593596147439,0.0007222620350065,0,0.0,0.0
3492,0.0070227944570309,0.0024221141007038,0,0.0,0.0
3493,0.006504249857015,0.0030415079771208,0,0.0,0.0
3494,0.0053435200774036,0.0018921163655423,0,0.0,0.0
3495,0.0041024108479266,0.000824446690688,0,0.0,0.0
3496,0.0022565527230538,0.0004731225843605,0,0.0,0.0
3497,0.0015362854117045,0.0012391001715706,0,0.0,0.0
3498,0.0016567760208925,0.0009797408246702,0,0.0,0.0
3499,0.0016759583361653,7.242780033509944e-05,0,0.0,0.0
3500,0.0018152296270355,0.000459775406368,0,0.0,0.0
3501,0.0034247458980146,9.912315318389548e-05,0,0.0,0.0
3502,0.0027673284647783,0.0001020090545388,0,0.0,0.0
3503,0.0014015646396175,0.0001308896263377,0,0.0,0.0
3504,0.0003698385187296,0.0003614946013026,0,0.0,0.0
3505,0.0006438790281343,0.0002897309947729,0,0.0,0.0
3506,0.0008024665311613,0.0002091259559146,0,0.0,0.0
3507,0.0005854636244933,2.7157794055122383e-05,0,0.0,0.0
3508,0.0010792630958235,0.0001161142710283,0,0.0,0.0
3509,0.001592188803168,0.0001884824532789,0,0.0,0.0
3510,0.0015485831387126,0.0006028673781512,0,0.0,0.0
3511,0.0005593125939633,0.001114762103978,0,0.0,0.0
3512,0.0005972447380544,0.0004038868926043,0,0.0,0.0
3513,0.0021113464081588,0.0004493949077121,0,0.0,0.0
3514,0.0015612085697806,0.0011782340092361,0,0.0,0.0
3515,0.0005954448535072,0.0012107252045474,0,0.0,0.0
3516,0.0012084092178147,0.0007926353326406,0,0.0,0.0
3517,0.0004460062208208,0.0005938016324872,0,0.0,0.0
3518,0.0008247288844884,0.0006045332528457,0,0.0,0.0
3519,0.0010288900794877,0.0010092379177506,0,0.0,0.0
3520,0.0005842803214355,0.0007513728207152,0,0.0,0.0
3521,0.0007517786298498,0.0007796610783689,0,0.0,0.0
3522,0.0019296924265571,0.0001889111172116,0,0.0,0.0
3523,0.0032122586588129,0.0003735466838458,0,0.0,0.0
3524,0.0028656803492988,0.0003766837999031,0,0.0,0.0
3525,0.0027893531617555,0.0002132392599142,0,0.0,0.0
3526,0.0015057043102676,0.0009362167755465,0,0.0,0.0
3527,0.0007028489028237,0.0002250647276145,0,0.0,0.0
3528,0.0014953480580986,3.0582395531769554e-05,0,0.0,0.0
3529,0.0007339708211453,2.539159824236591e-05,0,0.0,0.0
3530,0.0002864687316088,6.560033098542048e-05,0,0.0,0.0
3531,0.0017623501737984,0.0001501308394574,0,0.0,0.0
3532,0.0019217937910288,0.0002319748779471,0,0.0,0.0
3533,0.0010818697384073,0.0001546933090677,0,0.0,0.0
3534,0.0006543784889958,0.0002909403693472,0,0.0,0.0
3535,0.0010447789765813,0.0002123799142232,0,0.0,0.0
3536,0.0016026149438074,0.0002538188573713,0,0.0,0.0
3537,0.0010262239451325,5.9466006852340814e-05,0,0.0,0.0
3538,0.0003116990900369,8.710629256700731e-05,0,0.0,0.0
3539,0.0003302933966627,0.0003478103321033,0,0.0,0.0
3540,0.0002353800589536,8.637173971517413e-05,0,0.0,0.0
3541,0.0004453760984807,0.0002122341165163,0,0.0,0.0
3542,0.0014344631432057,0.0001939485348771,0,0.0,0.0
3543,0.0007412626084396,0.0001509955835843,0,0.0,0.0
3544,0.0006312346863837,0.0004006594753385,0,0.0,0.0
3545,0.000558472815377,0.0001104461149551,0,0.0,0.0
3546,0.0006129537284708,6.47487100924774e-05,0,0.0,0.0
3547,0.0009411816184957,2.8908067953257016e-05,0,0.0,0.0
3548,0.0004332380938157,0.0001244266820676,0,0.0,0.0
3549,0.0001920013511525,0.0001183943870915,0,0.0,0.0
3550,0.0003481105006282,0.0003112571314862,0,0.0,0.0
3551,0.0007609535906006,0.0004252172856547,0,0.0,0.0
3552,0.0009334253104001,0.0005170254103369,0,0.0,0.0
3553,0.0004746458894405,0.0003842741465851,0,0.0,0.0
3554,0.0001960521869739,0.0001533125714074,0,0.0,0.0
3555,4.359373567952669e-05,0.0001929108830738,0,0.0,0.0
3556,0.0001872162396061,8.360906906040843e-05,0,0.0,0.0
3557,0.0003969524432797,0.0001685964797883,0,0.0,0.0
3558,0.0001344554122777,0.0003538959041389,0,0.0,0.0
3559,0.000364859360336,0.0002680741284266,0,0.0,0.0
3560,0.0002751765198009,0.0005156975690822,0,0.0,0.0
3561,0.0005632786459976,0.0001732237124508,0,0.0,0.0
3562,8.958152917312254e-05,0.0001694856807313,0,0.0,0.0
3563,0.0004051072015924,3.0011829601993128e-05,0,0.0,0.0
3564,0.0017556425545175,0.0001374316479777,0,0.0,0.0
3565,0.0020937106876761,0.0003216760489875,0,0.0,0.0
3566,0.0015973467653758,0.0002465439624161,0,0.0,0.0
3567,0.0029907487309203,0.0003160494431309,0,0.0,0.0
3568,0.004558669826069,0.0003919269270546,0,0.0,0.0
3569,0.0036456681146606,0.0004574378221677,0,0.0,0.0
3570,0.0027037251664846,0.0005477018408476,0,0.0,0.0
3571,0.0019987291354837,0.0003311528271631,0,0.0,0.0
3572,0.0025224124898765,0.0002487215175503,0,0.0,0.0
3573,0.0008798099223096,0.0002891826805406,0,0.0,0.0
3574,0.0004276585750433,0.0002074315960492,0,0.0,0.0
3575,0.0001880358037324,0.000181866666286,0,0.0,0.0
3576,0.0008334356285642,0.0001563217416377,0,0.0,0.0
3577,0.0007753768343672,0.0001109809229568,0,0.0,0.0
3578,0.0008734044173802,0.000263700642165,0,0.0,0.0
3579,0.0009282273240573,0.0001873830184407,0,0.0,0.0
3580,0.000142983646472,1.9401464422835133e-05,0,0.0,0.0
3581,0.0003344790172072,9.90944837222794e-05,0,0.0,0.0
3582,0.0001340925447856,0.0001075622189413,0,0.0,0.0
3583,0.0006589115697603,0.0002669110991435,0,0.0,0.0
3584,0.0005535097599462,0.0002372123303152,0,0.0,0.0
3585,0.0003770435869215,4.4312583269807126e-05,0,0.0,0.0
3586,6.59107658306291e-05,0.0003651211018495,0,0.0,0.0
3587,0.0002263010462236,8.911945328437797e-05,0,0.0,0.0
3588,0.0004351240555649,0.0001770030252521,0,0.0,0.0
3589,0.00020993975377,3.417269701522308e-05,0,0.0,0.0
3590,0.0002538376442125,0.0001152831377094,0,0.0,0.0
3591,0.0002901759142141,3.8352095595104655e-05,0,0.0,0.0
3592,0.0001283521479748,2.2598585174989227e-05,0,0.0,0.0
3593,9.188376556013392e-06,7.802487570076513e-05,0,0.0,0.0
3594,7.33486433673887e-05,0.0001366155366027,0,0.0,0.0
3595,2.192118491477512e-05,7.326352690474964e-05,0,0.0,0.0
3596,0.0001832616737825,3.8422548361394174e-05,0,0.0,0.0
3597,0.000186368399314,4.291948274723301e-05,0,0.0,0.0
3598,0.0002093801167766,7.184735245408368e-05,0,0.0,0.0
3599,0.0001641355464633,3.441337026472687e-05,0,0.0,0.0
3600,0.0002388690633521,1.8614020182318373e-05,0,0.0,0.0
3601,0.0002255620705439,2.398975013767912e-05,0,0.0,0.0
3602,7.209155582060501e-05,1.2506948460274371e-05,0,0.0,0.0
3603,0.000149292565917,6.782125404462861e-05,0,0.0,0.0
3604,3.85852364008548e-05,2.9331206532224975e-05,0,0.0,0.0
3605,1.9851652012179304e-05,8.690613217857119e-05,0,0.0,0.0
3606,0.0001480569233876,0.000245891926141,0,0.0,0.0
3607,0.0003007414303649,0.0001722566700667,0,0.0,0.0
3608,4.625391369762213e-05,2.353787216829897e-05,0,0.0,0.0
3609,0.0004857723374542,0.0002097267323539,0,0.0,0.0
3610,0.0019733450504278,0.0009624412472852,0,0.0,0.0
3611,0.0034001537531214,0.0011563066575793,0,0.0,0.0
3612,0.0035661402241703,0.0003843985401135,0,0.0,0.0
3613,0.0031246176565414,0.0001702278556231,0,0.0,0.0
3614,0.0021104740653647,0.0001658008570967,0,0.0,0.0
3615,0.0024808116305316,0.0001651528326658,0,0.0,0.0
3616,0.0042983986259614,0.0001675149668631,0,0.0,0.0
3617,0.0047412457973149,0.0001714579085007,0,0.0,0.0
3618,0.0029965082715257,0.0001757936757735,0,0.0,0.0
3619,0.0007706551996455,0.0001796267847942,0,0.0,0.0
3620,0.0004024943794752,0.0001822285794122,0,0.0,0.0
3621,0.0003173590638124,0.0001831265075199,0,0.0,0.0
3622,0.0003664977736824,0.0001819746310301,0,0.0,0.0
3623,0.000306574607956,0.0001785183547029,0,0.0,0.0
3624,0.0007678210519432,0.0001725303101198,0,0.0,0.0
3625,0.0013008770575203,0.0001639050910924,0,0.0,0.0
3626,0.0013252650107716,0.0001525151990451,0,0.0,0.0
3627,0.0001182222471835,0.0001382964134779,0,0.0,0.0
3628,0.0009533886117218,0.0001212040252174,0,0.0,0.0
3629,0.001008083482219,0.0001011416864661,0,0.0,0.0
3630,0.0005917290461193,0.0001515017643837,0,0.0,0.0
3631,0.0012889766214098,0.0007426958730868,0,0.0,0.0
3632,0.0013091094016935,0.000981008350254,0,0.0,0.0
3633,0.0009731128582867,0.0003448482327327,0,0.0,0.0
3634,0.001173769639905,0.0002533422786452,0,0.0,0.0
3635,0.0025395555880615,0.0007362514318374,0,0.0,0.0
3636,0.0019870626048702,0.000899718685707,0,0.0,0.0
3637,0.0021636259074348,0.0006311318239786,0,0.0,0.0
3638,0.0009397747062874,8.361026355216759e-05,0,0.0,0.0
3639,0.0009335441351168,0.0002679840371451,0,0.0,0.0
3640,0.0015861419572928,0.0005041568413151,0,0.0,0.0
3641,0.0014867037600289,0.0004354215969379,0,0.0,0.0
3642,0.000860498782288,0.0001326496131389,0,0.0,0.0
3643,0.0005769971256385,0.0001102610409922,0,0.0,0.0
3644,0.0006186148789902,0.0002375229578929,0,0.0,0.0
3645,0.0009970507373636,0.0002942923064036,0,0.0,0.0
3646,0.0014320480577346,0.000439418689081,0,0.0,0.0
3647,0.0014170401704217,0.0002097303081811,0,0.0,0.0
3648,0.0013853435325223,0.0002554691403688,0,0.0,0.0
3649,0.0002154646627728,0.0002143813902909,0,0.0,0.0
3650,0.0004581899562091,0.0001041846637291,0,0.0,0.0
3651,0.0011666297635214,0.0001142988454401,0,0.0,0.0
3652,0.0029267810911228,0.0004478745457398,0,0.0,0.0
3653,0.0021619920040737,0.0001930400653143,0,0.0,0.0
3654,0.0017662344139156,0.000340968072807,0,0.0,0.0
3655,0.0016438396261757,0.0002726815091775,0,0.0,0.0
3656,0.0012349877234257,0.0001462651449105,0,0.0,0.0
3657,0.0011680567806224,0.0004137473130462,0,0.0,0.0
3658,0.0011003166300594,0.0004049687489182,0,0.0,0.0
3659,0.0004242043094984,0.000230102007514,0,0.0,0.0
3660,0.0025748187713453,0.0006139472674906,0,0.0,0.0
3661,0.0019577629446992,0.0003430148751856,0,0.0,0.0
3662,0.0004574148500229,0.0002626735432712,0,0.0,0.0
3663,0.0009519055752673,0.000318859682023,0,0.0,0.0
3664,0.0014110588920286,0.0004303313477526,0,0.0,0.0
3665,0.0009424105971194,0.0003698912017347,0,0.0,0.0
3666,0.0010142610389759,0.000135520356468,0,0.0,0.0
3667,0.0011624882603626,0.0002175877483287,0,0.0,0.0
3668,0.0003806385734253,0.0003417631323983,0,0.0,0.0
3669,0.0012480239927507,0.0002966813565946,0,0.0,0.0
3670,0.0012429782535277,0.0004510352646635,0,0.0,0.0
3671,0.0014554227147195,0.0004398299681426,0,0.0,0.0
3672,0.0035944231082666,0.000498377489871,0,0.0,0.0
3673,0.0036362214458253,0.0007403478449338,0,0.0,0.0
3674,0.0030800251593447,0.000563964744916,0,0.0,0.0
3675,0.0036686328978849,0.0003799226430501,0,0.0,0.0
3676,0.0030204288665247,0.0002623570194288,0,0.0,0.0
3677,0.0028773138482251,0.0005190870723697,0,0.0,0.0
3678,0.005106810017791,0.0003911076147358,0,0.0,0.0
3679,0.005591184954948,0.0005125115584689,0,0.0,0.0
3680,0.0043887064832235,0.0007687593673654,0,0.0,0.0
3681,0.0021138242496024,0.000463077095921,0,0.0,0.0
3682,0.0012749413861229,0.0003089240848296,0,0.0,0.0
3683,0.00017996616417,0.0008501317102283,0,0.0,0.0
3684,0.0017214454457277,0.0002911386935418,0,0.0,0.0
3685,0.0020720235562883,0.0002912658150356,0,0.0,0.0
3686,0.001651220406232,0.0003326075400716,0,0.0,0.0
3687,0.0020167612541344,0.0001540661860829,0,0.0,0.0
3688,0.0029123941408489,0.0001691023002718,0,0.0,0.0
3689,0.0035888679328605,0.0004008982935268,0,0.0,0.0
3690,0.0036475430538839,0.0007577569446869,0,0.0,0.0
3691,0.0030913720521936,0.0013333280728327,0,0.0,0.0
3692,0.0028047639126347,0.0011636499700402,0,0.0,0.0
3693,0.0025581554238283,0.0012592874155076,0,0.0,0.0
3694,0.0038312309471686,0.0020689019280657,0,0.0,0.0
3695,0.0042697202325422,0.002126409303793,0,0.0,0.0
3696,0.0042214168379172,0.0021804545222791,0,0.0,0.0
3697,0.0045117279580406,0.0029949075072509,0,0.0,0.0
3698,0.0038921034458593,0.00348063065707,0,0.0,0.0
3699,0.0043603209204214,0.003954331427943,0,0.0,0.0
3700,0.0048576642530251,0.003728385996839,0,0.0,0.0
3701,0.004334473471738,0.0029748444466831,0,0.0,0.0
3702,0.0037055187575862,0.00280616899777,0,0.0,0.0
3703,0.0028915353909068,0.0029242176236047,0,0.0,0.0
3704,0.0022242928573553,0.0030481348300696,0,0.0,0.0
3705,0.0018344388689811,0.003061169721846,0,0.0,0.0
3706,0.0018491484198323,0.0029701586829094,0,0.0,0.0
3707,0.0026217905898935,0.002273806454378,0,0.0,0.0
3708,0.0029299611901199,0.0024895469782341,0,0.0,0.0
3709,0.0029419090762136,0.0027687235017558,0,0.0,0.0
3710,0.0021275838497898,0.0022619718346762,0,0.0,0.0
3711,0.0014210037857146,0.002420251824031,0,0.0,0.0
3712,0.0013330957178615,0.0026661436865618,0,0.0,0.0
3713,0.0016983739559036,0.0028779439768872,0,0.0,0.0
3714,0.0022257049646696,0.0013513715250199,0,0.0,0.0
3715,0.0020585510294246,0.0012797824574004,0,0.0,0.0
3716,0.0009704157886125,0.0019686070462,0,0.0,0.0
3717,0.000566836371127,0.001907232134908,0,0.0,0.0
3718,0.0002850249267961,0.0007899306402968,0,0.0,0.0
3719,0.0012062516843645,0.0002305031067181,0,0.0,0.0
3720,0.0038070086018785,0.0007805917573321,0,0.0,0.0
3721,0.0043961714986335,0.0009206144789817,0,0.0,0.0
3722,0.003970569775048,0.0004088355954695,0,0.0,0.0
3723,0.0042206003660767,0.0007456510639272,0,0.0,0.0
3724,0.0021580547488794,0.0006348163818013,0,0.0,0.0
3725,0.0015266275770785,0.0006312596316682,0,0.0,0.0
3726,0.001086303306098,0.0004625664920015,0,0.0,0.0
3727,0.001796701033375,0.0001735520334686,0,0.0,0.0
3728,0.0004512722966575,0.0001948955115782,0,0.0,0.0
3729,0.0006337177117946,0.0003378330397566,0,0.0,0.0
3730,0.0008582401947609,0.0004964919685065,0,0.0,0.0
3731,0.0009024969993596,0.0001274756770446,0,0.0,0.0
3732,0.0012168032276766,0.0003170050276773,0,0.0,0.0
3733,0.0022121262440924,0.0005966225918924,0,0.0,0.0
3734,0.0014468456998698,0.0007634323685423,0,0.0,0.0
3735,0.00117180084713,0.0007712430091562,0,0.0,0.0
3736,0.0018429040292673,0.0001920792278073,0,0.0,0.0
3737,0.0021654877223545,6.765402499044382e-05,0,0.0,0.0
3738,0.002060786025398,0.0003428133362728,0,0.0,0.0
3739,0.0026884705567257,0.0002950733099829,0,0.0,0.0
3740,0.0024648136030262,0.0002833016256807,0,0.0,0.0
3741,0.0019151072562559,0.000194302104803,0,0.0,0.0
3742,0.0008840652155912,0.0004190654160413,0,0.0,0.0
3743,0.0002035643265228,7.576754007572212e-05,0,0.0,0.0
3744,0.0017461958148865,0.0001916855442297,0,0.0,0.0
3745,0.0025170081956955,0.0003563238077678,0,0.0,0.0
3746,0.0016858072891075,0.0002251741550865,0,0.0,0.0
3747,0.0011576948222241,8.662454724052869e-05,0,0.0,0.0
3748,0.0016411049124866,0.0005053277683557,0,0.0,0.0
3749,0.0011705514066934,0.0005228424833555,0,0.0,0.0
3750,0.0012658225313738,0.0005208162575688,0,0.0,0.0
3751,0.001616099312256,0.000375900386991,0,0.0,0.0
3752,0.00061568125584,0.0002412043082421,0,0.0,0.0
3753,0.0010813691493301,0.0002595656604852,0,0.0,0.0
3754,0.0044974277844408,0.0006763628997233,0,0.0,0.0
3755,0.0044940327708131,0.0008306842504952,0,0.0,0.0
3756,0.0024865469826103,0.001162568173664,0,0.0,0.0
3757,0.0015450162862711,0.0007911313264399,0,0.0,0.0
3758,0.0003680055919733,0.0002593746815693,0,0.0,0.0
3759,0.000662321530129,9.620024651388992e-05,0,0.0,0.0
3760,0.0007308629530668,0.000494370316233,0,0.0,0.0
3761,0.0007489430410591,0.0001449576423669,0,0.0,0.0
3762,0.0008150290333951,0.0001366920220048,0,0.0,0.0
3763,0.0017683315246813,0.0004155667337537,0,0.0,0.0
3764,0.0005000993447358,0.0001219198195157,0,0.0,0.0
3765,0.0014210130751241,0.0005343370444447,0,0.0,0.0
3766,0.001900796239906,0.0006439693883065,0,0.0,0.0
3767,0.0014167026573843,0.0007146535384107,0,0.0,0.0
3768,0.0014456246029676,0.0004160024864466,0,0.0,0.0
3769,0.0021070892141749,0.000508629461134,0,0.0,0.0
3770,0.0017026787657902,0.0004597395271551,0,0.0,0.0
3771,0.0021239760514476,0.0001630979504907,0,0.0,0.0
3772,0.0029561177535213,0.0007558778559614,0,0.0,0.0
3773,0.002259649009597,0.0007787532591436,0,0.0,0.0
3774,0.0022265386910778,0.0003688873341211,0,0.0,0.0
3775,0.0046768620603313,0.0007194195402537,0,0.0,0.0
3776,0.0043529893358397,0.0017100259105216,0,0.0,0.122616984
3777,0.0029062102202458,0.0015254484554446,0,0.0,0.2986767
3778,0.0023701173243623,0.0013717160828173,0,0.0,0.56122583
3779,0.0021407059284217,0.0010536821343105,0,0.0,0.71804994
3780,0.001328924986837,0.0010240494788668,0,0.0,0.80823576
3781,0.0013133155236191,0.0004584483669764,0,0.0,0.8518148
3782,0.0009396580617908,0.0010116613140357,0,0.0,0.8753409
3783,0.0008682480824477,0.0007238927491307,0,0.0,0.8807143
3784,0.0015747330909218,0.000206568223117,0,0.0,0.85802853
3785,0.0015013314275975,0.0003491373990259,0,0.0,0.8046745
3786,0.0020139747823547,0.0006477589038123,0,0.0,0.65308255
3787,0.0044122723337066,0.0003100109118647,0,0.0,0.34258637
3788,0.0037733976060743,0.0011347044541928,0,0.0,0.12803714
3789,0.00337140068374,0.0007073043718885,0,0.0,0.0
3790,0.0040112583894166,0.0001552588332753,0,0.0,0.0
3791,0.003392229685863,0.0003154044385896,0,0.0,0.0
3792,0.0022598139748056,0.0001872342904175,0,0.0,0.0
3793,0.0016993513805074,0.0001632870381425,0,0.0,0.0
3794,0.0015443660345658,0.0003722570287941,0,0.0,0.0
3795,0.0008819057285292,0.0002633666228617,0,0.0,0.0
3796,0.0010036359135444,0.0004118872152363,0,0.0,0.0
3797,0.0013396604320354,0.0007487587299583,0,0.0,0.0
3798,0.001651340540831,0.0012411973804805,0,0.0,0.0
3799,0.0039519975954134,0.0019535869070638,0,0.0,0.0
3800,0.0063563999561153,0.0014271564364923,0,0.0,0.0
3801,0.0044626993967959,0.00027127667407,0,0.0,0.0
3802,0.003132876478093,7.068965716693816e-05,0,0.0,0.0
3803,0.0016464182607817,0.000267055936052,0,0.0,0.0
3804,0.0009629909230538,0.0002793142905372,0,0.0,0.0
3805,0.0010655688742136,0.0005934540682889,0,0.0,0.0
3806,0.0005244814477301,0.0001865952714757,0,0.0,0.0
3807,0.0008058559737162,1.616537462034926e-05,0,0.0,0.0
3808,0.0009224535072127,7.127107006062268e-05,0,0.0,0.0
3809,0.0001762464580943,0.000171832555578,0,0.0,0.0
3810,0.0008100220092263,0.0004978565341864,0,0.0,0.0
3811,0.00228498032869,0.0003170418634672,0,0.0,0.0
3812,0.0018662702491401,0.000131562226861,0,0.0,0.0
3813,0.0013801818936346,4.446265303794588e-05,0,0.0,0.0
3814,0.0013520141530402,0.0001992034260982,0,0.0,0.0
3815,0.0011185807175182,0.0004120900889032,0,0.0,0.0
3816,0.0005411266529464,0.0001081755567031,0,0.0,0.0
3817,0.0006725513739368,4.170448244292221e-05,0,0.0,0.0
3818,0.0008503629806003,0.0001049944682135,0,0.0,0.0
3819,0.0010117804669407,0.0001276309477036,0,0.0,0.0
3820,0.0015983061310069,0.0002074529892609,0,0.0,0.0
3821,0.0010165811892622,7.789673068286412e-05,0,0.0,0.0
3822,0.0001068707204646,6.103740889729277e-05,0,0.0,0.0
3823,0.0004237279961328,0.0002358090994546,0,0.0,0.0
3824,0.0002433251237291,0.0002065053887235,0,0.0,0.0
3825,0.0003632374832719,0.000112097235682,0,0.0,0.0
3826,0.0001092965041371,0.000166545462828,0,0.0,0.0
3827,0.0004091108073843,0.0001413407703406,0,0.0,0.0
3828,9.443725087985624e-05,1.982743071878465e-05,0,0.0,0.0
3829,0.0002015548244093,9.167216187779251e-05,0,0.0,0.0
3830,0.0006589860680679,7.83921453666756e-05,0,0.0,0.0
3831,0.0003666069410607,0.0001945563492263,0,0.0,0.0
3832,0.0002285032811961,8.428981366109562e-05,0,0.0,0.0
3833,0.0013373798000186,7.606077844510254e-05,0,0.0,0.0
3834,0.0013219663418269,0.0001213611983457,0,0.0,0.0
3835,0.0005993467172014,0.0001380026616362,0,0.0,0.0
3836,0.0008629904636402,0.0002151260298788,0,0.0,0.0
3837,0.0021347943532128,0.0003193495279632,0,0.0,0.0
3838,0.0012887756200952,0.0001028191712786,0,0.0,0.0
3839,0.0018456546549063,0.0003234530594856,0,0.0,0.0
3840,0.0017852096355756,0.0002996022858551,0,0.0,0.0
3841,0.0009763440366137,3.564653782379436e-05,0,0.0,0.0
3842,0.0012265350599395,0.0003464768978381,0,0.0,0.0
3843,0.0013993136719287,0.0002326921738165,0,0.0,0.0
3844,0.0007866134186737,0.0001409912503398,0,0.0,0.0
3845,0.0009932843770119,0.0003075479968442,0,0.0,0.0
3846,0.0015251938838457,0.0007503650645866,0,0.0,0.0
3847,0.001085974402957,0.0003999183087238,0,0.0,0.0
3848,0.0005194790484067,0.0001759518348542,0,0.0,0.0
3849,0.0007932269830653,0.0003581845584895,0,0.0,0.0
3850,0.0008368809179937,0.000372804131675,0,0.0,0.10910564
3851,0.0009617111169266,0.0001222440887639,0,0.0,0.13615508
3852,0.0022424811900299,0.0006509311289112,0,0.0,0.19331278
3853,0.0047430426154027,0.0009387283512393,0,0.0,0.27147892
3854,0.0026607327984577,0.0008982181600022,0,0.0,0.32032922
3855,0.0009842862988307,0.0011193532511274,0,0.0,0.32110706
3856,0.0016657433607628,0.0013287431983044,0,0.0,0.32128212
3857,0.0027916362432165,0.0017799253513261,0,0.0,0.39657527
3858,0.0043072871903932,0.0028782202046379,0,0.0,0.55176103
3859,0.0044137838250907,0.002612167297531,0,0.0,0.7562646
3860,0.0021825865811272,0.0022095065731028,0,0.0,0.8815448
3861,0.0009452899077239,0.0013332982757092,0,0.0,0.9195304
3862,0.0002488521546634,0.0005682687112284,0,0.0,0.9347072
3863,0.0002817338379865,0.0001159424948163,0,0.0,0.9372612
3864,0.0014300218355229,0.0001017483825195,0,0.0,0.92973536
3865,0.0013165008466619,0.0002598374793731,0,0.0,0.9196998
3866,0.0016741741768274,4.564006239572464e-05,0,0.0,0.8933722
3867,0.0032292751170274,0.0001878911613685,0,0.0,0.8468229
3868,0.0016707507867636,0.0003004976827599,0,0.0,0.79098636
3869,0.0006336249669464,0.0002055249562721,0,0.0,0.7469088
3870,0.0005922620175042,0.0001506719593318,0,0.0,0.71728146
3871,0.000690554510278,0.0009951671591686,0,0.0,0.7018223
3872,0.0016009808314357,0.0014396019842416,0,0.0,0.70402765
3873,0.0022704426848319,0.0008926338426131,0,0.0,0.7151018
3874,0.000811983944977,0.0002314522722808,0,0.0,0.73345375
3875,0.0007190011890261,0.0005362775158926,0,0.0,0.74307674
3876,0.0010239072947789,0.0006053968516839,0,0.0,0.7464072
3877,0.0007712311164669,0.0003713545912743,0,0.0,0.7399951
3878,0.0005272379274942,0.0003649352203062,0,0.0,0.722778
3879,0.0004321496585797,0.0002403072944203,0,0.0,0.6971042
3880,0.0001974118582624,0.0002497422658846,0,0.0,0.65948755
3881,0.0004916397125265,8.392916932146062e-05,0,0.0,0.61360514
3882,0.0008276232050095,4.406029440627525e-05,0,0.0,0.5348912
3883,0.0016006520069576,0.0002112633111794,0,0.0,0.41649657
3884,0.0019214074218617,0.0001267712271342,0,0.0,0.27830094
3885,0.0030029087813347,0.0002372505407518,0,0.0,0.15610223
3886,0.0034875677310284,0.0007699366568938,0,0.0,0.0
3887,0.0022980656348955,0.0008958091061012,0,0.0,0.0
3888,0.0017950260454611,0.0005113808611549,0,0.0,0.0
3889,0.001054919229943,0.0006371370124012,0,0.0,0.0
3890,0.0006508108077279,0.0004827708745243,0,0.0,0.0
3891,0.0006313065423464,0.0001376115211394,0,0.0,0.0
3892,0.0001396124183798,6.898217762826565e-05,0,0.0,0.0
3893,0.0001304799496189,0.0002314924624778,0,0.0,0.0
3894,0.0003334369768153,0.0004020105732138,0,0.0,0.0
3895,0.0012011094208381,0.0004115183229283,0,0.0,0.0
3896,0.0014370706812592,0.0001305514024313,0,0.0,0.0
3897,0.0012377411131996,0.000157846394002,0,0.0,0.0
3898,0.0008653661993635,0.0004811314817458,0,0.0,0.0
3899,0.0007646369663356,0.0005221671356595,0,0.0,0.0
3900,0.0004193801466755,0.0003675800320637,0,0.0,0.0
3901,0.0004817720138908,0.0002766304044718,0,0.0,0.0
3902,0.000769937027144,0.0001844063012672,0,0.0,0.0
3903,0.0013579713606234,2.8100641203595382e-05,0,0.0,0.0
3904,0.0013316263925787,0.0002233074175758,0,0.0,0.0
3905,0.0007185843107585,4.000590571310476e-05,0,0.0,0.0
3906,0.0005150869359546,0.0002319303117283,0,0.0,0.0
3907,0.0011316018231303,3.054482874358964e-05,0,0.0,0.0
3908,0.0015906098038395,0.0001114080771338,0,0.0,0.0
3909,0.0002244509541809,7.524638889512654e-05,0,0.0,0.0
3910,0.0006610811365741,6.683470276125039e-05,0,0.0,0.0
3911,0.0004056024779091,0.0001233375739378,0,0.0,0.0
3912,0.0012177032337071,0.000186855430063,0,0.0,0.0
3913,0.0014926354254097,0.0003134649230222,0,0.0,0.0
3914,0.0014579329513431,0.0001026735340358,0,0.0,0.0
3915,0.0006573964148056,9.843426533199069e-05,0,0.0,0.0
3916,0.0004306467614384,0.0003881419679815,0,0.0,0.0
3917,0.0007678791971299,9.32048969875104e-05,0,0.0,0.0
3918,0.0004848502543459,2.525078833619537e-05,0,0.0,0.0
3919,0.0003394074046998,8.233319614103207e-05,0,0.0,0.0
3920,0.0006721729019961,0.0001496773285572,0,0.0,0.0
3921,0.0003603960742199,0.0001915115184937,0,0.0,0.0
3922,0.0006788588085382,0.0001205604883353,0,0.0,0.0
3923,0.0003595883086569,2.1111269300497868e-05,0,0.0,0.0
3924,0.0001808429488028,1.6725179314189748e-05,0,0.0,0.0
3925,0.0004647590416593,5.8019272947377e-05,0,0.0,0.0
3926,0.0012327827909363,7.464253977729803e-05,0,0.0,0.0
3927,0.002723875146305,0.0003300057594133,0,0.0,0.0
3928,0.0031117494871244,0.0009458397462771,0,0.0,0.0
3929,0.0017762365962825,0.0010795246411351,0,0.0,0.0
3930,0.0022216550999025,0.0011162902106939,0,0.0,0.0
3931,0.0018003002002866,0.0008704964353256,0,0.0,0.0
3932,0.002404750656081,0.0003800567011636,0,0.0,0.0
3933,0.001743034745128,0.0005847792815416,0,0.0,0.0
3934,0.0006686929371285,0.0007881475674302,0,0.0,0.0
3935,0.0002710395028088,0.0005566835666698,0,0.0,0.0
3936,0.0015029010635535,0.0005927870049935,0,0.0,0.0
3937,0.0042237774402156,0.0006732679231626,0,0.0,0.0
3938,0.0037845362111626,0.0007410167157419,0,0.0,0.0
3939,0.0040018783552167,0.0008383246173622,0,0.0,0.0
3940,0.0043417647747585,0.0009475224716485,0,0.0,0.0
3941,0.0029848384255549,0.0010090851030103,0,0.0,0.0
3942,0.003103228730996,0.0009231189849907,0,0.0,0.0
3943,0.0028930586399642,0.000297849459951,0,0.0,0.0
3944,0.0033870900534065,0.0001395875729263,0,0.0,0.0
3945,0.0051213515649874,4.376994845448691e-05,0,0.0,0.0
3946,0.0055629881093149,0.0001863109757607,0,0.0,0.0
3947,0.0027852139735137,6.847205963042532e-05,0,0.0,0.0
3948,0.0020355268880388,0.0004429724421816,0,0.0,0.0
3949,0.0029687293263976,0.0005119198208641,0,0.0,0.0
3950,0.003185741247465,0.0008377418063981,0,0.0,0.0
3951,0.0038664888653817,0.0008978979599289,0,0.0,0.0
3952,0.0047508729949248,0.000643734423679,0,0.0,0.0
3953,0.00559010523301,0.0003739784385117,0,0.0,0.0
3954,0.0033220098510917,0.000256681649626,0,0.0,0.0
3955,0.0028082565778284,0.0014437918148631,0,0.0,0.0
3956,0.0031441048222291,0.0020480333726424,0,0.0,0.0
3957,0.0018119879280626,0.001258057639921,0,0.0,0.0
3958,0.0002912626691909,0.0009806289706428,0,0.0,0.0
3959,0.0017168488222444,0.0001251858362925,0,0.0,0.0
3960,0.0028619549178787,0.0006784145974108,0,0.0,0.0
3961,0.0027438370559054,0.0013675093248173,0,0.0,0.0
3962,0.0046048547778279,0.0018510329114256,0,0.0,0.0
3963,0.0073142100240983,0.0024444756373445,0,0.0,0.0
3964,0.0180155525266219,0.0025059300032486,0,0.0,0.0
3965,0.0117318468516014,0.0010811818897262,0,0.0,0.0
3966,0.0092121468122371,2.4022531974317653e-05,0,0.0,0.0
3967,0.0066181707172179,0.0009066489882802,0,0.0,0.0
3968,0.0051732229052125,0.0015080483369423,0,0.0,0.0
3969,0.0047516578966198,0.0015227995490302,0,0.0,0.0
3970,0.0041302344304484,0.0019826681566104,0,0.0,0.0
3971,0.0035538167183073,0.0019091051235063,0,0.0,0.0
3972,0.0034583808254591,0.0019209356638777,0,0.0,0.0
3973,0.002683184816312,0.002198665349972,0,0.0,0.11612245
3974,0.0032669965198328,0.001655657014625,0,0.0,0.19423082
3975,0.0024895459836932,0.0014538939816068,0,0.0,0.33973148
3976,0.0015378135992844,0.0014849356551001,0,0.0,0.48773777
3977,0.0017321011500508,0.0008372506378534,0,0.0,0.6194069
3978,0.0009000767913117,0.0008289410489415,0,0.0,0.70622045
3979,0.0003424586687668,0.0008014935436249,0,0.0,0.73374116
3980,0.0014284524186084,0.0003151646535304,0,0.0,0.71363676
3981,0.002108637405571,0.0005328600175041,0,0.0,0.6361994
3982,0.0015201825949991,0.0010847524596523,0,0.0,0.5285951
3983,0.0025555754676835,0.0007203972067443,0,0.0,0.41823044
3984,0.0030396242028618,0.0008552020887812,0,0.0,0.29491517
3985,0.0021506931649626,0.0012399200664226,0,0.0,0.22574262
3986,0.0012325341610107,0.0009477573757436,0,0.0,0.19687586
3987,0.0003848568798903,0.00028654253064,0,0.0,0.18018089
3988,0.0005546263783582,0.0002567298535269,0,0.0,0.17216879
3989,0.0004694558772729,0.0001578903448732,0,0.0,0.17033893
3990,0.000253189575735,0.0003077309793712,0,0.0,0.16022262
3991,0.0005364673997147,0.0001807106926582,0,0.0,0.1509378
3992,0.0004347210923027,0.0001066377636021,0,0.0,0.13807176
3993,0.0004507859101356,7.136364469305879e-05,0,0.0,0.12325938
3994,0.0001603568424599,6.690644739483251e-06,0,0.0,0.112338595
3995,0.0001845083326258,4.519520630065321e-05,0,0.0,0.10795096
3996,4.795457880624253e-05,4.950566055881666e-05,0,0.0,0.10616871
3997,8.44507202342391e-05,5.1058869687500704e-05,0,0.0,0.10826913
3998,9.367080622994118e-05,7.182950186215938e-06,0,0.0,0.11128169
3999,6.087367199004688e-05,1.5171474990420015e-05,0,0.0,0.11186779
4000,4.570910087850035e-05,5.655832260435706e-06,0,0.0,0.11099592
4001,9.553773408246088e-05,3.0842659026798296e-05,0,0.0,0.10509619
4002,0.0002603637902264,2.7996208075082816e-05,0,0.0,0.0
4003,0.0001126021993943,2.617377497930737e-05,0,0.0,0.0
4004,4.410668740673717e-05,2.918224115378075e-05,0,0.0,0.0
4005,7.15242677473815e-05,9.877895448064744e-05,0,0.0,0.0
4006,0.0003010626153765,0.000169835954553,0,0.0,0.0
4007,0.0006102768477024,0.0004972447406964,0,0.0,0.0
4008,0.001155583986486,0.0004794355673468,0,0.0,0.0
4009,0.0012577859965421,0.0001853014080986,0,0.0,0.0
4010,0.0011037245880276,0.0003067901663219,0,0.0,0.0
4011,0.0019612874419332,0.0004933707584276,0,0.0,0.0
4012,0.0016986476811531,0.0010398689736603,0,0.0,0.0
4013,0.0015681626604801,0.0013591752185362,0,0.0,0.0
4014,0.0021938196573211,0.0018459697273565,0,0.0,0.0
4015,0.0021518586601483,0.0016068938636587,0,0.0,0.0
4016,0.0025977920851311,0.0016108080042634,0,0.0,0.0
4017,0.0033874289076893,0.0014468230139656,0,0.0,0.10180706
4018,0.0035920961714725,0.0018554526310931,0,0.0,0.14734215
4019,0.0029276475339803,0.001871972937522,0,0.0,0.24983145
4020,0.0037157268078518,0.0016915549835992,0,0.0,0.48748174
4021,0.0029200075850123,0.0016387271482599,0,0.0,0.7382034
4022,0.0012353743957678,0.0009810457408936,0,0.0,0.8214892
4023,0.0006927464973169,0.0010088963138651,0,0.0,0.839258
4024,0.0002378549504425,0.0007255675367738,0,0.0,0.8311388
4025,0.0012178620909826,6.886943057614364e-05,0,0.0,0.7616152
4026,0.0020939116052211,0.0004451086249366,0,0.0,0.6406371
4027,0.0011666157845333,0.0007182244103633,0,0.0,0.5152748
4028,0.0016455632666775,0.00026688904538,0,0.0,0.39723298
4029,0.0026427103165387,0.0002012864780208,0,0.0,0.30125478
4030,0.001972449966991,0.0010896161365281,0,0.0,0.2312913
4031,0.0027873943715318,0.0019974525487282,0,0.0,0.19668312
4032,0.0024050518973133,0.0015653928386001,0,0.0,0.21475299
4033,0.0013623914192179,0.0010395604498046,0,0.0,0.29073215
4034,0.0022767690541141,0.0009111012046779,0,0.0,0.40841743
4035,0.0031652957997524,0.0008956984679719,0,0.0,0.56044954
4036,0.0030335022408234,0.0008684582600333,0,0.0,0.7642081
4037,0.0039303095568296,0.0009088702996784,0,0.0,0.89651287
4038,0.004549197913,0.0012565388371904,0,0.0,0.9389545
4039,0.0032490028934049,0.0009365941098539,0,0.0,0.9536785
4040,0.0025009884375873,0.0010280968962319,0,0.0,0.96103346
4041,0.0020634178341737,0.000995764748237,0,0.0,0.9659556
4042,0.0003878482864729,0.0013901615250115,0,0.0,0.96877956
4043,0.0007469268814333,0.0015024527114704,0,0.0,0.9687363
4044,0.0002067586222776,0.0015974965008099,0,0.0,0.96870816
4045,0.0004434422805486,0.0016733217665414,0,0.0,0.9661399
4046,0.0018091447957574,0.0008636875180295,0,0.0,0.9614047
4047,0.0009096440875408,0.0005859011958445,0,0.0,0.95487916
4048,0.0012190770123229,0.0007702862801697,0,0.0,0.93738395
4049,0.0030753924322154,0.0005540804120462,0,0.0,0.8987143
4050,0.0045833199513621,0.0004263741962397,0,0.0,0.8188458
4051,0.0049291985974151,6.326704604508585e-05,0,0.0,0.64614344
4052,0.0040942591451303,0.000716199876873,0,0.0,0.36575314
4053,0.0030811881632265,0.0008446427433064,0,0.0,0.15773422
4054,0.0026132052406767,0.0004993428461339,0,0.0,0.0
4055,0.001697596683579,0.0003376567246913,0,0.0,0.0
4056,0.0008403893201505,0.0006550938287282,0,0.0,0.0
4057,0.0001488094773599,0.0002982577197561,0,0.0,0.0
4058,0.0007619282154209,0.0002536592783089,0,0.0,0.0
4059,0.0003886756748941,0.0010155236752297,0,0.0,0.0
4060,0.0002891241030923,0.0015204099308697,0,0.0,0.0
4061,0.001442798271087,0.0017702797736652,0,0.0,0.0
4062,0.000501262286566,0.0009646021345797,0,0.0,0.0
4063,0.0003440155863446,0.0005879800848751,0,0.0,0.0
4064,0.0003487945090096,0.0005804340463302,0,0.0,0.0
4065,0.0009468425980991,0.0009748831018204,0,0.0,0.0
4066,0.0017506805890137,0.0009392309604419,0,0.0,0.0
4067,0.0025018758529628,0.0005792153039437,0,0.0,0.0
4068,0.0025524006594808,0.0014798223803554,0,0.0,0.0
4069,0.0035124511705558,0.0016452527844905,0,0.0,0.0
4070,0.0023861748466499,0.0020390000624737,0,0.0,0.0
4071,0.0024622452086935,0.0019430603092597,0,0.0,0.0
4072,0.002752319339261,0.0014163608165211,0,0.0,0.0
4073,0.0021445161577209,0.0013569451915929,0,0.0,0.0
4074,0.0024615763743919,0.0009464760887099,0,0.0,0.0
4075,0.002898266792979,0.0009471169533613,0,0.0,0.0
4076,0.0025204124462321,0.0009135607996011,0,0.0,0.0
4077,0.0016526883599371,0.0005874214818352,0,0.0,0.0
4078,0.0010894411308541,0.0005151072943043,0,0.0,0.0
4079,0.0002533465031219,0.0008354540313321,0,0.0,0.0
4080,0.0003489118411041,0.0002890948721695,0,0.0,0.0
4081,0.0006100839059848,0.000276910829919,0,0.0,0.0
4082,0.0006028396420943,0.0003290492413656,0,0.0,0.0
4083,0.000531214134056,6.210955780474247e-05,0,0.0,0.0
4084,0.0010276400851415,0.0002718425798562,0,0.0,0.0
4085,0.0008553540477306,0.0004409260167378,0,0.0,0.0
4086,0.0002663377195951,0.0003343516417422,0,0.0,0.0
4087,0.0015131530053397,0.0005507816366336,0,0.0,0.0
4088,0.0009186713247583,0.0003613515714437,0,0.0,0.0
4089,0.0004833125409344,0.0014481188037779,0,0.0,0.0
4090,0.0012717930717667,0.0024327137760372,0,0.0,0.0
4091,0.000991950571297,0.0021017556407176,0,0.0,0.0
4092,0.0007173066742755,0.0006718224394575,0,0.0,0.0
4093,0.0012395112175531,0.0003365434407977,0,0.0,0.0
4094,0.0008197228864197,0.0004375414114565,0,0.0,0.0
4095,0.000391314986066,0.0003582058180517,0,0.0,0.0
4096,0.000884049003753,0.0005088267787958,0,0.0,0.0
4097,0.0010064767988924,0.0005296753685568,0,0.0,0.0
4098,0.0009862924139073,0.0004737979172962,0,0.0,0.0
4099,0.001021596500393,0.0008972908357093,0,0.0,0.0
4100,0.0017367175667889,0.0009964790063767,0,0.0,0.0
4101,0.0015889325322829,0.0007927560265729,0,0.0,0.0
4102,0.0021535138928203,0.000468827290308,0,0.0,0.0
4103,0.0026759635264141,0.0004406240824203,0,0.0,0.0
4104,0.0019712740465409,0.0005274093817643,0,0.0,0.0
4105,0.000640297080007,0.0003227246543315,0,0.0,0.0
4106,0.0003268724030715,7.014987839661142e-05,0,0.0,0.0
4107,0.0007219130598753,0.0002705557379465,0,0.0,0.0
4108,0.0009298769039036,0.0002713845905817,0,0.0,0.0
4109,0.0006448956579834,0.0003241613832262,0,0.0,0.0
4110,0.000472804246201,0.0002474625233029,0,0.0,0.0
4111,0.0002015377458692,0.0001110581452333,0,0.0,0.0
4112,0.0003696129612416,6.631856273018031e-05,0,0.0,0.0
4113,0.0003077156449516,0.0002914310506397,0,0.0,0.0
4114,0.000675907158419,0.0003272443333366,0,0.0,0.0
4115,0.0006731243155088,0.0003689866906499,0,0.0,0.0
4116,0.0011712689946586,0.0003158252351964,0,0.0,0.0
4117,0.0009156799039173,0.0002185912254878,0,0.0,0.0
4118,0.0002814869799373,0.0003168091146645,0,0.0,0.0
4119,0.0006888067907638,0.0002920400660258,0,0.0,0.0
4120,0.00028665255507,0.0005910117354292,0,0.0,0.0
4121,0.0006646176945537,0.0002377947051604,0,0.0,0.0
4122,0.0014251337021859,9.324287245615234e-05,0,0.0,0.0
4123,0.001180789937271,1.825216336084336e-05,0,0.0,0.0
4124,0.001249181571703,0.0002190103060265,0,0.0,0.0
4125,0.000781554214209,0.000471249794758,0,0.0,0.0
4126,0.000328200260486,0.0005162579278062,0,0.0,0.0
4127,0.0002434828341263,0.000751534641526,0,0.0,0.0
4128,0.0011658754013939,0.000562523770418,0,0.0,0.0
4129,0.0016259405444264,0.0005559882684103,0,0.0,0.0
4130,0.0010914047374622,0.0004089547127348,0,0.0,0.0
4131,0.0011073993889598,0.0002987292787956,0,0.0,0.0
4132,0.0007092249507263,3.94117549396398e-05,0,0.0,0.0
4133,0.0017323302812273,0.0002711771043574,0,0.0,0.0
4134,0.0014138709061286,6.491069634632065e-05,0,0.0,0.0
4135,0.0005759754983455,0.000111239385474,0,0.0,0.0
4136,0.000865245061459,8.137814106917666e-05,0,0.0,0.0
4137,0.0015453044311735,0.0004577993308884,0,0.0,0.0
4138,0.0004867173715414,0.000341405451319,0,0.0,0.0
4139,0.0008250092881957,0.0001372271964653,0,0.0,0.0
4140,0.0006518858242972,0.0002255057467059,0,0.0,0.0
4141,0.0004463592968831,0.0001225608348904,0,0.0,0.0
4142,0.0001700903940281,7.304530092569187e-05,0,0.0,0.0
4143,8.961612489006996e-05,5.073057282250618e-05,0,0.0,0.0
4144,0.0001120920655859,0.0001032744211519,0,0.0,0.0
4145,0.0006205506835224,0.0002275036823799,0,0.0,0.0
4146,0.0012183025117907,0.000359243154882,0,0.0,0.0
4147,0.000664064248617,6.35575597556316e-05,0,0.0,0.0
4148,0.0004678616549446,0.0004749931010022,0,0.0,0.0
4149,0.0010770742192406,0.0007622362209509,0,0.0,0.0
4150,0.0015137056598913,0.0008633081590582,0,0.0,0.0
4151,0.002590755730133,0.00161074123877,0,0.0,0.0
4152,0.0027000589980833,0.0014899689848025,0,0.0,0.0
4153,0.0034219437206925,0.0023740575562321,0,0.0,0.0
4154,0.0037438561849024,0.0028450289525303,0,0.0,0.0
4155,0.0044710932810382,0.0035504471865422,0,0.0,0.0
4156,0.0043355222089713,0.0028671265410794,0,0.0,0.0
4157,0.0048116655763776,0.0030133882517807,0,0.0,0.0
4158,0.0036063542695353,0.0028128342385869,0,0.0,0.0
4159,0.0034678216956425,0.0037498498150732,0,0.0,0.0
4160,0.0042531052079063,0.0046801013473869,0,0.0,0.0
4161,0.0038371510436516,0.004361617197455,0,0.0,0.0
4162,0.0045465414558216,0.0047401157289874,0,0.0,0.0
4163,0.0047521411341734,0.004128830800116,0,0.0,0.0
4164,0.0039849915448628,0.0036642710307487,0,0.0,0.0
4165,0.002554041224103,0.0036916783860962,0,0.0,0.0
4166,0.0034161200171953,0.003531150066209,0,0.0,0.0
4167,0.0030245694874922,0.0035123292043464,0,0.0,0.0
4168,0.0031413499141316,0.0043272435322199,0,0.0,0.0
4169,0.0040600604391598,0.003975604095749,0,0.0,0.0
4170,0.0040032633381577,0.0051280878913389,0,0.0,0.0
4171,0.0045095054469114,0.0043669379400138,0,0.0,0.0
4172,0.0034496295634375,0.0038080153331095,0,0.0,0.0
4173,0.0037283023809063,0.003496492533434,0,0.0,0.0
4174,0.0036212295207286,0.0029473630090507,0,0.0,0.0
4175,0.0026351457414153,0.003162428578555,0,0.0,0.0
4176,0.0001318223218514,0.0018160800049175,0,0.0,0.0
4177,0.0023590311025577,0.0003697463960022,0,0.11213971,0.0
4178,0.0012857958524708,0.0001259283691145,0,0.0,0.0
4179,0.0011855014231078,0.0002018943749547,0,0.0,0.0
4180,0.0003810560878629,0.0007877814316081,0,0.0,0.0
4181,0.0007813111436454,0.0012870279905651,0,0.0,0.0
4182,0.0008665721176001,0.0016311032004845,0,0.0,0.0
4183,0.0011422958427932,0.0017021074039242,0,0.0,0.0
4184,0.0006682294898444,0.0008559534451679,0,0.0,0.0
4185,0.0002562867384397,0.0007171706668283,0,0.0,0.0
4186,0.0010782389508616,0.0005376189407222,0,0.0,0.0
4187,0.0007992639612919,0.0011276822838061,0,0.0,0.0
4188,0.0006016643406307,0.0006639497277116,0,0.0,0.0
4189,0.0004797179898652,0.000250549289725,0,0.0,0.0
4190,0.0006361712241908,9.725570345382384e-05,0,0.0,0.0
4191,0.0005966421908257,0.0002149478528543,0,0.0,0.0
4192,0.0007626018982506,0.0004666342322936,0,0.0,0.0
4193,0.0008611440989815,0.0006464579961623,0,0.0,0.0
4194,0.0011602495104701,0.0003396311431992,0,0.0,0.0
4195,0.0008129923502429,0.0003307891323023,0,0.0,0.0
4196,0.0007849443744291,0.0003072380189052,0,0.0,0.0
4197,0.0013355873924432,0.0001843883144077,0,0.12915148,0.0
4198,0.0027733759919472,0.0004869459171833,0,0.304452,0.0
4199,0.0032150308190238,0.0015603416805482,0,0.5562308,0.0
4200,0.0029063013214071,0.0014880513067777,0,0.74101335,0.0
4201,0.0034431605817,0.0017600433238018,0,0.86339873,0.0
4202,0.0029351132526111,0.0024828894903502,0,0.9286841,0.0
4203,0.0019710106394428,0.0017407698290575,0,0.9543287,0.0
4204,0.0017023103998369,0.0016884971998653,0,0.96501386,0.0
4205,0.0008506155886083,0.0015690922099684,0,0.96898293,0.0
4206,0.0019909347989454,0.0012688420331933,0,0.971851,0.0
4207,0.0013436147348903,0.0011228600684623,0,0.97410655,0.0
4208,0.0018329204106971,0.0015301119101008,0,0.9751548,0.0
4209,0.0020521843964037,0.0020030676509766,0,0.9765987,0.0
4210,0.0025698023863125,0.0017667541151927,0,0.97759604,0.0
4211,0.0024287396621398,0.0021411077237023,0,0.97853214,0.0
4212,0.0017864071618381,0.0022844317989293,0,0.9796754,0.0
4213,0.0017516839935173,0.0023286685137336,0,0.98047614,0.0
4214,0.0012019246142849,0.0012702421195158,0,0.98126334,0.0
4215,0.0014045196775467,0.0006647820187505,0,0.9818479,0.0
4216,0.0018162240389026,0.0003480595365914,0,0.9822448,0.0
4217,0.002591162593127,0.000431869834521,0,0.98258835,0.0
4218,0.0036603451202445,0.0008397641620022,0,0.9823779,0.0
4219,0.002816606396471,0.0006171770680958,0,0.9814505,0.0
4220,0.0016202401212627,0.0006479397861445,0,0.98006606,0.0
4221,0.0019307267620858,0.0010988537824849,0,0.97724056,0.0
4222,0.0027861924435507,0.0011156567006534,0,0.9696275,0.0
4223,0.0042394551221532,0.0018882901973154,0,0.94178796,0.0
4224,0.0060829744206157,0.0025220201480701,0,0.79759985,0.0
4225,0.0056695504039567,0.0020372115629824,0,0.32757404,0.0
4226,0.0043370099412797,0.0009713143866355,0,0.103896715,0.0
4227,0.0022722761035418,0.0006589083873958,0,0.0,0.0
4228,0.0015855169479723,0.0002940618050454,0,0.0,0.0
4229,0.0027332146025993,0.0006035963064339,0,0.0,0.0
4230,0.0041326355438548,0.0002653165635383,0,0.0,0.0
4231,0.0044373211892967,0.0008357472293649,0,0.0,0.0
4232,0.0051997209902626,0.0015939133964269,0,0.0,0.0
4233,0.0047300737383979,0.0025272172539047,0,0.0,0.0
4234,0.0046898821121584,0.0035816693149647,0,0.0,0.0
4235,0.0057853545679965,0.0034160308347356,0,0.0,0.0
4236,0.0051112502783252,0.0049836207243217,0,0.0,0.0
4237,0.0053255895319925,0.0049858760835289,0,0.0,0.0
4238,0.0048694727311103,0.0049863749212565,0,0.0,0.0
4239,0.0028652737938768,0.0041232040625645,0,0.0,0.0
4240,0.0021574997163805,0.003791872402843,0,0.0,0.0
4241,0.0012299768412776,0.0027946854127082,0,0.0,0.0
4242,0.0012302836030431,0.0015701071439213,0,0.0,0.0
4243,0.0028563046513424,0.0008948860359077,0,0.0,0.0
4244,0.0017960704175062,0.001263274631496,0,0.0,0.0
4245,0.0006907802446363,0.0010933923628958,0,0.0,0.0
4246,0.0003956299254127,0.001030588323931,0,0.0,0.0
4247,0.0023733156238958,0.0004736933774133,0,0.0,0.0
4248,0.0023821838156181,0.0004345652263768,0,0.0,0.0
4249,0.0016695345430278,0.0001330268459423,0,0.0,0.0
4250,0.0018275178210518,8.939374098267207e-05,0,0.0,0.0
4251,0.0020283959294305,0.0004093239246762,0,0.0,0.0
4252,0.0021131661318464,0.0008492208734916,0,0.0,0.0
4253,0.0021233697797462,0.0009797773963169,0,0.0,0.0
4254,0.0016811995216646,0.0002983167045729,0,0.0,0.0
4255,0.0007770494324937,0.0004110356864965,0,0.0,0.0
4256,0.0013756742959216,0.0005630694291705,0,0.0,0.0
4257,0.0020270925064104,0.0012155650195269,0,0.0,0.0
4258,0.0022030332645276,0.0012742586861172,0,0.0,0.0
4259,0.0006905100053261,0.0006562907124668,0,0.0,0.0
4260,0.0009440630087972,0.000312865199472,0,0.0,0.0
4261,0.0017788809891408,0.0002690135386314,0,0.0,0.0
4262,0.0015742578635596,0.0003421179766106,0,0.0,0.0
4263,0.0008119106948544,0.0002637659641425,0,0.0,0.0
4264,0.0012356642413849,0.0001070252454208,0,0.0,0.0
4265,0.0016843343623964,8.605886381309184e-05,0,0.0,0.0
4266,0.0006473782014822,0.0001973035883495,0,0.0,0.0
4267,7.018640305273064e-05,0.0002852244285179,0,0.0,0.0
4268,3.990900012907772e-05,0.0004324837036039,0,0.0,0.0
4269,6.81980292023631e-05,0.0001333222620774,0,0.0,0.0
4270,9.188391886041433e-05,0.0001075497935908,0,0.0,0.0
4271,0.0001134165458239,0.0001053098831593,0,0.0,0.0
4272,0.0001327959100918,0.0001039504452589,0,0.0,0.0
4273,0.0001500247411779,0.0001036726110223,0,0.0,0.0
4274,0.0001651057969605,0.0001045796938654,0,0.0,0.0
4275,0.0001780198257505,0.0001067638673173,0,0.0,0.0
4276,0.000188794115541,0.0001102751219093,0,0.0,0.0
4277,0.000197407226319,0.0001151063889975,0,0.0,0.0
4278,0.0002038591587227,0.0001212275918222,0,0.0,0.0
4279,0.0002081735997946,0.0001285722254933,0,0.0,0.0
4280,0.000210329652624,0.0001370738203487,0,0.0,0.0
4281,0.0002103294720183,0.0001466456335516,0,0.0,0.0
4282,0.0002081735398003,0.000157222248978,0,0.0,0.0
4283,0.0002038591587227,0.0001687227590703,0,0.0,0.0
4284,0.000197407226319,0.0001810839393337,0,0.0,0.0
4285,0.000188794115541,0.0001942503422736,0,0.0,0.0
4286,0.0001780198257505,0.0002081824120596,0,0.0,0.0
4287,0.0001651057969605,0.0002228419867695,0,0.0,0.0
4288,0.0001500247411779,0.0002381877332151,0,0.0,0.0
4289,0.0001327959100918,0.0002542072248315,0,0.0,0.0
4290,0.0001134165458238,0.0003848647291169,0,0.0,0.0
4291,9.188391886041433e-05,0.0007846886138667,0,0.0,0.0
4292,6.819802920239885e-05,0.0006892120594983,0,0.0,0.0
4293,3.990900012911189e-05,0.0011404858634448,0,0.0,0.0
4294,0.000272431795886,0.0014619229777112,0,0.0,0.0
4295,0.0016022826193556,0.0017137405046216,0,0.0,0.0
4296,0.0028130934704559,0.0019166509632002,0,0.0,0.0
4297,0.0033915188509575,0.0017068911367992,0,0.0,0.0
4298,0.006059601564646,0.0021666126827751,0,0.0,0.0
4299,0.0054574350179798,0.0009001862512628,0,0.0,0.0
4300,0.0044546777207007,0.0003445451835829,0,0.0,0.0
4301,0.0046588380755026,0.0005242503858419,0,0.0,0.0
4302,0.003373964576678,0.0004014046680239,0,0.0,0.0
4303,0.004578083236471,0.0003432639081777,0,0.0,0.0
4304,0.0045823589030659,0.0012769602466834,0,0.0,0.0
4305,0.0030036342970317,0.0013382230987276,0,0.0,0.0
4306,0.0040229356337184,0.0013561687138223,0,0.0,0.0
4307,0.0042746615753379,0.0023506085993486,0,0.35798404,0.0
4308,0.0037678202988471,0.0021997878106085,0,0.8082358,0.0
4309,0.003142873550627,0.0013284660365152,0,0.90460354,0.0
4310,0.0020233988834041,0.0012042432508743,0,0.9327972,0.0
4311,0.0009533219472474,0.0007858644191341,0,0.9435124,0.0
4312,0.0012243328159554,0.0006719179071312,0,0.94994134,0.0
4313,0.0016384030106654,0.0004348959501262,0,0.9539267,0.0
4314,0.0004736919007269,0.0005806071023698,0,0.9542204,0.0
4315,0.0008635984109153,0.000283786150396,0,0.94944733,0.0
4316,0.0004922467813716,0.0003747008990711,0,0.9437105,0.0
4317,0.0011653145206572,0.0009516415700289,0,0.9307296,0.0
4318,0.0017067723280555,0.0010787396334674,0,0.9045064,0.0
4319,0.0012267533935197,0.0010885452254477,0,0.86778575,0.0
4320,0.0013150951127429,0.000794174522628,0,0.81696147,0.0
4321,0.0015881945290174,0.0007426025961583,0,0.73837966,0.0
4322,0.0014563104348511,0.0004358672536816,0,0.65595746,0.0
4323,0.0011001344280667,0.0003860260105859,0,0.5572543,0.0
4324,0.0010852304721948,0.0002873549314352,0,0.4441284,0.0
4325,0.0011477291149562,0.0003772845876759,0,0.34609836,0.0
4326,0.0006244429463467,0.0003881484133791,0,0.27846873,0.0
4327,0.0005366396130115,0.0001902745499699,0,0.2474036,0.0
4328,0.0008340561914561,0.0001853280032974,0,0.24302624,0.0
4329,0.0006855567960923,0.0001830378536131,0,0.25766286,0.0
4330,0.000418443170616,0.0001086442562081,0,0.28106266,0.0
4331,0.0004726671266095,5.018636737130912e-05,0,0.32223803,0.0
4332,0.0005432378447486,1.9622714944086663e-05,0,0.39390248,0.0
4333,0.000889446205698,2.204850513280856e-05,0,0.529001,0.0
4334,0.0022915911924089,0.0001747924766499,0,0.7257778,0.0
4335,0.0031353099881455,0.0006142480384397,0,0.8745891,0.0
4336,0.0039985210191226,0.0006117725509508,0,0.9234264,0.0
4337,0.0025251105251969,0.0004089282291953,0,0.94191444,0.0
4338,0.0027648666306705,0.0007211761971254,0,0.95046514,0.0
4339,0.0044717103897558,0.000833485050443,0,0.95689785,0.0
4340,0.0051100913504204,0.0009453122530908,0,0.9627057,0.0
4341,0.0030824057074726,0.001559326280006,0,0.96782136,0.0
4342,0.0013305533635738,0.0014037463274057,0,0.9711154,0.0
4343,0.0009621803561413,0.001278364004679,0,0.9734205,0.0
4344,0.0008632454732383,0.0007642687475487,0,0.9745425,0.0
4345,0.0016351802860666,0.0002627598464931,0,0.97489583,0.0
4346,0.0009318485543544,0.0002606892891761,0,0.97482896,0.0
4347,0.0006568837098676,0.0004542777276435,0,0.9746457,0.0
4348,0.0016391821807204,0.0007604325570743,0,0.974593,0.0
4349,0.0017752884970123,0.0008360138364134,0,0.97495246,0.0
4350,0.0014222029838569,0.0009837595788188,0,0.974358,0.0
4351,0.0019667761191417,0.0012108281573502,0,0.9727503,0.0
4352,0.0016754427406816,0.0011203290811865,0,0.97224134,0.0
4353,0.001650149313971,0.0005584934719128,0,0.9697825,0.0
4354,0.0010770066783487,0.0008974114757838,0,0.9686913,0.0
4355,0.0014614393151356,0.0006486481081279,0,0.9712517,0.0
4356,0.0019809118488658,0.0007809456254868,0,0.9714021,0.0
4357,0.0019577703771909,0.0014730154859735,0,0.9708514,0.0
4358,0.0017405554485635,0.0017370557250126,0,0.96995395,0.0
4359,0.0013912560967392,0.0010962173767402,0,0.9702415,0.0
4360,0.0011789454399983,0.0012567765345791,0,0.9692943,0.0
4361,0.0018828031236729,0.0016395985426808,0,0.9687437,0.0
4362,0.0010846224037037,0.0013229305177961,0,0.9657118,0.0
4363,0.0018061870363782,0.0009170233606464,0,0.95852375,0.0
4364,0.0013634533535981,0.0003598058398361,0,0.9473155,0.0
4365,0.0006211520105613,5.934953330194782e-05,0,0.93183905,0.0
4366,0.0004182579389122,0.0002066346700157,0,0.90662223,0.0
4367,0.0008429152706251,9.595054376558902e-05,0,0.8801273,0.0
4368,0.0014807426204656,0.0001285505841644,0,0.8420133,0.0
4369,0.0017804198107164,0.0007131541968791,0,0.8159421,0.0
4370,0.0013192096732407,0.0010149630946968,0,0.8112608,0.0
4371,0.0009326750112755,0.0008334821521393,0,0.8102982,0.0
4372,0.0018580246919842,0.0001628398980422,0,0.8236477,0.0
4373,0.0018293869434933,8.609199288315361e-05,0,0.83524114,0.0
4374,0.0020597462261126,0.0001924528868011,0,0.8491112,0.0
4375,0.0010421029598667,5.718375601141372e-05,0,0.87675464,0.0
4376,0.000758391867243,0.0001438583749518,0,0.8986676,0.0
4377,0.0017524249679686,0.0004749950519628,0,0.9121948,0.0
4378,0.0020275336285051,0.0007271682948824,0,0.9225598,0.0
4379,0.0016035959260575,0.0008155771825044,0,0.92613167,0.0
4380,0.0005905587059527,0.0002607218722074,0,0.916528,0.0
4381,0.0004811254235763,4.385775992202285e-05,0,0.9050941,0.0
4382,0.0004924280983103,0.0002738082839632,0,0.87967587,0.0
4383,0.0007903832745284,0.0003904657364663,0,0.84437317,0.0
4384,0.0008896023446558,0.0004730034099974,0,0.8228284,0.0
4385,0.0010376631614479,0.0004536228082261,0,0.81304467,0.0
4386,0.0008413990932956,0.0005206774567597,0,0.8084084,0.0
4387,0.0009406124784144,0.0007079137066491,0,0.8245073,0.0
4388,0.0008197653258486,0.0006491695642232,0,0.84732205,0.0
4389,0.0011863327674197,0.0009131174989811,0,0.8690488,0.0
4390,0.0013583148215946,0.0003963962556196,0,0.9007831,0.0
4391,0.0004146688104925,0.0006093982806236,0,0.92713845,0.0
4392,0.0002823486571663,0.0004075396219446,0,0.9429977,0.0
4393,0.0012505901345913,0.0001906238113143,0,0.95730394,0.0
4394,0.0021352232417847,0.0010294713411096,0,0.9673833,0.0
4395,0.0026076635438464,0.0009035752784286,0,0.9733651,0.0
4396,0.0037570310070408,0.0004828486909444,0,0.97865254,0.0
4397,0.0033236372913019,0.0003689997229424,0,0.98099524,0.0
4398,0.0015405199018372,0.0003231994443255,0,0.98204345,0.0
4399,0.0014940408257893,8.710227835055843e-05,0,0.98257476,0.0
4400,0.0011689783633265,0.0003547129982568,0,0.98291546,0.0
4401,0.0013595188279711,0.0006519216105205,0,0.9828922,0.0
4402,0.0017651639538413,0.0010762463907844,0,0.98294324,0.0
4403,0.0018294659067174,0.0010841305177936,0,0.9827523,0.0
4404,0.0031926044490959,0.0016302504963916,0,0.9820744,0.0
4405,0.005414360371725,0.002422044658016,0,0.9807843,0.0
4406,0.0068388899945088,0.0027897803701696,0,0.97872585,0.0
4407,0.0035591474448979,0.0021986680466681,0,0.9765526,0.0
4408,0.000939026931885,0.001290172264312,0,0.97306097,0.0
4409,0.0015532940412899,0.0009814921465664,0,0.966901,0.0
4410,0.0027768283819448,0.0006793764483901,0,0.95521456,0.0
4411,0.003885159213442,0.0008840599224308,0,0.935692,0.0
4412,0.0005630160292448,0.0012213355342227,0,0.9230661,0.0
4413,0.00164736659238,0.0013758025801324,0,0.9314216,0.0
4414,0.0019233003696604,0.0012025759657188,0,0.9424596,0.0
4415,0.0015061127773734,0.0008341174906797,0,0.95216,0.0
4416,0.000945885105379,0.00052478272727,0,0.958035,0.0
4417,0.0005353647141643,0.0004597351758988,0,0.9610409,0.0
4418,0.0010531505198591,0.0007702206824592,0,0.9635966,0.0
4419,0.0013560148584148,0.0008140254827288,0,0.96506166,0.0
4420,0.0007428866752553,0.0005746286360913,0,0.96497107,0.0
4421,0.0010467917703192,0.0002664034601032,0,0.9622193,0.0
4422,0.004129057105469,0.0008900203895783,0,0.9544744,0.0
4423,0.0047448026863058,0.0016914349702062,0,0.9424956,0.0
4424,0.0024506134006625,0.0011339500028969,0,0.93084127,0.0
4425,0.0016665650094024,0.0003356274222942,0,0.9245142,0.0
4426,0.0008406003166331,0.00023077687953,0,0.9222686,0.0
4427,0.0014502288128009,9.403525125097334e-05,0,0.929372,0.0
4428,0.0022023857400837,0.00029824399493,0,0.9356222,0.0
4429,0.0014052666117376,0.0004606318457676,0,0.93749607,0.0
4430,0.0006134490664174,0.0003671288609526,0,0.9311498,0.0
4431,0.0002696259430944,0.0002056677370248,0,0.91294986,0.0
4432,0.0021007724730697,0.000321178382785,0,0.8497844,0.0
4433,0.0068498827398558,0.0011758110314971,0,0.47218332,0.0
4434,0.0082398806872181,0.0009786335068749,0,0.0,0.0
4435,0.0070465676241613,0.0007856071248599,0,0.0,0.0
4436,0.0048160073816317,0.0004447633166864,0,0.0,0.0
4437,0.0025009001855118,0.0001536185869296,0,0.0,0.0
4438,0.0016004253510662,0.0001726455609177,0,0.0,0.0
4439,0.0015911360957542,0.0003569456984423,0,0.0,0.0
4440,0.0026125896535769,0.0005256806805722,0,0.0,0.0
4441,0.0056185564762795,0.0007494576860245,0,0.0,0.0
4442,0.004096157713742,0.0005939790813856,0,0.0,0.0
4443,0.0035300512754528,0.001182089244214,0,0.0,0.0
4444,0.0046059423263244,0.0014608835389064,0,0.0,0.0
4445,0.0041465391904612,0.0017913746028319,0,0.0,0.0
4446,0.006007087927725,0.0020453526048695,0,0.0,0.0
4447,0.009385019587356,0.0015047359058825,0,0.0,0.0
4448,0.0081384662494874,0.0012474665299085,0,0.0,0.0
4449,0.0059309988701065,0.0014375568153011,0,0.0,0.0
4450,0.0057489078863861,0.0015529698915425,0,0.0,0.0
4451,0.0059168905930296,0.0022475136742565,0,0.0,0.0
4452,0.0048995216713432,0.0028021963518572,0,0.0,0.0
4453,0.0037258202704016,0.0021917610376814,0,0.0,0.0
4454,0.0034104055328226,0.0026054830876925,0,0.0,0.0
4455,0.0027690298379296,0.002559664308013,0,0.0,0.0
4456,0.0025230538818215,0.0025179225488126,0,0.0,0.0
4457,0.0025798358118337,0.0027784957023127,0,0.0,0.0
4458,0.0032981915994918,0.0027293529919516,0,0.0,0.0
4459,0.0054304243938229,0.0021660631672724,0,0.0,0.0
4460,0.0047996260587709,0.0023356807148373,0,0.0,0.0
4461,0.0033328325887695,0.0027980146772202,0,0.0,0.0
4462,0.0042833289040786,0.0021488130016328,0,0.0,0.0
4463,0.0064873410594154,0.0018655913041289,0,0.0,0.0
4464,0.0042986180810781,0.0026512618222338,0,0.0,0.0
4465,0.0045189402471682,0.0024340404762401,0,0.0,0.18164168
4466,0.0047409201255151,0.0015828618898915,0,0.0,0.74344194
4467,0.003938418025771,0.0012797539704913,0,0.0,0.90453625
4468,0.0028568116011443,0.0009626969175874,0,0.0,0.94313323
4469,0.0010573299907756,0.0014048964065245,0,0.0,0.9526688
4470,0.0010577176921269,0.0015800495113555,0,0.0,0.9473413
4471,0.0013688566531331,0.0019003564042069,0,0.0,0.92541504
4472,0.0020103347936239,0.0022460984916748,0,0.0,0.7927322
4473,0.0052298639763999,0.0015093824551978,0,0.0,0.23478034
4474,0.0063670141052395,0.0020985794425399,0,0.0,0.0
4475,0.0061693977710947,0.0046478675356854,0,0.0,0.0
4476,0.0060358658026931,0.0059960473608122,0,0.0,0.0
4477,0.0059903023428358,0.0062773183705666,0,0.0,0.0
4478,0.0067312948215726,0.0069411995343199,0,0.0,0.0
4479,0.0078999356180941,0.0071769917163955,0,0.0,0.0
4480,0.0076697353395736,0.0082638251916664,0,0.0,0.0
4481,0.0077421044799783,0.0079586166503238,0,0.0,0.0
4482,0.0077185295571021,0.0067413433020799,0,0.0,0.0
4483,0.0069937136935481,0.0065113024508941,0,0.0,0.0
4484,0.0050597590927751,0.0056714609719818,0,0.0,0.0
4485,0.0006933162771583,0.0039200946087059,0,0.0,0.0
4486,0.0019905777597956,0.0017963823348207,0,0.0,0.0
4487,0.0030319125301578,0.0015754980523885,0,0.0,0.0
4488,0.0008952510714079,0.00095466265211,0,0.0,0.0
4489,0.0014675914776102,0.0010596847344893,0,0.0,0.0
4490,0.0015339934862414,0.0013281925061892,0,0.0,0.0
4491,0.0001798208631308,0.0009125777682699,0,0.0,0.0
4492,0.0009079997119697,0.0007727439534717,0,0.0,0.0
4493,0.0011474673347298,0.0012472070345341,0,0.0,0.0
4494,0.0009805021306061,0.0013514743093169,0,0.0,0.0
4495,0.0005434232680731,0.0005473450854501,0,0.0,0.0
4496,0.0011739341132875,0.0002091964478453,0,0.0,0.0
4497,0.00102678051091,0.0006370605638535,0,0.0,0.0
4498,7.464199022965063e-05,0.0010779898799304,0,0.0,0.0
4499,0.0008316171461684,0.0011387618552309,0,0.0,0.0
4500,0.0019556710256849,0.0007995737073329,0,0.0,0.0
4501,0.0005910550253259,0.0004904474386601,0,0.0,0.0
4502,0.0007339620988247,0.0001023086284518,0,0.0,0.0
4503,0.0007545544916408,0.0002305186156754,0,0.0,0.0
4504,0.0003472681492701,0.0002889771590735,0,0.0,0.0
4505,0.000999450569366,0.0003682927607416,0,0.0,0.0
4506,0.0025821341446511,0.0003550885863952,0,0.0,0.0
4507,0.0012775252074337,0.0001379503056392,0,0.0,0.0
4508,0.0002436786034473,0.0002942955994303,0,0.0,0.0
4509,0.0003340856139585,0.0005158996262582,0,0.0,0.0
4510,0.0008102374246237,0.0005466427862181,0,0.0,0.0
4511,0.0005091950439312,0.00019026328306,0,0.0,0.0
4512,0.0001740280537565,0.0001888353369728,0,0.0,0.0
4513,0.0001243119350263,0.0002547588908873,0,0.0,0.0
4514,2.302398584921781e-05,0.0002594334554397,0,0.0,0.0
4515,7.515783998590337e-05,4.6895720962785184e-05,0,0.0,0.0
4516,2.368286650016856e-05,0.0002399313215612,0,0.0,0.0
4517,0.0003075169355228,0.0001134919099034,0,0.0,0.0
4518,0.0008658709184264,0.0001462159499349,0,0.0,0.0
4519,0.0009838254995855,0.0001112381199778,0,0.0,0.0
4520,0.0007623821287463,8.321928021733429e-05,0,0.0,0.0
4521,0.0007664922304535,0.0001557081861887,0,0.0,0.0
4522,0.0005539444788735,5.302272467095683e-05,0,0.0,0.0
4523,0.0006586293263196,0.0001189792788268,0,0.0,0.0
4524,0.00060627397448,7.166115816378639e-05,0,0.0,0.0
4525,0.0008904006720492,0.0001834969795441,0,0.0,0.0
4526,0.0026060039757949,0.0002559399214891,0,0.0,0.0
4527,0.0037599940282454,0.0001092626712963,0,0.0,0.0
4528,0.0040555088341825,0.0002818825990566,0,0.0,0.0
4529,0.0020341453704268,0.0005280191728441,0,0.0,0.0
4530,0.0013528989284184,0.0003894654367444,0,0.0,0.0
4531,0.0013874671733756,0.0003679448823132,0,0.0,0.0
4532,0.0032676132038244,0.0006738803406961,0,0.0,0.0
4533,0.0058675136282789,0.0007733177298017,0,0.0,0.0
4534,0.004635848817035,0.0003568496246684,0,0.0,0.0
4535,0.0038134276556886,0.0003252391731123,0,0.0,0.0
4536,0.0042388992399316,0.0003903747755864,0,0.0,0.0
4537,0.0033738241245787,0.000666818276531,0,0.0,0.0
4538,0.0028019108385074,0.0015752595199035,0,0.0,0.0
4539,0.0036177390812377,0.001909229798919,0,0.0,0.0
4540,0.0027877211403741,0.0012445553102194,0,0.0,0.0
4541,0.0013273769057773,0.0006254598442036,0,0.0,0.0
4542,0.0010533330868544,0.0003297185303878,0,0.0,0.0
4543,0.0012963885792245,0.0007358074332583,0,0.0,0.0
4544,0.0013696378506689,0.0013409518873389,0,0.0,0.0
4545,0.0020086368582828,0.0016955995041765,0,0.0,0.0
4546,0.0024142636684495,0.0021355918758128,0,0.0,0.0
4547,0.0021450603579097,0.0020557847020777,0,0.0,0.0
4548,0.0018006868964296,0.0022489075548764,0,0.0,0.0
4549,0.0018923747355913,0.0027792535148812,0,0.0,0.0
4550,0.0014631165744958,0.0018773254545016,0,0.0,0.0
4551,0.0016698703544704,0.0014114698952569,0,0.0,0.0
4552,0.0008907412391742,0.0010552238942972,0,0.0,0.0
4553,0.0018688459140123,0.001500019311784,0,0.0,0.0
4554,0.0027924334486432,0.0012105644849352,0,0.0,0.0
4555,0.0037346829399249,0.0008330224139965,0,0.0,0.0
4556,0.0040173907172187,0.0004512005213049,0,0.0,0.0
4557,0.0038317943404421,0.0003730128539607,0,0.0,0.0
4558,0.0039008614610575,0.0001525693897691,0,0.0,0.0
4559,0.0031931968360166,0.0006955772908207,0,0.0,0.0
4560,0.0034049048205107,0.0009921832532673,0,0.0,0.0
4561,0.0042625438070972,0.0010960137439687,0,0.0,0.0
4562,0.0041674207622794,0.0008915827929558,0,0.0,0.0
4563,0.0034227676131011,0.0013105354850156,0,0.0,0.0
4564,0.002477181734773,0.0010018297951719,0,0.0,0.0
4565,0.0018682201577602,0.0008719453967749,0,0.0,0.0
4566,0.0002905990644799,0.0009243019719893,0,0.0,0.0
4567,0.0008497204340172,0.0006473014563654,0,0.0,0.0
4568,0.0022390973310039,0.0003243425906194,0,0.0,0.0
4569,0.0035559883026224,0.0005325545081015,0,0.0,0.0
4570,0.0033334704577959,0.0007199429762349,0,0.0,0.0
4571,0.0028434119298265,0.0004446770839373,0,0.0,0.0
4572,0.0028967477806994,0.0015309866165669,0,0.0,0.0
4573,0.0045657243473053,0.0036644288133055,0,0.0,0.0
4574,0.0056645609936924,0.0047089185762474,0,0.0,0.0
4575,0.0066380399203982,0.0042481288170714,0,0.0,0.0
4576,0.0058886620184961,0.004531777021607,0,0.0,0.0
4577,0.0050657664220978,0.0050549831613451,0,0.0,0.0
4578,0.0044522757830483,0.0051492686819402,0,0.0,0.0
4579,0.0037096770040202,0.0049719090674028,0,0.0,0.0
4580,0.0024799191492959,0.0043458878466734,0,0.0,0.0
4581,0.0019369356082231,0.0040148158329378,0,0.0,0.0
4582,0.0024644704201402,0.0042097483620647,0,0.0,0.0
4583,0.0035689454741663,0.0040642847599735,0,0.0,0.0
4584,0.0054851764714949,0.0038146412434975,0,0.0,0.0
4585,0.005041238678597,0.0045853083469872,0,0.0,0.0
4586,0.0056372461388804,0.0045271496137863,0,0.0,0.0
4587,0.005155634953191,0.0048424978149071,0,0.0,0.0
4588,0.005486204652089,0.0059608210035694,0,0.0,0.0
4589,0.0055854967398427,0.0051712205681216,0,0.0,0.0
4590,0.0063565862506906,0.0063340521119169,0,0.0,0.0
4591,0.0064423234782788,0.0064459952865834,0,0.0,0.0
4592,0.0060992962790774,0.0059744341489337,0,0.0,0.0
4593,0.0059231423336693,0.0047071933961936,0,0.0,0.0
4594,0.0047505652761345,0.005098389313063,0,0.0,0.0
4595,0.0032624603338286,0.0050142894779534,0,0.0,0.0
4596,0.0020031610381723,0.0033875547016819,0,0.0,0.0
4597,0.0010768341466967,0.0029237174438637,0,0.0,0.0
4598,0.0002279946896772,0.00220439381994,0,0.0,0.0
4599,6.899882031785457e-05,0.0013510236656944,0,0.0,0.0
4600,0.0003337472786422,0.0007460091027964,0,0.0,0.0
4601,0.000392881351693,0.0004359100334268,0,0.0,0.0
4602,0.0020172176771358,0.0002970186035892,0,0.0,0.0
4603,0.0046256230539423,0.0001585547535305,0,0.0,0.0
4604,0.0027832589049231,0.0002208288858138,0,0.0,0.0
4605,0.00346814572261,0.0008141751814039,0,0.0,0.0
4606,0.0034918375879591,0.0014138331912123,0,0.0,0.0
4607,0.0029352461690845,0.0010076927242211,0,0.0,0.0
4608,0.0025898470847613,9.744340825463542e-05,0,0.0,0.0
4609,0.0016244089429873,0.0011482387760409,0,0.0,0.0
4610,0.0042455850335192,0.0015327668362961,0,0.0,0.0
4611,0.005678902460763,0.0010834920878454,0,0.0,0.0
4612,0.0024129554198745,0.0002550183322109,0,0.0,0.0
4613,0.002869267955913,8.363881309081769e-05,0,0.0,0.0
4614,0.0027727450549811,0.0001084050456653,0,0.0,0.0
4615,0.0020643643243539,0.0001057618822116,0,0.0,0.0
4616,0.0043379576056366,0.0002929559194815,0,0.0,0.0
4617,0.0046376214089586,0.0015177014327618,0,0.0,0.0
4618,0.0042783524427056,0.0016790969287462,0,0.0,0.0
4619,0.0039883362881613,0.0012264807994517,0,0.0,0.0
4620,0.0034380393025323,0.0008659806179386,0,0.0,0.0
4621,0.0029435105023041,0.000979756255624,0,0.0,0.0
4622,0.0027377692848173,0.0015456042385892,0,0.0,0.0
4623,0.0024377586112047,0.0018975648518695,0,0.0,0.0
4624,0.0017101122198418,0.0012416156757291,0,0.0,0.0
4625,0.0016112965780694,0.0006940756562065,0,0.0,0.0
4626,0.0010294660869278,0.000782591385898,0,0.0,0.0
4627,0.0001451052987366,0.0004822499795889,0,0.0,0.0
4628,0.0004346581377083,0.0004035723518352,0,0.0,0.0
4629,0.0006868708896747,0.0001719467084219,0,0.0,0.0
4630,0.0006570490966773,0.000170772956695,0,0.0,0.0
4631,0.0010531893027453,0.0002510648770051,0,0.0,0.0
4632,0.0016966484847355,0.0005890752739286,0,0.0,0.0
4633,0.0003518860454427,0.0005262061769628,0,0.0,0.0
4634,0.0003373063178614,0.0005706833571999,0,0.0,0.0
4635,0.0005208486336089,0.0003308099843786,0,0.0,0.0
4636,0.0003356037065403,7.60458477806844e-05,0,0.0,0.0
4637,0.0001920843528195,7.763819706504906e-05,0,0.0,0.0
4638,0.0011537579652396,9.4412696581025e-05,0,0.0,0.0
4639,0.0013700377212624,0.0003611254772194,0,0.0,0.0
4640,0.0006165692121152,9.831119480273652e-05,0,0.0,0.0
4641,0.0001020424993331,5.742375372517949e-05,0,0.0,0.0
4642,0.0007978224283146,6.168216221929572e-05,0,0.0,0.0
4643,0.0008414406215403,6.274513205738657e-05,0,0.0,0.0
4644,0.0003138524047141,9.785063198221368e-05,0,0.0,0.0
4645,4.810227414163761e-05,5.529067302596529e-05,0,0.0,0.0
4646,5.902966799765024e-05,9.322430831878378e-05,0,0.0,0.0
4647,7.343761810227598e-05,0.0001056945482506,0,0.0,0.0
4648,4.756526090132489e-05,0.0001196475705993,0,0.0,0.0
4649,0.0002446375269888,4.300140326253869e-05,0,0.0,0.0
4650,0.0001132798720061,4.110724334444462e-05,0,0.0,0.0
4651,2.7940914485680805e-05,0.000154291646516,0,0.0,0.0
4652,1.6605262779674032e-05,6.997106036256081e-05,0,0.0,0.0
4653,0.0009272358852697,0.0001019923051742,0,0.0,0.0
4654,0.004415688495211,0.0002863768009146,0,0.0,0.0
4655,0.0038687288324766,0.0002723518029417,0,0.0,0.0
4656,0.0012588264858658,0.0003493322297208,0,0.0,0.0
4657,0.0001750672032605,0.0002731354856903,0,0.0,0.0
4658,0.0001397487483569,0.0002166504934666,0,0.0,0.0
4659,0.0011255684326584,0.0001534407716707,0,0.0,0.0
4660,0.0031292597101629,0.000701762971401,0,0.0,0.0
4661,0.0031796148668598,0.0011050752304183,0,0.0,0.0
4662,0.002471735443378,0.0017067046360324,0,0.0,0.0
4663,0.000278196862291,0.0014221332674767,0,0.0,0.0
4664,0.0017675259160739,0.0009467409073366,0,0.0,0.0
4665,0.0028573888743256,0.0003763318452744,0,0.0,0.0
4666,0.0025956315787224,0.0020562335854801,0,0.0,0.0
4667,0.0036883166908852,0.0016043729497189,0,0.0,0.0
4668,0.0029365567428491,0.0015899175921778,0,0.0,0.0
4669,0.0018834317496576,0.0008646592190707,0,0.0,0.0
4670,0.002365471018403,0.0006377458293597,0,0.0,0.0
4671,0.0010627123178177,0.0006373573022837,0,0.0,0.0
4672,0.0001917967054007,0.0003168382672554,0,0.0,0.0
4673,5.853808653692969e-05,0.0001499802057989,0,0.0,0.0
4674,3.453386277292099e-05,0.0001284194724974,0,0.0,0.0
4675,4.870343823444738e-05,7.253601974754794e-05,0,0.0,0.0
4676,9.026307883845534e-05,7.315191642596471e-05,0,0.0,0.0
4677,0.000106213812523,4.913380072933346e-05,0,0.0,0.0
4678,0.0001718938300759,7.098323573987159e-05,0,0.0,0.0
4679,4.460601861592192e-05,8.36262398581903e-05,0,0.0,0.0
4680,3.881149730264141e-05,4.718616840320433e-05,0,0.0,0.0
4681,5.7709141220584095e-05,5.176720673586804e-05,0,0.0,0.0
4682,0.0001477491590274,2.1098118103728752e-05,0,0.0,0.0
4683,0.0002971528446799,7.353001901301529e-05,0,0.0,0.0
4684,0.0002466878864308,4.062354720902814e-05,0,0.0,0.0
4685,8.769229589472144e-05,1.4736882395101282e-05,0,0.0,0.0
4686,3.179218278572232e-05,3.1761714111057054e-05,0,0.0,0.0
4687,4.223207466898434e-05,5.7314081554463975e-05,1,0.0,0.0
4688,0.0001584234634697,7.559084908959471e-06,1,0.0,0.0
4689,9.478657817418584e-05,2.699608932251125e-05,1,0.0,0.0
4690,1.2930450477473796e-05,1.7761849171034896e-05,1,0.0,0.0
4691,0.0001065025401062,4.356632732529456e-05,0,0.0,0.0
4692,9.03698783731997e-05,2.682402641629596e-05,0,0.0,0.0
4693,1.312689534130452e-05,2.135555369580029e-05,0,0.0,0.0
4694,4.001985191843812e-05,5.2362154863920574e-05,0,0.0,0.0
4695,2.9161261025652716e-05,2.2610502250614805e-05,0,0.0,0.0
4696,0.0001191129864923,3.674981824959053e-05,0,0.0,0.0
4697,0.0002183903020624,4.637674710333475e-05,0,0.0,0.0
4698,2.466828028943901e-05,5.037131954685088e-06,0,0.0,0.0
4699,0.0001171727435946,4.279252788828104e-05,0,0.0,0.0
4700,2.9146670472867528e-05,5.973216160802916e-05,0,0.0,0.0
4701,1.385852383714507e-06,1.1741371368113058e-05,0,0.0,0.0
4702,1.9241549611138252e-05,0.0001063383860581,0,0.0,0.0
4703,0.0001107521955474,6.006333494141123e-05,0,0.0,0.0
4704,0.0005541281373289,0.0001223016624869,0,0.0,0.0
4705,0.0027070790865204,0.0003471498600277,0,0.0,0.0
4706,0.004906690635133,0.0004662260430623,0,0.0,0.0
4707,0.0045964206893686,0.0004912188152691,0,0.0,0.0
4708,0.0042705756220883,0.000502664398161,0,0.0,0.0
4709,0.0034842921636781,0.0005186768273338,0,0.0,0.0
4710,0.0043396422411085,0.0007022457781343,0,0.0,0.0
4711,0.0058634788049124,0.0012484381726786,0,0.0,0.0
4712,0.0044529875296069,0.0007613789702961,0,0.0,0.0
4713,0.0020359373167813,0.0007493248813637,0,0.0,0.0
4714,0.0019431812355644,0.0006355705842024,0,0.0,0.0
4715,0.0015397498102747,0.001238881222631,0,0.0,0.0
4716,0.0022556118384327,0.0008318562686508,0,0.0,0.0
4717,0.002770762537834,0.0009439066700931,0,0.0,0.0
4718,0.0031868305455209,0.0001479065964798,0,0.0,0.0
4719,0.0045518542174556,0.0003317532819326,0,0.0,0.0
4720,0.0042294601803032,0.0004263844312598,0,0.0,0.0
4721,0.0025491946870913,0.0005017228089038,0,0.0,0.0
4722,0.0015499044533456,0.0004959077641009,0,0.0,0.0
4723,0.0024186640917541,0.0003011665662283,0,0.0,0.0
4724,0.0018393913744324,0.0004708251405107,0,0.0,0.0
4725,0.0007148106992422,0.0003814131267364,0,0.0,0.0
4726,0.0015136562550027,0.0004834186953062,0,0.0,0.0
4727,0.0023856677495735,0.0005382575603786,0,0.0,0.0
4728,0.0021227663509652,0.0002577694399031,0,0.0,0.0
4729,0.002745002189835,0.0002348280237898,0,0.0,0.0
4730,0.0020740361260294,0.0003583243348317,0,0.0,0.0
4731,0.0007849058367628,0.0005889552756121,0,0.0,0.0
4732,0.0014441721106984,0.0005816776667234,0,0.0,0.0
4733,0.0011495144858751,0.0003399512032217,0,0.0,0.0
4734,0.0004540795192373,0.0004005909646997,0,0.0,0.0
4735,0.0015899134178,0.0004617061896593,0,0.0,0.0
4736,0.0006427141462319,0.0002947666131689,0,0.0,0.0
4737,0.0010852245376819,0.0002856053037009,0,0.0,0.0
4738,0.0021390208601487,8.56490943562639e-05,0,0.0,0.0
4739,0.0017706220356008,0.0001488307967104,0,0.0,0.0
4740,0.0007431438740616,0.0002479362349785,0,0.0,0.0
4741,0.001268282191332,0.0003030166372474,0,0.0,0.0
4742,0.0014290726021806,0.0004043470362946,0,0.0,0.0
4743,0.0006841440054953,0.0008118340738489,0,0.0,0.0
4744,0.0023146220502146,0.0005085325362533,0,0.0,0.0
4745,0.0044493370940394,0.0003759999645031,0,0.0,0.0
4746,0.0035537502338858,0.0003970191409925,0,0.0,0.0
4747,0.0031255528604003,0.0003152827602085,0,0.0,0.0
4748,0.0026811878759158,0.000882258140807,0,0.0,0.0
4749,0.0027370708905587,0.001114444743625,0,0.0,0.0
4750,0.0027030705657031,0.0011864880124089,0,0.0,0.0
4751,0.0044229394810939,0.0013996291208557,0,0.0,0.0
4752,0.0046452230894026,0.0033845064033507,0,0.0,0.0
4753,0.004433339197942,0.0041479315568967,0,0.0,0.0
4754,0.0045773598226981,0.0044403977913497,0,0.0,0.0
4755,0.0045033162278528,0.0037683719377313,0,0.0,0.0
4756,0.0037820097076246,0.0021584659482788,0,0.0,0.0
4757,0.0022716736004667,0.001922625666677,0,0.0,0.0
4758,0.0015223314518059,0.0016507766570659,0,0.0,0.0
4759,0.0020720707151821,0.0010033252519806,0,0.0,0.0
4760,0.0021232556124824,0.0010864617069746,0,0.0,0.0
4761,0.0031941007663855,0.0012740342348548,0,0.0,0.0
4762,0.0047273635902286,0.0014048127398889,0,0.0,0.0
4763,0.0044831298958432,0.0010433364357353,0,0.0,0.0
4764,0.0031453664393567,0.0012112761893074,0,0.0,0.0
4765,0.0010915961090989,0.0008966187293649,0,0.0,0.0
4766,0.000120371979259,0.0008908581464032,0,0.0,0.0
4767,0.000723171465416,0.0008520861808704,0,0.0,0.0
4768,0.0029005792615923,0.0016566129912582,0,0.0,0.0
4769,0.0031786585827813,0.0013379625094328,0,0.0,0.0
4770,0.0019376141013243,0.0004982543757198,0,0.0,0.0
4771,0.0013543644558925,0.0010463723638465,0,0.0,0.0
4772,0.000624300946914,0.001417831391527,0,0.0,0.0
4773,0.0004303698107586,0.0012781487858651,0,0.0,0.0
4774,0.0006022981862151,0.0003440672270694,0,0.0,0.0
4775,0.0006659821885714,0.0003445621806401,0,0.0,0.0
4776,0.000342314483647,0.0007134601452492,0,0.0,0.0
4777,0.0001984089165045,0.000667398978987,0,0.0,0.0
4778,0.000692997752202,0.0007227330403517,0,0.0,0.0
4779,0.0008458068226686,0.0005658082322272,0,0.0,0.0
4780,0.0012178688345303,0.0003892895335142,0,0.0,0.0
4781,0.0016501126520488,0.0001083443627947,0,0.0,0.0
4782,0.0015283570150872,0.0002936812001888,0,0.0,0.0
4783,0.002049617135368,0.0003337533303998,0,0.0,0.0
4784,0.0027350449437873,0.0002399870722801,0,0.0,0.0
4785,0.0009092610747203,0.0001418624891652,0,0.0,0.0
4786,0.0002540469757522,0.0003856389135085,0,0.0,0.0
4787,0.0013582783750677,0.0004503263795192,0,0.0,0.0
4788,0.002124394376212,0.0002857075838126,0,0.0,0.0
4789,0.0026340101994666,0.0007163282230302,0,0.0,0.0
4790,0.0022853676311077,0.0010290294249127,0,0.0,0.0
4791,0.0012742353628509,0.0011172867650136,0,0.0,0.0
4792,0.0005089301919669,0.0006187913858382,0,0.0,0.0
4793,0.00060094138663,0.0001819972594738,0,0.0,0.0
4794,0.0013623410874894,0.0005087624600066,0,0.0,0.0
4795,0.0024850692878199,0.0006275177200926,0,0.0,0.0
4796,0.0022879222037215,0.00041657679675,0,0.0,0.0
4797,0.0014619069400407,0.0003178186812077,0,0.0,0.0
4798,0.0013582533121072,0.0004758288208595,0,0.0,0.0
4799,0.0013803715493982,0.0004634363111231,0,0.0,0.0
4800,0.0008451251414714,0.0005700863133009,0,0.0,0.0
4801,0.0008050458456706,0.0009107142324457,0,0.0,0.0
4802,0.0008737038071685,0.0009959493141724,0,0.0,0.0
4803,0.0021287977733475,0.0015052477968754,0,0.0,0.0
4804,0.0043821389158472,0.0033715408775069,0,0.0,0.0
4805,0.0058635431906553,0.0046990875784505,0,0.0,0.0
4806,0.0060581146699327,0.0050364005142416,0,0.0,0.0
4807,0.005582706684576,0.0049999827362515,0,0.0,0.0
4808,0.0052075212082682,0.0054438853372453,0,0.0,0.0
4809,0.0045416948860604,0.0047121990936296,0,0.0,0.0
4810,0.0047431182975843,0.0049267342933408,0,0.0,0.0
4811,0.0048929897008028,0.0048338371374896,0,0.0,0.0
4812,0.0043603459791702,0.0045410368087593,0,0.0,0.0
4813,0.0052984777601401,0.0041732390574598,0,0.0,0.0
4814,0.0044449163245919,0.0038930879505343,0,0.0,0.0
4815,0.0038721821770017,0.004041156273129,0,0.0,0.0
4816,0.0046873634566209,0.0036448347765887,0,0.0,0.0
4817,0.0045397059254268,0.0036685393925433,0,0.0,0.0
4818,0.0040786924309289,0.0039728060020137,0,0.0,0.0
4819,0.0040042174734511,0.0047052519191357,0,0.0,0.0
4820,0.004254827599086,0.0051509515154627,0,0.0,0.0
4821,0.0049254759595376,0.0048781280462093,0,0.0,0.0
4822,0.0055517084492493,0.0054948819780673,0,0.0,0.0
4823,0.0072894334968855,0.0060794100914867,0,0.0,0.0
4824,0.0071784220540535,0.0058569517908971,0,0.0,0.0
4825,0.0061879666160279,0.0049995795600236,0,0.0,0.0
4826,0.0065509508104094,0.0052949857152864,0,0.0,0.0
4827,0.0055534763576174,0.0063929929175752,0,0.0,0.0
4828,0.0046130107629759,0.0073626514502374,0,0.0,0.0
4829,0.00455962585111,0.0053754939882586,0,0.0,0.0
4830,0.0047956447201365,0.00630465692137,0,0.0,0.0
4831,0.0047851367136137,0.0046055468900574,0,0.0,0.0
4832,0.0052262289751783,0.0035174627810952,0,0.0,0.0
4833,0.0063846720861716,0.0028316581016853,0,0.0,0.0
4834,0.0063775062748161,0.0030310467787295,0,0.0,0.0
4835,0.0045208183238521,0.0032516223708303,0,0.0,0.0
4836,0.0029335161377423,0.0028270412783419,0,0.0,0.0
4837,0.0018349841515146,0.0032167962294214,0,0.0,0.0
4838,0.0017900011549102,0.0029298662813726,0,0.0,0.0
4839,0.0025909671604052,0.0030030058070872,0,0.0,0.0
4840,0.0033181139499153,0.0033926423693647,0,0.0,0.0
4841,0.0029962969964321,0.0026441881551174,0,0.0,0.0
4842,0.0013307512398562,0.0025799246909408,0,0.0,0.0
4843,0.0021145109173039,0.0022289600864696,0,0.0,0.0
4844,0.0014484342966353,0.0016569398750491,0,0.0,0.0
4845,0.0013637143865747,0.0007473422564539,0,0.0,0.0
4846,0.0012360328173838,0.000493904304107,0,0.0,0.0
4847,0.002540004117503,0.0009091738033082,0,0.0,0.0
4848,0.0048927755085643,0.0012442064604654,0,0.0,0.0
4849,0.0043489864335154,0.0006211898593331,0,0.0,0.0
4850,0.0040576796236376,0.0005850698584969,0,0.0,0.0
4851,0.0039036390419743,0.0003603686714689,0,0.0,0.0
4852,0.0029544695264057,0.0004170881339948,0,0.0,0.0
4853,0.0025247779465048,0.000770126068159,0,0.0,0.0
4854,0.0015286160218726,0.0007474644964304,0,0.0,0.0
4855,0.0008895775176447,0.0002692745577379,0,0.0,0.0
4856,0.0011084013286191,0.0003079948713517,0,0.0,0.0
4857,0.0008394881075931,0.0003094758239861,0,0.0,0.0
4858,0.0002313479937464,0.0006278594699181,0,0.0,0.0
4859,0.0001669344313328,0.0002951780395358,0,0.0,0.0
4860,0.0010094500382951,0.000175862673041,0,0.0,0.0
4861,0.0018008325399466,0.0002464724142079,0,0.0,0.0
4862,0.0018427207984601,0.0004270652914019,0,0.0,0.0
4863,0.002322578472389,0.0005676275393911,0,0.0,0.0
4864,0.0050993610917771,0.0006797063524979,0,0.0,0.0
4865,0.0056949572888494,0.0005907401014968,0,0.0,0.0
4866,0.0041661214277354,0.0009326306821734,0,0.0,0.0
4867,0.0030149028159153,0.0003208249112334,0,0.0,0.0
4868,0.0019210271135446,0.0004802455398671,0,0.0,0.0
4869,0.0009863604065099,0.0003256430841932,0,0.0,0.0
4870,0.0027355637688587,0.0002502774284694,0,0.0,0.0
4871,0.0016845217349102,0.0008533989670747,0,0.0,0.0
4872,0.0001374498125991,0.0006309248291177,0,0.0,0.0
4873,0.0010477429571846,0.0004901051168574,0,0.0,0.0
4874,0.0017425151194054,0.0003765535249055,0,0.0,0.0
4875,0.0031083425924842,0.0004256624523188,0,0.0,0.0
4876,0.002462835110918,0.0002050289764815,0,0.0,0.0
4877,0.0048633270139821,0.0006056172221891,0,0.0,0.0
4878,0.006752319892281,0.0014664491753789,0,0.0,0.0
4879,0.0049763494674258,0.0002587947107833,0,0.0,0.0
4880,0.0030407000651453,0.0008669373850418,0,0.0,0.0
4881,0.0029945791672752,0.0004915855616619,0,0.0,0.0
4882,0.0025657077954604,0.0006198609443149,0,0.0,0.0
4883,0.001838050225977,0.00105325487541,0,0.0,0.0
4884,0.0019607390714481,0.0010153195557722,0,0.0,0.0
4885,0.0026424907129524,0.0003962352727503,0,0.0,0.0
4886,0.0020410215514332,0.0001511356559573,0,0.0,0.0
4887,0.0007537457499674,0.000128221073426,0,0.0,0.0
4888,0.0010774654611576,0.0003987136624384,0,0.0,0.0
4889,0.0017493939450433,0.0011908557120781,0,0.0,0.0
4890,0.0038194142755065,0.0015038797580529,0,0.0,0.0
4891,0.004809237642029,0.0011300984279648,0,0.0,0.0
4892,0.0034255531069429,0.0004093988639393,0,0.0,0.0
4893,0.0032220230382114,0.0001868966246778,0,0.0,0.0
4894,0.0032496540579326,0.0003712787088594,0,0.0,0.0
4895,0.0035123038486151,0.0002813485825866,0,0.0,0.0
4896,0.0032565427627839,0.000621059595656,0,0.0,0.0
4897,0.0010899806187621,0.0006058918431315,0,0.0,0.0
4898,0.0001338026952442,0.0003602658142905,0,0.0,0.0
4899,0.0005103281220069,0.0001381492475655,0,0.0,0.0
4900,0.0008499969653899,0.0006016735527148,0,0.0,0.0
4901,0.0003450150046522,0.0004835272490095,0,0.0,0.0
4902,0.0010077577866195,0.0003065050218455,0,0.0,0.0
4903,0.0020170665201237,0.0004298268911933,0,0.0,0.0
4904,0.0010306869229264,0.0002474234269102,0,0.0,0.0
4905,0.0001390387824607,0.0001288311934464,0,0.0,0.0
4906,0.0001391654514951,0.0003270268353341,0,0.0,0.0
4907,0.0006779089018995,0.0002903828451655,0,0.0,0.0
4908,0.0013870536926173,0.0002689227598089,0,0.0,0.0
4909,0.0015097717577797,0.0001906284629889,0,0.0,0.0
4910,0.0006162414793231,3.12668200719193e-05,0,0.0,0.0
4911,0.0007307132219501,7.143140455166413e-05,0,0.0,0.0
4912,0.0007874621529981,5.034685333189118e-05,0,0.0,0.0
4913,0.0006062151310447,2.8996893588256106e-05,0,0.0,0.0
4914,0.0008968919310482,0.0001579465705491,0,0.0,0.0
4915,0.0009635621320161,0.0001950857038804,0,0.0,0.0
4916,0.0004651021004145,0.0001919196264334,0,0.0,0.0
4917,0.0008324870883449,0.0001580933253491,0,0.0,0.0
4918,0.0012457404441104,0.0004814079167244,0,0.0,0.0
4919,0.0011083558170085,0.000172884912436,0,0.0,0.0
4920,0.0005159632442593,0.0001634712907263,0,0.0,0.0
4921,0.0006809147747251,0.0001980117729566,0,0.0,0.0
4922,0.0006705238356265,0.0001719248164219,0,0.0,0.0
4923,0.0003004620677836,4.941406570902185e-05,0,0.0,0.0
4924,0.0001407949698883,7.422080134537865e-05,0,0.0,0.0
4925,0.0005162053262235,7.40415389187061e-05,0,0.0,0.0
4926,0.0011753053185098,0.0001020295918474,0,0.0,0.0
4927,0.0019164061495836,0.0001472553334106,0,0.0,0.0
4928,0.0013212493764037,0.0002727895276123,0,0.0,0.0
4929,0.0011434043893228,0.0005966093847511,0,0.0,0.0
4930,0.0013499176408584,0.0005068017489137,0,0.0,0.0
4931,0.0009477929389933,0.0003052242802942,0,0.0,0.0
4932,0.0034531126427165,0.0004950306955527,0,0.0,0.0
4933,0.003888111187653,0.0006484375978265,0,0.0,0.0
4934,0.0022245027690128,0.0008354622157178,0,0.0,0.0
4935,0.0014218406070532,0.0010841875684402,0,0.0,0.0
4936,0.0013658241320588,0.0010351070980446,0,0.0,0.0
4937,0.0012973711031382,0.0008408517492431,0,0.0,0.0
4938,0.0004050482869606,0.000659610624342,0,0.0,0.0
4939,0.0009686262912073,0.000658243893413,0,0.0,0.0
4940,0.0026188702050701,0.0005476312061564,0,0.0,0.0
4941,0.0020104947031799,0.0005371640574694,0,0.0,0.0
4942,0.0015395972904792,0.0005770075413594,0,0.0,0.0
4943,0.004499067355432,0.0007552208945966,0,0.0,0.0
4944,0.0038669333707984,0.000368318610958,0,0.0,0.0
4945,0.0034302702990896,0.0002581475695466,0,0.0,0.0
4946,0.0043576641150677,0.0002744338378385,0,0.0,0.0
4947,0.0032046415695743,0.0001564239234016,0,0.0,0.0
4948,0.0028368128853509,0.0001106338915393,0,0.0,0.0
4949,0.002826709563851,0.0001688790299506,0,0.0,0.0
4950,0.0025971707874184,0.0007215785308898,0,0.0,0.0
4951,0.0024931789042463,0.0007797007182013,0,0.0,0.0
4952,0.0018342871430696,0.0002708562733862,0,0.0,0.0
4953,0.0005853298711003,0.0001325688362228,0,0.0,0.0
4954,0.0004234964125296,0.0002744878792376,0,0.0,0.0
4955,0.0013327263881364,0.0003634635435261,0,0.0,0.0
4956,0.0029617033782075,0.0001828495310059,0,0.0,0.0
4957,0.0024715868012003,0.0002815217062943,0,0.0,0.0
4958,0.0018175005553745,9.318138242138904e-05,0,0.0,0.0
4959,0.0041095207513067,0.0003113234554763,0,0.0,0.0
4960,0.0067229251759834,0.0008950266930305,0,0.0,0.0
4961,0.0051862381088633,0.0003764256416309,0,0.0,0.0
4962,0.0042264770028826,9.22191663194806e-05,0,0.0,0.0
4963,0.0024851292782156,3.297593857161311e-05,0,0.0,0.0
4964,0.0010549119383093,9.422315775051704e-05,0,0.0,0.0
4965,0.001337377656845,0.0001821812846877,0,0.0,0.0
4966,0.0018074730878773,0.0001276695686557,0,0.0,0.0
4967,0.0011157979035816,0.0001754924349625,0,0.0,0.0
4968,0.0011559584999034,0.0008458080955242,0,0.0,0.0
4969,0.0021843549750587,0.0013233522361758,0,0.0,0.0
4970,0.0020472321190686,0.0009426852717672,0,0.0,0.0
4971,0.0010382611260199,0.0005365104103727,0,0.0,0.0
4972,0.0014188441420139,0.0003826662579387,0,0.0,0.0
4973,0.0013641235222716,0.0006182522920989,0,0.0,0.0
4974,0.001693458461696,0.0008387988092081,0,0.0,0.0
4975,0.0016569219750585,0.0008406380652064,0,0.0,0.0
4976,0.0011507205695652,0.0008859263504764,0,0.0,0.0
4977,0.0021053720997393,0.0015757321865283,0,0.0,0.0
4978,0.0032756302083944,0.0018547634426453,0,0.0,0.0
4979,0.0041851663176689,0.0028604868219871,0,0.0,0.0
4980,0.0042303327070832,0.0031947820070578,0,0.0,0.0
4981,0.0043153829476955,0.0041240887090464,0,0.0,0.0
4982,0.0047348276249067,0.0049802273047069,0,0.0,0.0
4983,0.0056279028186155,0.0052975406600243,0,0.0,0.0
4984,0.0061562539308359,0.0052564721093967,0,0.0,0.0
4985,0.0053276688658578,0.0050274450892002,0,0.0,0.0
4986,0.0053626388644729,0.004787104791985,0,0.0,0.0
4987,0.0052079462084059,0.0046900498399172,0,0.14716208,0.0
4988,0.0037490973141718,0.0043375066897855,0,0.12363736,0.0
4989,0.0037112172239517,0.0036409136828373,0,0.0,0.0
4990,0.0024866713652858,0.0027580044275871,0,0.0,0.0
4991,0.003069148822467,0.0024219582682387,0,0.0,0.0
4992,0.0033403251735968,0.0019850508786553,0,0.0,0.0
4993,0.0020646998064587,0.0011340005927414,0,0.0,0.0
4994,0.0023204540028826,0.0016549183138757,0,0.0,0.0
4995,0.0025065809528957,0.0026443344251478,0,0.0,0.0
4996,0.0032706161010238,0.0037941251677548,0,0.0,0.0
4997,0.004299719018197,0.0044129726458997,0,0.0,0.0
4998,0.0053518749054719,0.0050030361815123,0,0.0,0.0
4999,0.0047288754439367,0.0048248938831563,0,0.0,0.0
5000,0.0054103328440779,0.0053062772604285,0,0.0,0.0
5001,0.0061858592294109,0.0066124458842546,0,0.0,0.0
5002,0.0059191739507688,0.0071229855550421,0,0.0,0.0
5003,0.0065700538620512,0.0069710175339498,0,0.0,0.0
5004,0.0063722263730641,0.0065177982246593,0,0.0,0.0
5005,0.0050935818214109,0.0054961243349918,0,0.0,0.0
5006,0.0043387296528034,0.0051177469888767,0,0.0,0.0
5007,0.0033251474693603,0.0039800866971097,0,0.0,0.0
5008,0.0032719934004512,0.0037276360594018,0,0.0,0.0
5009,0.0027691806225932,0.0018574221327078,0,0.0,0.0
5010,0.0013153945996828,0.0036296883988305,0,0.0,0.0
5011,0.0016452969202473,0.0032869017975516,0,0.0,0.0
5012,0.0009473833470791,0.0019965139371615,0,0.0,0.0
5013,0.0011041141681531,0.001631736787284,0,0.0,0.0
5014,0.0007073918625704,0.0021637187824187,0,0.0,0.0
5015,0.0005617488307663,0.0024893612680041,0,0.0,0.0
5016,0.0008112986485306,0.0019837706726266,0,0.0,0.0
5017,0.0016694239240634,0.0006725478331637,0,0.0,0.0
5018,0.0010552980238687,0.0001066552345076,0,0.0,0.0
5019,0.0012638331683258,0.0001992427755705,0,0.0,0.0
5020,0.0015728673350376,0.0004300877605707,0,0.0,0.0
5021,0.0013921470145555,0.000449088944943,0,0.0,0.0
5022,0.0031750960456696,0.0013301005236799,0,0.0,0.0
5023,0.002805436858982,0.0009208182444308,0,0.0,0.0
5024,0.0019432063402605,0.0002318780093983,0,0.0,0.0
5025,0.0034818638564626,0.0003669110636576,0,0.0,0.0
5026,0.0016095723726791,0.0002653302701975,0,0.0,0.0
5027,0.0001743506232987,0.0002717099334146,0,0.0,0.0
5028,0.0007068840872116,0.0002584148112349,0,0.0,0.0
5029,0.00071013445052,0.0004139437930752,0,0.0,0.0
5030,0.0006230691163878,0.0005293333297936,0,0.0,0.0
5031,0.0006301905941661,0.0004508804304895,0,0.0,0.0
5032,0.0006374609292639,5.453801325166598e-05,0,0.0,0.0
5033,0.0006024389533104,0.0004507738657171,0,0.0,0.0
5034,0.0010395900505329,0.0014570857986957,0,0.0,0.0
5035,0.0019230709126879,0.0014927810483525,0,0.0,0.0
5036,0.00355490248891,0.0010481249312021,0,0.0,0.0
5037,0.0033683079352696,0.000358141262844,0,0.0,0.0
5038,0.0036822004120387,0.0002321216717912,0,0.0,0.0
5039,0.005109442290148,0.0006759575316628,0,0.0,0.0
5040,0.0079554456697531,0.0008632471439086,0,0.0,0.0
5041,0.0052005266380436,0.0010328954659857,0,0.0,0.0
5042,0.0050737746193632,0.0006997899606034,0,0.0,0.0
5043,0.0025294539653268,0.0004925456950513,0,0.0,0.0
5044,0.0016457354617846,0.0003755299585833,0,0.0,0.0
5045,0.0025888550246998,0.0002391315847803,0,0.0,0.0
5046,0.0019004737502258,0.0002888679231679,0,0.0,0.0
5047,0.0033362928576927,0.0006147279520623,0,0.0,0.0
5048,0.0028585459119857,0.0003180086021941,0,0.4251775,0.0
5049,0.0035243935688083,0.0003092830194935,0,0.656818,0.0
5050,0.0047504418593119,0.0009727686447084,0,0.8055228,0.0
5051,0.0032247943814218,0.0006331119600655,0,0.87826777,0.0
5052,0.0022841243401444,0.0001947506674931,0,0.9125731,0.0
5053,0.0015850083458091,0.0002816256543255,0,0.9307693,0.0
5054,0.0012562734362414,0.0001067942663196,0,0.94019717,0.0
5055,0.0021259394938037,0.0002219572255793,0,0.94586074,0.0
5056,0.0020157098490454,0.0005981642961344,0,0.9491354,0.0
5057,0.0020293569516531,0.0001664921140475,0,0.95061517,0.0
5058,0.0020652447940345,0.0006503611706059,0,0.9515912,0.0
5059,0.0023498453444394,0.001398160083002,0,0.95220816,0.0
5060,0.0036853714595421,0.0024367043691521,0,0.9523033,0.0
5061,0.0032502250231936,0.0036097598901552,0,0.95286274,0.0
5062,0.0023113355462653,0.002264648303247,0,0.95299494,0.0
5063,0.0024869744771947,0.0006141027483253,0,0.9550752,0.0
5064,0.0014693310732488,0.0010528728175593,0,0.9573754,0.0
5065,0.0020458892042602,0.0012193943109946,0,0.95862913,0.0
5066,0.0014155916789256,0.0021647159995496,0,0.9602835,0.0
5067,0.0009933195849741,0.0014794681059864,0,0.9605108,0.0
5068,0.0020918321122939,0.0016826170280125,0,0.9600083,0.0
5069,0.0030861956673724,0.0014550068695833,0,0.9585604,0.0
5070,0.0029236358676354,0.0017627708588336,0,0.96047807,0.0
5071,0.0015654430478024,0.0015829190053004,0,0.9657514,0.0
5072,0.0012671727790835,0.000647463412798,0,0.97218055,0.0
5073,0.0006632571568765,0.0002127784900619,0,0.97533566,0.0
5074,0.0011993100134514,0.0013871497065609,0,0.9788969,0.0
5075,0.003061544048119,0.0017982087907887,0,0.98110694,0.0
5076,0.0050735679887963,0.0023946751880741,0,0.98057777,0.0
5077,0.0075299794640702,0.0041096196050463,0,0.9791474,0.0
5078,0.0080358274231609,0.0045894908681088,0,0.9768344,0.0
5079,0.0060358388706031,0.0035654499402185,0,0.97302735,0.0
5080,0.0031305873864604,0.0024885224700956,0,0.970087,0.0
5081,0.0025763662724818,0.001327862745734,0,0.9689471,0.0
5082,0.0010260287121401,0.0002780976527945,0,0.9662561,0.0
5083,0.0008863843473403,5.75639247622866e-05,0,0.96275103,0.0
5084,0.001276920076442,0.0001033185107813,0,0.96033996,0.0
5085,0.001916057002396,0.0001403949425885,0,0.9541335,0.0
5086,0.0039187706704242,0.0001163612321626,0,0.9491772,0.0
5087,0.0052847416390187,0.0001463868417347,0,0.94401973,0.0
5088,0.0038175222829021,0.0004726426365736,0,0.9294514,0.0
5089,0.002871192532859,0.0006940920829956,0,0.9096661,0.0
5090,0.0026993506902165,0.0006350128731211,0,0.88715684,0.0
5091,0.0019978228680544,0.0009775260441641,0,0.8821692,0.0
5092,0.0019851374135128,0.0016219145321794,0,0.90498555,0.0
5093,0.0016276724995288,0.0012179870993651,0,0.92141587,0.0
5094,0.0010538149328546,0.0003695734971962,0,0.94117683,0.0
5095,0.0021840503331568,0.0003940865824024,0,0.9530588,0.0
5096,0.0002912852433152,0.0008206513056757,0,0.957167,0.0
5097,0.0019282497167339,0.0003112190370784,0,0.95579314,0.0
5098,0.0014070248108793,0.0001550515556225,0,0.954089,0.0
5099,0.0009322899619483,0.0002392091598042,0,0.9483623,0.0
5100,0.0024983362361114,0.0005071935120527,0,0.93883616,0.0
5101,0.0020493829540993,0.0006474877983502,0,0.924424,0.0
5102,0.0021608184093295,0.0005989285500604,0,0.9007948,0.0
5103,0.001820437576172,0.0008443567251968,0,0.8624242,0.0
5104,0.0006183479560003,0.0007754174109588,0,0.83378655,0.0
5105,0.000166667412179,0.0007660048441611,0,0.7715958,0.0
5106,0.0007244448831917,0.0005204061227699,0,0.7316945,0.0
5107,0.00251227680455,0.0002490000444926,0,0.61781186,0.0
5108,0.0030095822466431,0.0002999107469591,0,0.40782252,0.0
5109,0.0026032286067182,0.0013914196705379,0,0.4378296,0.0
5110,0.0052763945816625,0.0016724378480987,0,0.4771816,0.0
5111,0.0051651714955704,0.0018432972553408,0,0.54246396,0.0
5112,0.0044005697104697,0.0018121008748559,0,0.75106394,0.0
5113,0.0030353391646352,0.0016143938523369,0,0.85010916,0.0
5114,0.0023679179727254,0.0012442755967968,0,0.8941019,0.0
5115,0.0019455520057282,0.0015359994158515,0,0.9285066,0.0
5116,0.0033398313631847,0.0019619551684615,0,0.9438584,0.0
5117,0.0056918734888531,0.0015225177612386,0,0.94814503,0.0
5118,0.0059500812864531,0.0006666686895782,0,0.94085765,0.0
5119,0.0047920912481117,0.0002013506398226,0,0.9101452,0.0
5120,0.0070425197661185,0.0004591572008066,0,0.7175569,0.0
5121,0.0058830744680436,0.0002551328455161,0,0.30716595,0.0
5122,0.0039082081430173,0.0005401362343489,0,0.17599152,0.0
5123,0.0028165043906315,0.0009233889064227,0,0.0,0.0
5124,0.0015840923362687,0.0006322182285018,0,0.0,0.0
5125,0.0005900405052764,0.0002575338923593,0,0.0,0.0
5126,0.0002560495792576,0.0003058331879589,0,0.0,0.0
5127,0.0001850280980759,0.0003404042212485,0,0.0,0.0
5128,7.967948494471158e-05,0.0002112619215517,0,0.0,0.0
5129,0.0001692667756538,0.0002045672493016,0,0.0,0.0
5130,3.614985853219433e-05,0.0001782936811797,0,0.0,0.0
5131,1.4182992722377154e-05,0.0001073977807651,0,0.0,0.0
5132,2.342830801167438e-05,2.299347939488761e-05,0,0.0,0.0
5133,4.266906893280165e-05,6.345105490468683e-05,0,0.0,0.0
5134,9.00217031727593e-05,0.0001215469584573,0,0.0,0.0
5135,0.000142662488907,3.882169209063901e-05,0,0.0,0.0
5136,5.514699691529584e-05,4.249013642017328e-05,0,0.0,0.0
5137,8.376597430150835e-05,7.78597239618942e-05,0,0.0,0.0
5138,8.443760850204701e-05,5.0722848582590765e-05,0,0.0,0.0
5139,0.0002219224739104,5.18039380237312e-05,0,0.0,0.0
5140,0.000487830015593,9.718863763479904e-05,0,0.0,0.0
5141,0.001392635723998,0.0004985676993875,0,0.0,0.0
5142,0.0018844304278728,0.0004535755748475,0,0.0,0.0
5143,0.0036156455238062,0.0001528632895701,0,0.0,0.0
5144,0.0038880273895247,0.0002824819210536,0,0.0,0.0
5145,0.0040289335602396,0.0005858306413877,0,0.0,0.0
5146,0.0025562121552036,0.0009232168351355,0,0.0,0.0
5147,0.0010930629704614,0.0006114608525046,0,0.0,0.0
5148,0.0004497033080835,0.0005898560562072,0,0.0,0.0
5149,0.0004942900595797,0.0004346355085505,0,0.0,0.0
5150,0.0001162988797124,0.0005212667789922,0,0.0,0.0
5151,0.0011369921634215,0.0009733175863298,0,0.0,0.0
5152,0.001393104620933,0.0011870606554892,0,0.0,0.0
5153,0.0024506214027632,0.0013726221995846,0,0.0,0.0
5154,0.0037495582274718,0.0020252195014173,0,0.0,0.0
5155,0.0052324833938011,0.0026713134428281,0,0.0,0.0
5156,0.0054046897539575,0.0036732863407319,0,0.0,0.0
5157,0.0047744036315783,0.0032807342439833,0,0.0,0.0
5158,0.0022223208749928,0.0023590790283306,0,0.0,0.0
5159,0.0035074516117311,0.0027183698268836,0,0.0,0.0
5160,0.0066887011730532,0.0034907171124208,0,0.0,0.0
5161,0.0068425358922359,0.0036255705041077,0,0.0,0.0
5162,0.0057008009744362,0.0044145222643566,0,0.0,0.0
5163,0.0051168381599596,0.0036868224229273,0,0.0,0.0
5164,0.0040308776283935,0.00349788805406,0,0.0,0.0
5165,0.0041716784179204,0.0026319957290011,0,0.0,0.0
5166,0.006965513036638,0.0032784059334795,0,0.0,0.0
5167,0.0055216633454657,0.0025771460862932,0,0.0,0.0
5168,0.0039569771437674,0.0011526687833126,0,0.0,0.0
5169,0.0026692960343584,0.0004835026222178,0,0.0,0.0
5170,0.0010030166350971,0.0013426563378952,0,0.13804814,0.0
5171,0.0007212055974955,0.0006225682372094,0,0.13202696,0.0
5172,0.0023830529933788,0.0007241451725352,0,0.11268387,0.0
5173,0.0007869065605489,0.0010675069905409,0,0.0,0.0
5174,0.0016008775438609,0.000379343632972,0,0.0,0.0
5175,0.0002358275763512,0.00016285002232,0,0.0,0.0
5176,0.0026628611957763,0.0002619300217392,0,0.0,0.0
5177,0.0037196812422023,0.0007299998587172,0,0.0,0.0
5178,0.0023647162141125,0.0013422107663558,0,0.0,0.0
5179,0.0016001206585993,0.0011843108840678,0,0.0,0.0
5180,0.0009808930332925,0.000932348026183,0,0.0,0.0
5181,0.0002854673159242,0.0005576385844742,0,0.0,0.0
5182,0.0001312584676717,0.0001623201926728,0,0.0,0.0
5183,0.0005269801666143,0.00014247022796,0,0.0,0.0
5184,0.001237525862306,0.0004130693107399,0,0.0,0.0
5185,0.0013526195485459,0.0007364917810126,0,0.0,0.0
5186,0.0007226809949573,0.0008249189159837,0,0.0,0.0
5187,0.0017376771584783,0.0004321876978049,0,0.0,0.0
5188,0.0020726036428727,0.0004853156352732,0,0.0,0.0
5189,0.0030118900994007,0.0010828636646949,0,0.0,0.0
5190,0.0029846626216731,0.0010243724495044,0,0.2508282,0.0
5191,0.001591940100422,0.001366834866867,0,0.56518406,0.0
5192,0.0029411314780995,0.0013902939924892,0,0.8289553,0.0
5193,0.0024883527111174,0.0016677718181431,0,0.9110646,0.0
5194,0.0016539655304338,0.0004483729842929,0,0.9361054,0.0
5195,0.0021884417750221,0.0002015871877865,0,0.9508174,0.0
5196,0.0025872033302066,0.0003555302201955,0,0.9576349,0.0
5197,0.0034757747471428,0.0001114056277077,0,0.961785,0.0
5198,0.0037899868658314,0.0004820604587007,0,0.9640354,0.0
5199,0.0020491209050635,0.0010315694678343,0,0.9660824,0.0
5200,0.0011346634265124,0.0010816475317978,0,0.9674995,0.0
5201,0.0010844954302128,0.0004024458985397,0,0.9700984,0.0
5202,0.0016741150945524,0.0019206552896233,0,0.97242004,0.0
5203,0.0021224191848593,0.0025485025330809,0,0.9744451,0.0
5204,0.0037013723345405,0.0024339840918687,0,0.97671527,0.0
5205,0.004043728407583,0.003290063860993,0,0.9787812,0.0
5206,0.002999281244213,0.0027997344706444,0,0.9801578,0.0
5207,0.0027104107568811,0.0025587141624999,0,0.9798938,0.0
5208,0.0026516340993136,0.0023139663621869,0,0.9775148,0.0
5209,0.0044813244672446,0.0023921643585915,0,0.9681996,0.0
5210,0.0039584434235467,0.0015528296617623,0,0.9556774,0.0
5211,0.0024697551269109,0.0021492139535606,0,0.9458159,0.0
5212,0.0026351611667769,0.0031061692351244,0,0.94157696,0.0
5213,0.0015789603810726,0.001521782952307,0,0.9440205,0.0
5214,7.116495329300967e-05,0.0014368971725067,0,0.9496439,0.0
5215,0.0012972798375421,0.0008961000054408,0,0.9547716,0.0
5216,0.0013973391941379,0.0004716556312121,0,0.9610673,0.0
5217,0.0008064596544551,0.0006789785984026,0,0.9663681,0.0
5218,0.0008735472281755,0.000816608546899,0,0.9702046,0.0
5219,0.0004057441178667,0.0003056417291797,0,0.97289115,0.0
5220,0.0006238163121763,0.0004396799085406,0,0.97453195,0.0
5221,0.0013190161926259,0.0012801767363509,0,0.9754453,0.0
5222,0.0043411927327009,0.0028010403015749,0,0.97606546,0.0
5223,0.0065953448763547,0.0037670361528109,0,0.9756712,0.0
5224,0.006154022490194,0.0027441202740924,0,0.97505724,0.0
5225,0.0053677237538402,0.0029079093608322,0,0.9758842,0.0
5226,0.0031050180804026,0.0026391203391486,0,0.97690564,0.0
5227,0.0010557240756595,0.0008173737282761,0,0.97637826,0.0
5228,0.0002010249554061,5.927994802349623e-05,0,0.9737391,0.0
5229,0.0015730196467262,0.0002291822075276,0,0.96682495,0.0
5230,0.0047631560680323,0.0006341501774841,0,0.9355806,0.0
5231,0.0051581822383309,0.0009078832725757,0,0.7822678,0.0
5232,0.0038406968407768,0.0008743509119554,0,0.35416937,0.0
5233,0.0028091020850115,0.0011387200805679,0,0.11329693,0.0
5234,0.0028810637014608,0.0012209547436795,0,0.0,0.0
5235,0.0032951645449722,0.0019115881249056,0,0.0,0.0
5236,0.0038290182105355,0.0016523623008877,0,0.0,0.0
5237,0.0045594317780724,0.0020230404313751,0,0.0,0.0
5238,0.0074207175229664,0.0038120324301118,0,0.0,0.0
5239,0.0086809139230608,0.0062545824964755,0,0.0,0.0
5240,0.0084933816510389,0.0079647877910986,0,0.0,0.0
5241,0.0075933868024287,0.0063484267967009,0,0.0,0.0
5242,0.0062216330478851,0.0086567046580877,0,0.0,0.0
5243,0.00657067048423,0.0082982823397507,0,0.0,0.0
5244,0.0067654154902434,0.0058866180123166,0,0.0,0.0
5245,0.0053244070036662,0.0046213888022785,0,0.0,0.0
5246,0.0062307424370311,0.0051895893784363,0,0.0,0.0
5247,0.0068973110035373,0.0052849015509731,0,0.0,0.0
5248,0.0062278202049403,0.0059955219618497,0,0.0,0.0
5249,0.0047338687413028,0.0057087595613231,0,0.0,0.0
5250,0.0041983897726005,0.0053607385432413,0,0.0,0.0
5251,0.0044577041809191,0.0060445334576896,0,0.0,0.16708411
5252,0.0042378404709148,0.0050470237323729,0,0.0,0.36529082
5253,0.0051298574473142,0.0043614228000721,0,0.0,0.6357511
5254,0.0045485937891019,0.0037596203537439,0,0.0,0.7980499
5255,0.003427453751327,0.0043994352967978,0,0.0,0.8697285
5256,0.0021481753570854,0.0039426971741486,0,0.0,0.9015406
5257,0.0012966938056072,0.0027037567301204,0,0.0,0.91566217
5258,0.002299313945591,0.0020944353890959,0,0.0,0.9235841
5259,0.0019695207186356,0.002706970562934,0,0.0,0.9296598
5260,0.0010844316055665,0.0022093691964237,0,0.0,0.9341288
5261,0.0014399528883872,0.0018852669905389,0,0.0,0.9397039
5262,0.0008663886973797,0.0020535482707644,0,0.0,0.9455858
5263,0.0006754030443531,0.0026690473010675,0,0.0,0.9493909
5264,0.0016589601988777,0.0014838829764908,0,0.0,0.95212245
5265,0.0003557543016203,0.0004878135887238,0,0.0,0.9528623
5266,0.0014095800304083,0.0006849257411273,0,0.0,0.9553625
5267,0.002357155882097,0.0015029165405538,0,0.0,0.9577282
5268,0.0033061828009114,0.0019597371580351,0,0.0,0.95692515
5269,0.004903343026456,0.0030234584714526,0,0.0,0.9508537
5270,0.00698234475605,0.0049012291770188,0,0.0,0.9249042
5271,0.0095870785725417,0.0053420565300982,0,0.0,0.8409969
5272,0.004233729049945,0.005347861481058,0,0.0,0.7571087
5273,0.0020271770006351,0.0036070744037319,0,0.0,0.7689831
5274,0.0031510396528706,0.0029957190033773,0,0.0,0.78635556
5275,0.0048639002648424,0.0037595915337245,0,0.0,0.73588336
5276,0.00470740115513,0.0045811962858699,0,0.0,0.63995576
5277,0.0045039543951394,0.004799686863697,0,0.0,0.48469198
5278,0.0045497067701601,0.0042316612769018,0,0.0,0.24583411
5279,0.0028305832941976,0.0028791044813467,0,0.0,0.0
5280,0.0026951699397456,0.002469108960261,0,0.0,0.0
5281,0.0016584175718377,0.0030762545605969,0,0.0,0.0
5282,0.0009072679208092,0.0026039708443976,0,0.0,0.0
5283,0.0029356845514372,0.0015505287442398,0,0.0,0.0
5284,0.0019740212950098,0.0023305058193407,0,0.0,0.0
5285,0.000434672557437,0.0018704281216029,0,0.0,0.0
5286,0.0019426037400026,0.0022349636337332,0,0.0,0.0
5287,0.0030752681553864,0.003267652087917,0,0.0,0.0
5288,0.0041127314263867,0.0055144810276495,0,0.0,0.0
5289,0.0047829492437344,0.0048741790081325,0,0.0,0.0
5290,0.0065971181977641,0.0041414859163576,0,0.0,0.0
5291,0.0065867538329102,0.0039189314167621,0,0.0,0.0
5292,0.0059034121169909,0.0049934404646223,0,0.0,0.0
5293,0.0050901383008277,0.0042032633209077,0,0.0,0.0
5294,0.0056174456978162,0.0031416897006748,0,0.0,0.0
5295,0.0056002543860768,0.0029154641155903,0,0.0,0.0
5296,0.0046136697032883,0.0029523848160076,0,0.0,0.0
5297,0.0042575482298812,0.0027608722362477,0,0.0,0.0
5298,0.0050760298164719,0.0043402083436965,0,0.0,0.0
5299,0.0063511024207408,0.0044747065086854,0,0.0,0.0
5300,0.0062342990785916,0.0043144987594873,0,0.0,0.0
5301,0.0059310122468082,0.0038400847520647,0,0.0,0.0
5302,0.0063037263648332,0.0045252244115162,0,0.0,0.0
5303,0.0052021150742786,0.0037829090961844,0,0.0,0.0
5304,0.0022904916068568,0.0029046002598289,0,0.0,0.0
5305,0.0023757945759296,0.0027901597008759,0,0.0,0.0
5306,0.0039953047996815,0.0038912466112059,0,0.0,0.0
5307,0.0035272643615048,0.0044964046830867,0,0.0,0.0
5308,0.0036039927414366,0.0049055140368341,0,0.0,0.0
5309,0.0039532030893807,0.0034373391709384,0,0.0,0.0
5310,0.0030973338655798,0.0023521436088777,0,0.0,0.0
5311,0.0015211442111578,0.0020931172499519,0,0.0,0.0
5312,0.0011703461927631,0.0023543778779539,0,0.0,0.0
5313,0.0005139092828113,0.0017285359321244,0,0.0,0.0
5314,0.0002896998097977,0.0008004110142861,0,0.0,0.0
5315,0.0006150244133014,0.0005398372173522,0,0.0,0.0
5316,0.0006656531030094,0.0002208315793729,0,0.0,0.0
5317,0.0003742121900673,0.0003264177638662,0,0.0,0.0
5318,0.0011132492287551,0.0005096114165422,0,0.0,0.0
5319,0.0007290347057752,0.0004680630632274,0,0.0,0.0
5320,0.0006525321830472,0.0001733616169151,0,0.0,0.0
5321,0.0005537002687871,0.0011924189246052,0,0.0,0.0
5322,0.001193476835187,0.0013032175371417,0,0.0,0.0
5323,0.0017057734700543,0.0013547765132091,0,0.0,0.0
5324,0.0022775275980582,0.0008638572635285,0,0.0,0.0
5325,0.0023643566783914,0.0007732225734147,0,0.0,0.0
5326,0.0037235828120183,0.0014040919584564,0,0.0,0.0
5327,0.0026970038276415,0.0012004626167575,0,0.0,0.0
5328,0.0004117270486251,0.0007349326709275,0,0.0,0.0
5329,0.0008021782827256,0.0002055501443413,0,0.0,0.0
5330,0.0020899916074432,0.0001704874501685,0,0.0,0.0
5331,0.0007513091556438,0.0001725333687987,0,0.0,0.0
5332,0.0002090369878108,7.549704388729255e-05,0,0.0,0.0
5333,0.0009479204699603,2.400312390917948e-05,0,0.0,0.0
5334,0.0011875187290905,0.0001491205276724,0,0.0,0.0
5335,0.0003961838034808,0.0001965943795421,0,0.0,0.0
5336,0.0003604557777157,0.000113679909542,0,0.0,0.0
5337,0.0011018809232813,0.000268076394261,0,0.0,0.0
5338,0.001952994190194,0.0005274284604907,0,0.0,0.0
5339,0.0017823836099591,0.0001133415414899,0,0.0,0.0
5340,0.0018742220397034,0.0003580512418819,0,0.0,0.0
5341,0.0004527011318274,0.0002919564938381,0,0.0,0.0
5342,0.0002272261729616,0.0005497746261587,0,0.0,0.0
5343,0.0009314379501012,0.0002326330242685,0,0.0,0.0
5344,0.001672981637069,0.0001387493289226,0,0.0,0.0
5345,0.0005619387547556,3.0442402394884843e-05,0,0.0,0.0
5346,0.0002074598590548,1.6171287474304088e-05,0,0.0,0.0
5347,0.0001877936365225,0.0001245776499461,0,0.0,0.0
5348,9.790264245475437e-05,0.0002689728916386,0,0.0,0.0
5349,0.0002609025312079,0.0001348525689465,0,0.0,0.0
5350,0.0001594424646824,4.866120688382534e-05,0,0.0,0.0
5351,9.082524255908656e-05,4.622482470480528e-05,0,0.0,0.0
5352,4.119227509408272e-05,0.0002375888814619,0,0.0,0.0
5353,0.0001747343902301,0.0004249747129862,0,0.0,0.0
5354,0.0004808430309994,0.0003509917451432,0,0.0,0.0
5355,0.0009561666743684,0.0003408722719463,0,0.0,0.0
5356,0.0003096162130542,6.262625473178351e-05,0,0.0,0.0
5357,0.0003266402360515,8.408526901896866e-05,0,0.0,0.0
5358,0.0018119141833547,8.536841841565348e-05,0,0.0,0.0
5359,0.0029726526508711,0.0002363605262659,0,0.0,0.0
5360,0.0023065246188218,0.0004480862482799,0,0.0,0.0
5361,0.0013206271033156,0.0005768415631201,0,0.0,0.0
5362,0.002771278120249,0.0006295514257517,0,0.0,0.0
5363,0.0032436563456166,0.0004176999117463,0,0.0,0.0
5364,0.002548130184059,0.0002566654811761,0,0.0,0.0
5365,0.0024532802339761,0.0005358032697237,0,0.0,0.0
5366,0.0015236384587107,0.0007291391034958,0,0.0,0.0
5367,0.0015860335841266,0.0005268233286859,0,0.0,0.0
5368,0.0019426506307492,0.0006215802350102,0,0.0,0.0
5369,0.0007551291066466,0.0006133577772243,0,0.0,0.0
5370,0.0001861152087227,0.0001806592179773,0,0.0,0.0
5371,0.0001557032685938,0.0003025430015809,0,0.0,0.0
5372,0.0003802226391419,7.813578966663488e-05,0,0.0,0.0
5373,0.0006583280294653,0.0005111375770162,0,0.0,0.0
5374,0.0023351227464812,0.0001530057517901,0,0.0,0.0
5375,0.0037968631967764,0.0004079485608494,0,0.0,0.0
5376,0.0043680832157222,0.0007483619082061,0,0.0,0.0
5377,0.003166704828527,0.0008300004015004,0,0.0,0.0
5378,0.0034419516805173,0.0008096000271342,0,0.0,0.0
5379,0.0019534674264898,0.0005763487767287,0,0.0,0.0
5380,0.0007406655090968,0.0003589233473262,0,0.0,0.0
5381,0.0004088395004832,0.0003808141797951,0,0.0,0.0
5382,0.0007553534212064,0.0002716801061418,0,0.0,0.0
5383,0.0006362583515846,0.0002825778313211,0,0.0,0.0
5384,0.0008815445416548,8.454012657474152e-05,0,0.0,0.0
5385,0.0006948479452107,0.0001184713768006,0,0.0,0.0
5386,0.0001103343121801,4.928335155016032e-05,0,0.0,0.0
5387,0.0001208137233489,6.909967589740612e-05,0,0.0,0.0
5388,0.0001854856760506,0.0002097343587222,0,0.0,0.0
5389,0.0001066321709129,0.0001795448677187,0,0.0,0.0
5390,0.0001003657509085,0.000151570424033,0,0.0,0.0
5391,0.0002137844532687,0.000220699807485,0,0.0,0.0
5392,0.0001895364532655,0.000191536779351,0,0.0,0.0
5393,0.0001075713576633,4.291277118515467e-05,0,0.0,0.0
5394,5.212460268184429e-05,2.3209764512581735e-05,0,0.0,0.0
5395,7.514546329596438e-05,2.864949275259799e-05,0,0.0,0.0
5396,5.65627203731842e-05,5.234935487147937e-05,0,0.0,0.0
5397,7.386282700333748e-05,1.9359654708075933e-05,0,0.0,0.0
5398,6.067204273782548e-05,0.0001074008932974,0,0.0,0.0
5399,6.14862032256491e-05,3.763736299863882e-05,0,0.0,0.0
5400,4.781027425985091e-05,5.188142353628204e-05,0,0.0,0.0
5401,1.705299946623554e-05,6.833105744568492e-05,0,0.0,0.0
5402,1.1657425644258336e-05,2.660986644860257e-05,0,0.0,0.0
5403,3.185587043879145e-05,9.341372814077428e-06,0,0.0,0.0
5404,7.147975817710554e-05,1.712881124978041e-05,0,0.0,0.0
5405,0.000146117987007,4.3565613036053765e-05,0,0.0,0.0
5406,0.0006375450089316,6.392659036899955e-05,0,0.0,0.0
5407,0.0011569209514769,0.0002564991969008,0,0.0,0.0
5408,0.0018774440340545,0.0002570995301323,0,0.0,0.0
5409,0.0019523188028017,0.0006916467997931,0,0.0,0.0
5410,0.0029184129521262,0.0004477360418286,0,0.0,0.0
5411,0.0022485776352438,0.0004059389520735,0,0.0,0.0
5412,0.0023772800171359,0.000175745773792,0,0.0,0.0
5413,0.0021135889518706,0.0002112501857037,0,0.0,0.0
5414,0.0019260110076358,0.0005438855987043,0,0.0,0.0
5415,0.0015875594036919,0.0008564384756567,0,0.0,0.0
5416,0.0018021002389694,0.0003904748336464,0,0.0,0.0
5417,0.0006296925828153,0.0009676985915153,0,0.0,0.0
5418,0.0020834502733245,0.0014812101647668,0,0.0,0.0
5419,0.0042166603253269,0.0015816720490201,0,0.0,0.0
5420,0.005917574250159,0.0033396312020725,0,0.0,0.0
5421,0.0070246530858482,0.0056261570215125,0,0.0,0.0
5422,0.0072334659967777,0.005477269553869,0,0.0,0.0
5423,0.0065422525861309,0.0073104028454389,0,0.0,0.0
5424,0.0064405238203082,0.0069961164705788,0,0.0,0.0
5425,0.0054768872428925,0.0056328966474686,0,0.0,0.0
5426,0.0042913689682363,0.0033392170183292,0,0.0,0.0
5427,0.0033885048870662,0.0026278441314469,0,0.0,0.0
5428,0.0021369836686471,0.0024530973898191,0,0.0,0.0
5429,0.002344674709684,0.0025507606296321,0,0.0,0.0
5430,0.002357716152447,0.0018178552857542,0,0.0,0.0
5431,0.001357638981259,0.0015629038029795,0,0.0,0.0
5432,0.0005106774605108,0.0007962938774871,0,0.0,0.0
5433,0.001331722635396,0.0017401241949175,0,0.0,0.0
5434,0.0020497033991397,0.0016071692342426,0,0.0,0.0
5435,0.0027531083707086,0.0008069092073122,0,0.0,0.0
5436,0.002638800274948,0.00053404042733,0,0.0,0.0
5437,0.0016768972213747,0.000397571699247,0,0.0,0.0
5438,0.0011157126288219,0.0001782177906133,0,0.0,0.0
5439,0.0005191799485677,0.0002051611734438,0,0.0,0.0
5440,0.0011127990470812,0.0005595503514963,0,0.0,0.0
5441,0.0006640594142051,0.0004620308112155,0,0.0,0.0
5442,0.0003457833581761,0.0002989163024228,0,0.0,0.0
5443,0.0011925098335802,0.0004596911975411,0,0.0,0.0
5444,0.0030714297344001,0.0007687519924355,0,0.0,0.0
5445,0.0026775919630484,0.0004910625145694,0,0.0,0.0
5446,0.0021982748763392,8.118712200002211e-05,0,0.0,0.0
5447,0.0014443397536136,0.0004273706264099,0,0.0,0.0
5448,0.0017293787721899,0.0003637322355949,0,0.0,0.0
5449,0.0008975506167307,0.0002432158466877,0,0.0,0.0
5450,0.0008518652139566,0.0004527321549688,0,0.0,0.0
5451,0.0014560444953984,0.0008295885766868,0,0.0,0.0
5452,0.0019509364093399,0.0006801204158239,0,0.0,0.0
5453,0.0019526502965626,0.0007619160797497,0,0.0,0.0
5454,0.0018842613495584,0.0010973194918471,0,0.0,0.0
5455,0.0018104047216327,0.0007005940608764,0,0.0,0.0
5456,0.002112703254509,0.0001413728796909,0,0.0,0.0
5457,0.0019599620998293,4.560979916646991e-05,0,0.0,0.0
5458,0.0009683434540179,0.0001252168194102,0,0.0,0.0
5459,0.0012118015540815,0.0001385483679179,0,0.0,0.0
5460,0.0018285239319148,0.000179737656181,0,0.0,0.0
5461,0.0007705174847225,0.0006696988943811,0,0.0,0.0
5462,0.0004771266316216,0.0007342255730993,0,0.0,0.0
5463,0.0009679512319548,0.0007542759889407,0,0.0,0.0
5464,0.0016183061178093,0.0015995282022815,0,0.0,0.0
5465,0.0029242873036426,0.0030958425778302,0,0.0,0.0
5466,0.0048380975447651,0.0032139387990678,0,0.0,0.0
5467,0.004432401277395,0.0036397842096785,0,0.0,0.0
5468,0.0049298527168798,0.0041641670256413,0,0.0,0.0
5469,0.0033323215054944,0.0037790098476994,0,0.0,0.0
5470,0.0027869208221482,0.0025795094800831,0,0.0,0.0
5471,0.0029018933673982,0.0024364261705845,0,0.0,0.0
5472,0.002888702515438,0.0030923331776601,0,0.0,0.0
5473,0.0034541208709543,0.0025482779549898,0,0.0,0.0
5474,0.0038353500612788,0.00162734162666,0,0.0,0.0
5475,0.0035019878640411,0.0020542351569088,0,0.0,0.0
5476,0.0030362486782983,0.0022896777607938,0,0.0,0.0
5477,0.0032680309063691,0.002039487374931,0,0.0,0.0
5478,0.0027568401097643,0.00276134429741,0,0.0,0.0
5479,0.0023191018575246,0.0032994462072717,0,0.0,0.0
5480,0.0022455355699138,0.0022837386615769,0,0.0,0.0
5481,0.001724325609727,0.0022304148256664,0,0.0,0.0
5482,0.0020079721942248,0.0021579480645986,0,0.0,0.0
5483,0.0022995298001337,0.0019991098547119,0,0.0,0.0
5484,0.0026072288034472,0.0029365412370095,0,0.0,0.0
5485,0.0021859075258181,0.0028226788892449,0,0.0,0.0
5486,0.002879624399526,0.0030217415153093,0,0.0,0.0
5487,0.0056006689301454,0.0027875179412621,0,0.0,0.0
5488,0.0052441478529963,0.003221629330222,0,0.0,0.0
5489,0.0048970999088525,0.0025518642956725,0,0.0,0.0
5490,0.0036455103129603,0.0030783011347664,0,0.0,0.0
5491,0.0026220599497862,0.0028959577140062,0,0.0,0.0
5492,0.0031160397397297,0.0024386100283577,0,0.0,0.0
5493,0.0041188078865697,0.0027686263160668,0,0.0,0.0
5494,0.0061886743741908,0.0032541492376751,0,0.0,0.0
5495,0.0056236073541177,0.0039295667429131,0,0.0,0.0
5496,0.0055535844239604,0.0045249748903443,0,0.0,0.0
5497,0.0059272766685187,0.0053175562205109,0,0.0,0.0
5498,0.0057036983874199,0.0052801995195877,0,0.0,0.0
5499,0.0054284481998485,0.0060340073557635,0,0.0,0.0
5500,0.0059487032561707,0.0053895439716588,0,0.0,0.0
5501,0.0051716411745112,0.0049920739584758,0,0.0,0.0
5502,0.0047594074949703,0.0050984020082753,0,0.0,0.0
5503,0.0028841013638265,0.0034813041503888,0,0.0,0.0
5504,0.0029265868901116,0.0032646810978098,0,0.0,0.0
5505,0.0037763880379599,0.0036309463764124,0,0.0,0.0
5506,0.0047980947644373,0.0048040090492382,0,0.0,0.0
5507,0.0061094599196537,0.0071729255394131,0,0.0,0.0
5508,0.0074517019634807,0.0079336744254833,0,0.0,0.0
5509,0.0076375623988857,0.0084660252149976,0,0.0,0.0
5510,0.0075443562176308,0.0077815286117494,0,0.0,0.0
5511,0.0057313782161007,0.0070399873790629,0,0.0,0.0
5512,0.0054730809749487,0.0046737213419396,0,0.0,0.0
5513,0.0055436864719129,0.0038414680117199,0,0.0,0.0
5514,0.0058732768985261,0.0041429020254379,0,0.0,0.0
5515,0.0047637566333849,0.004492814351359,0,0.0,0.0
5516,0.0039472765978936,0.0046483492530189,0,0.0,0.0
5517,0.0031362120272122,0.0041552620597276,0,0.0,0.0
5518,0.0023766231105114,0.0039711813256924,0,0.0,0.0
5519,0.0024444025452716,0.0025293321536484,0,0.0,0.0
5520,0.0010256657783754,0.0013864984511426,0,0.0,0.0
5521,0.0008893433445342,0.0011495593262206,0,0.0,0.0
5522,0.0021894798179757,0.0008035966262009,0,0.0,0.0
5523,0.0027818479023126,0.0001858262617118,0,0.0,0.0
5524,0.0026735336983654,7.654370382600486e-05,0,0.0,0.0
5525,0.0044258818603194,0.0002052257198236,0,0.0,0.0
5526,0.0055327435683626,0.0010246201295001,0,0.0,0.0
5527,0.003037844881285,0.001590829092417,0,0.0,0.0
5528,0.002651988061537,0.0013744813908633,0,0.0,0.0
5529,0.0027378504617613,0.0013830662840744,0,0.0,0.0
5530,0.0020932099855869,0.0014137552036534,0,0.0,0.0
5531,0.0012250230948122,0.0018580112261204,0,0.0,0.0
5532,0.0027368357879133,0.001424162728197,0,0.0,0.0
5533,0.0032163302599478,0.0011412283319115,0,0.0,0.0
5534,0.0031431774283871,0.0007401546144353,0,0.0,0.0
5535,0.0025656669889713,0.0007910547141334,0,0.0,0.0
5536,0.0010106942218379,0.0014117871149283,0,0.0,0.0
5537,0.0004900053569632,0.0018652391434053,0,0.0,0.0
5538,0.0008931364861722,0.0020566643168046,0,0.0,0.0
5539,0.0018354783144961,0.0020950859276301,0,0.0,0.0
5540,0.0012845234471427,0.0014389440258237,0,0.0,0.0
5541,0.0013680562238437,0.0018734497030516,0,0.0,0.0
5542,0.0029874782837988,0.0024332910046766,0,0.0,0.0
5543,0.0026688429890861,0.0022323686868543,0,0.0,0.0
5544,0.0028443301919438,0.0012222931771301,0,0.0,0.0
5545,0.0016138763795605,0.0017166874409176,0,0.0,0.0
5546,0.0013265228708353,0.0017946241017856,0,0.0,0.0
5547,0.0012342066536182,0.0012007182739823,0,0.0,0.0
5548,0.0006167285984877,0.0004206516279828,0,0.0,0.0
5549,0.0006038658671332,0.0004724049010002,0,0.0,0.0
5550,0.0004322206711754,0.0008655715869263,0,0.0,0.0
5551,0.0005330649251149,0.0003165472103005,0,0.0,0.0
5552,0.0002251079784146,0.000328351851884,0,0.0,0.0
5553,0.0006054323365829,0.0006592905190546,0,0.0,0.0
5554,0.000893031285401,0.0006515254842563,0,0.0,0.0
5555,0.0005967715266629,0.0004003375835496,0,0.0,0.0
5556,0.0010185576348845,1.9622636262422e-05,0,0.0,0.0
5557,0.0003935253906897,0.0002801844796685,0,0.0,0.0
5558,0.0005688648127032,0.0005146564987977,0,0.0,0.0
5559,0.0015637696431792,0.0010571715308125,0,0.0,0.0
5560,0.0019327177489333,0.0012056218261375,0,0.0,0.0
5561,0.0015515245899393,0.0020551550999581,0,0.0,0.0
5562,0.0025338549597383,0.0022033382199647,0,0.0,0.0
5563,0.0027226280014966,0.0009561650282507,0,0.0,0.0
5564,0.0009520450086021,0.0008143202313327,0,0.0,0.0
5565,0.0006846498759226,0.0008583871019201,0,0.0,0.0
5566,0.0005391194066117,0.0006891679289441,0,0.0,0.0
5567,0.0002453723974495,0.0007455865888159,0,0.0,0.0
5568,0.0008289680302863,0.0010107288996042,0,0.0,0.0
5569,0.0015784397118566,0.001266160512067,0,0.0,0.0
5570,0.0014155161872065,0.001045707177721,0,0.0,0.0
5571,0.0016397320875684,0.0013373073553098,0,0.0,0.0
5572,0.0027894924439548,0.0036146318749152,0,0.0,0.0
5573,0.0090105090350651,0.0050975213364937,0,0.0,0.0
5574,0.0134102980994165,0.0047403187658328,0,0.0,0.0
5575,0.0124607819185151,0.0040649452622319,0,0.0,0.0
5576,0.0095896256557364,0.0022732592552754,0,0.0,0.0
5577,0.0091858841871229,0.0011367648074051,0,0.0,0.0
5578,0.0076296237781185,0.0004362474326445,0,0.0,0.0
5579,0.0078881798813632,0.0007205752871839,0,0.0,0.0
5580,0.006924058342573,0.000481529633173,0,0.0,0.0
5581,0.0048907494694164,0.000404766418245,0,0.0,0.0
5582,0.0032128575785063,0.0006445163417696,0,0.0,0.0
5583,0.0027212823656197,0.0006816859102063,0,0.0,0.0
5584,0.0026730708049638,0.0007276204344595,0,0.0,0.0
5585,0.0015201599199949,0.0008689852980499,0,0.0,0.0
5586,0.0007580552164833,0.0011529567859231,0,0.0,0.0
5587,0.0011243562114393,0.0011277697740228,0,0.0,0.0
5588,0.000927962150107,0.0011601511071656,0,0.0,0.0
5589,0.0010885881467003,0.0014501141010349,0,0.0,0.0
5590,0.0011850945854417,0.0011001865248991,0,0.0,0.0
5591,0.00155319933854,0.0008632451206028,0,0.0,0.0
5592,0.0007728319807884,0.0003295457330235,0,0.0,0.0
5593,0.0003077640006619,0.0004596123738321,0,0.0,0.0
5594,0.0005339903016257,0.0003199547801298,0,0.0,0.0
5595,0.0010816833363253,0.0003000863356464,0,0.0,0.0
5596,0.0007929926112409,0.0004130956200019,0,0.0,0.0
5597,0.0012006780449196,0.0004841462599932,0,0.0,0.0
5598,0.0007116976040622,5.29653393989397e-05,0,0.0,0.0
5599,0.0011222139057034,0.0002402870218022,0,0.0,0.0
5600,0.0007594774262443,0.000180787967565,0,0.0,0.0
5601,0.0016247522066813,3.433360594940602e-05,0,0.0,0.0
5602,0.0018790931893962,0.000151515863048,0,0.0,0.0
5603,0.0007402186953967,0.0001861047439618,0,0.0,0.0
5604,0.0029260752573708,0.000349530931164,0,0.0,0.0
5605,0.0046456140236909,0.0015300872146921,0,0.0,0.0
5606,0.0043104739761361,0.0019189328978767,0,0.0,0.0
5607,0.0035878595774543,0.0019655326912443,0,0.0,0.0
5608,0.0031618183482712,0.0021797810819933,0,0.0,0.0
5609,0.0035542056526481,0.0019026983500957,0,0.0,0.0
5610,0.0042523145667386,0.0021388753451184,0,0.0,0.0
5611,0.0039375225101418,0.0037528055762332,0,0.0,0.0
5612,0.0038593359156036,0.0029826586916725,0,0.0,0.0
5613,0.0035994991507625,0.0038599275235692,0,0.0,0.0
5614,0.004065000426411,0.0044315280216835,0,0.0,0.0
5615,0.0044462944172577,0.0044583214642232,0,0.0,0.0
5616,0.0045575190639198,0.0045729730806668,0,0.0,0.0
5617,0.00466132662036,0.0044053651457709,0,0.15536544,0.0
5618,0.0037008522743762,0.0035817833890024,0,0.2761239,0.0
5619,0.0039565656334778,0.0045350059091408,0,0.44967967,0.0
5620,0.0035618269597283,0.0038876913430369,0,0.7026754,0.0
5621,0.0022059234124104,0.0037335882190031,0,0.85430926,0.0
5622,0.0012404189766575,0.0033640262707077,0,0.90856045,0.0
5623,0.0007487690018482,0.0028027506133743,0,0.93039787,0.0
5624,0.0013960667411916,0.0022252714525401,0,0.93876314,0.0
5625,0.0014618284196002,0.0017941872608419,0,0.94528097,0.0
5626,0.0014272738652463,0.0024500372337454,0,0.95068264,0.0
5627,0.0019321466576436,0.0025199127154013,0,0.9535993,0.0
5628,0.0032116052170415,0.0036436809456305,0,0.954864,0.0
5629,0.0031798719087607,0.0032338414751219,0,0.9563825,0.0
5630,0.0033378224521349,0.0019219910981025,0,0.9572812,0.0
5631,0.0015510727207128,0.0015197251657349,0,0.95617497,0.0
5632,0.0009847378874372,0.0020086642019223,0,0.9552421,0.0
5633,0.0013348110155118,0.0016254452838066,0,0.95334625,0.0
5634,0.002050831791255,0.001667346807346,0,0.95033234,0.0
5635,0.0024189448798426,0.0014432913794385,0,0.9468902,0.0
5636,0.0021018236162502,0.0018148475263078,0,0.9409051,0.0
5637,0.0041182246373104,0.0024167372076069,0,0.929862,0.0
5638,0.0041931819932462,0.0018456279579078,0,0.91157013,0.0
5639,0.0021077852296194,0.0020259858484871,0,0.8862119,0.0
5640,0.0016213138270399,0.0020763946869908,0,0.8574487,0.0
5641,0.0008883812963536,0.0009354061542468,0,0.8277985,0.0
5642,0.0002245692684662,0.0009327593994617,0,0.7999038,0.0
5643,0.0002230751749118,0.0006323123343928,0,0.7931336,0.0
5644,0.0005715782875996,0.0001436425836177,0,0.77604055,0.0
5645,0.0017952723082577,0.0008195054163448,0,0.76058555,0.0
5646,0.0012971584896249,0.001453017596256,0,0.7658593,0.0
5647,0.0017777980030282,0.0012487708756452,0,0.79243124,0.0
5648,0.0025237824814693,0.0013366701516113,0,0.8386103,0.0
5649,0.0046070309606887,0.0025758116770831,0,0.8795734,0.0
5650,0.0052536971977279,0.0034415526661814,0,0.9064112,0.0
5651,0.0055374136579916,0.0034295401217298,0,0.92302656,0.0
5652,0.0055248645446187,0.0022503473367325,0,0.9400226,0.0
5653,0.0035209147910658,0.0012665658495793,0,0.9518577,0.0
5654,0.0016692998398011,0.0009923560497413,0,0.958107,0.0
5655,0.0006388468507352,0.0006011029151924,0,0.95955557,0.0
5656,0.0002529208189833,0.0002473999808622,0,0.9551236,0.0
5657,0.0007415345939719,0.0001961263251229,0,0.94139105,0.0
5658,0.0021402076655127,0.0001768622265566,0,0.8949347,0.0
5659,0.005867869416388,0.0001766403267564,0,0.7360065,0.0
5660,0.005279919043374,0.0001053726997615,0,0.43220648,0.0
5661,0.0035948289949186,0.0007183199658472,0,0.19674191,0.0
5662,0.0027669173571932,0.0011538710871163,0,0.0,0.0
5663,0.0016418029701362,0.0013440873223522,0,0.0,0.0
5664,0.002772371953375,0.0013721804600861,0,0.0,0.0
5665,0.0032987633222136,0.0012399965157866,0,0.0,0.0
5666,0.003341078839712,0.0016692244506671,0,0.0,0.0
5667,0.0063784629026481,0.0014959903711895,0,0.0,0.0
5668,0.007766154557087,0.0011713299872977,0,0.0,0.0
5669,0.0060181684061669,0.0020945440325598,0,0.0,0.0
5670,0.0071597871387263,0.0029458423868155,0,0.0,0.0
5671,0.0084766940126125,0.0042665774237517,0,0.0,0.0
5672,0.0088375703465301,0.0070018428061225,0,0.0,0.0
5673,0.0085743869441051,0.0087870675350426,0,0.0,0.0
5674,0.007301844122265,0.0099122609737538,0,0.0,0.0
5675,0.0062979288075942,0.0090278243665425,0,0.0,0.0
5676,0.0066730702762966,0.0059722178006772,0,0.0,0.0
5677,0.0062155750517441,0.0054537486676939,0,0.0,0.0
5678,0.0060801810431548,0.0052766427790019,0,0.0,0.0
5679,0.0051129743392145,0.0053826201392174,0,0.0,0.0
5680,0.0046376699613311,0.0056326575849369,0,0.0,0.0
5681,0.0060192916558946,0.0044139432466658,0,0.0,0.0
5682,0.004757638131653,0.0049224456867992,0,0.0,0.0
5683,0.0042401546885091,0.0053136322247869,0,0.0,0.0
5684,0.0051151498488052,0.0042360238547256,0,0.0,0.0
5685,0.0043345022147825,0.0049395974086474,0,0.0,0.0
5686,0.004196760912196,0.0045464666022436,0,0.0,0.0
5687,0.0048013091340105,0.0049029918768106,0,0.0,0.0
5688,0.0045191639140315,0.0051892212987619,0,0.0,0.0
5689,0.0051181672781763,0.0054699702632162,0,0.0,0.0
5690,0.0059637296597681,0.0050143272826876,0,0.0,0.0
5691,0.0067948013994713,0.0039577471044475,0,0.0,0.0
5692,0.0060531009688863,0.0051589358051283,0,0.0,0.0
5693,0.0065317296166209,0.0064847182887601,0,0.0,0.0
5694,0.0063033995378798,0.0065229797070603,0,0.0,0.0
5695,0.0058533044100857,0.0059487523098364,0,0.0,0.0
5696,0.004220147194434,0.0065021386070752,0,0.0,0.0
5697,0.0045303076874074,0.0051700168410808,0,0.0,0.0
5698,0.0042106766216155,0.0044037095954109,0,0.0,0.0
5699,0.0037940976013912,0.0033624069265385,0,0.0,0.0
5700,0.0014515566625692,0.0029545986412223,0,0.0,0.0
5701,0.0013169156756921,0.0025295108183789,0,0.0,0.0
5702,0.000437264784817,0.0020450887841701,0,0.0,0.0
5703,0.0005971871915275,0.0006946050656777,0,0.0,0.0
5704,0.0008133917395435,0.0007026555132643,0,0.0,0.0
5705,0.0029999814543071,0.0015086245561157,0,0.0,0.0
5706,0.0039621086708585,0.0026994594888761,0,0.0,0.0
5707,0.0040438304105362,0.0022562351098457,0,0.0,0.0
5708,0.0034708140661163,0.0017656619666481,0,0.0,0.0
5709,0.0032381976681351,0.00181924779304,0,0.0,0.0
5710,0.0017543766779329,0.0014371973980776,0,0.0,0.0
5711,0.0012355899058809,0.0024596815420424,0,0.0,0.0
5712,0.0014098177339313,0.0015771792225852,0,0.0,0.0
5713,0.0011046512772467,0.0008851443296846,0,0.0,0.0
5714,0.0001802876408932,0.0001280056146684,0,0.0,0.0
5715,0.0002004501482897,0.0014249256714578,0,0.0,0.0
5716,0.0005002601575268,0.0017489981367288,0,0.0,0.0
5717,0.0022262856878766,0.000675273939225,0,0.0,0.0
5718,0.0037912033007679,0.0005103150720802,0,0.0,0.0
5719,0.0033976856728902,0.0007730885545135,0,0.0,0.0
5720,0.001775031592719,0.0004836475913592,0,0.0,0.0
5721,0.0008036403146188,0.0003394428047302,0,0.0,0.0
5722,7.017331013459953e-05,0.0001300021984037,0,0.0,0.0
5723,0.0005634541221515,9.850680090848128e-05,0,0.0,0.0
5724,0.0011958228180333,3.260551095701188e-05,0,0.0,0.0
5725,0.0019066793081774,0.0002331679688358,0,0.0,0.0
5726,0.0009433596445729,0.0003348044291078,0,0.0,0.0
5727,0.0002305689837886,4.770099456596991e-05,0,0.0,0.0
5728,0.000201793816425,0.0001896539682316,0,0.0,0.0
5729,0.0001529418265691,0.0002652736073215,0,0.0,0.0
5730,9.526657147415271e-05,0.0002621087941604,0,0.0,0.0
5731,0.0004398702020555,0.0001332600536147,0,0.0,0.0
5732,0.0004341288587192,0.0001440635909815,0,0.0,0.0
5733,0.0002133100548891,2.306709384800821e-05,0,0.0,0.0
5734,0.0001305670333649,8.512306300332207e-05,0,0.0,0.0
5735,3.296321803364908e-05,1.942875017450292e-05,0,0.0,0.0
5736,8.166713949867004e-05,3.254263466590752e-05,0,0.0,0.0
5737,0.0001372161660183,2.356735251995124e-05,0,0.0,0.0
5738,0.0001760373244285,6.412768038504803e-06,0,0.0,0.0
5739,0.0001049261223058,2.704349788488517e-05,0,0.0,0.0
5740,0.0002197370391166,9.473806501569522e-05,0,0.0,0.0
5741,5.157933783748141e-05,7.833201394600174e-06,0,0.0,0.0
5742,3.833255584272782e-05,7.045995882101623e-05,0,0.0,0.0
5743,0.0001432572864681,2.076578691446588e-05,0,0.0,0.0
5744,0.0003381844184135,1.9065127411326584e-05,0,0.0,0.0
5745,0.0001004895450522,1.1404279277289516e-05,0,0.0,0.0
5746,0.000321106357674,7.193209105397685e-05,0,0.0,0.0
5747,0.0013120068275671,0.0002341834202071,0,0.0,0.0
5748,0.0013000388584115,0.0002980516246314,0,0.0,0.0
5749,0.0017929784016252,0.0003970962725552,0,0.0,0.0
5750,0.0013950596725281,0.0002742418863929,0,0.0,0.0
5751,0.000271194345521,0.0001027854252052,0,0.0,0.0
5752,0.001192985642944,0.0004555954409808,0,0.0,0.0
5753,0.0013366250824928,0.0001522935296901,0,0.0,0.0
5754,0.0010788683303418,8.997521167135109e-05,0,0.0,0.0
5755,0.0014758710980015,0.0003055491449891,0,0.0,0.0
5756,0.0027186442172742,0.0008359156335095,0,0.0,0.0
5757,0.0023978150770097,0.0002849449444954,0,0.0,0.0
5758,0.0035079616692862,0.000293914194571,0,0.0,0.0
5759,0.0043980254166812,0.0002753586168266,0,0.0,0.0
5760,0.0047827540471249,0.000189984231579,0,0.0,0.0
5761,0.0021666661372201,0.0001459399286342,0,0.0,0.0
5762,0.0015636189743166,0.000200891724403,0,0.0,0.0
5763,0.0017700709437087,0.0003393382915711,0,0.0,0.0
5764,0.0009629872308327,7.897974557078267e-05,0,0.0,0.0
5765,0.0004552850013664,8.469532171963756e-05,0,0.0,0.0
5766,0.0007740405221845,0.000166156253999,0,0.0,0.0
5767,0.0019463846815326,0.0002018391118008,0,0.0,0.0
5768,0.0025614902516548,0.0002901761078293,0,0.0,0.0
5769,0.0015313127393284,0.0004089889856606,0,0.0,0.0
5770,0.0015102221957185,0.0002698395977597,0,0.0,0.0
5771,0.002514143106366,0.0001364677873869,0,0.0,0.0
5772,0.0024132685696813,0.0002390644294194,0,0.0,0.0
5773,0.001443895506663,0.000452258647882,0,0.0,0.0
5774,0.0011603892153136,0.0003985095543111,0,0.0,0.0
5775,0.0006705186263998,0.0003452952038319,0,0.0,0.0
5776,0.0006805709271155,0.0002744708149029,0,0.0,0.0
5777,0.003664970046276,0.0002052481421528,0,0.0,0.0
5778,0.0050049953515094,0.0002440158451031,0,0.0,0.0
5779,0.0047281792484669,0.0005929004240652,0,0.0,0.0
5780,0.0019826459821158,0.000854048594257,0,0.0,0.0
5781,0.0023057976255811,0.0011727353004817,0,0.0,0.0
5782,0.0041952933018215,0.0015245381682494,0,0.0,0.0
5783,0.005018746424074,0.0016488025096739,0,0.0,0.0
5784,0.0036629207463538,0.0014199217650442,0,0.0,0.0
5785,0.0013555231215899,0.0016845152160436,0,0.0,0.0
5786,0.0014680913866775,0.0012172752058556,0,0.0,0.0
5787,0.0011727972190132,0.0008882014192181,0,0.0,0.0
5788,0.0008824476166694,0.0016084200599669,0,0.0,0.0
5789,0.000374572206595,0.0020658922879012,0,0.0,0.0
5790,0.0007018268584876,0.0016053085548627,0,0.0,0.0
5791,0.0012984604743042,0.0003551328741345,0,0.0,0.0
5792,0.0009996323706732,0.0001685707295669,0,0.0,0.0
5793,0.0003783716371802,0.0002060912754803,0,0.0,0.0
5794,0.0003956854134541,0.0001635148024908,0,0.0,0.0
5795,0.0013220793286275,0.0008419604536736,0,0.0,0.0
5796,0.0003798586549147,0.0007813410826379,0,0.0,0.0
5797,9.881880299441414e-05,0.0001697727345113,0,0.0,0.0
5798,9.454380938884964e-05,0.0001553879119854,0,0.0,0.0
5799,0.0005970465630674,0.0005946050117135,0,0.0,0.0
5800,0.0017387564789792,0.0004943848967937,0,0.0,0.0
5801,0.0029018412063082,6.053549077690067e-05,0,0.0,0.0
5802,0.0006666648620157,0.000144868767405,0,0.0,0.0
5803,0.0002593182139392,0.0003475142288613,0,0.0,0.0
5804,0.0001766935673149,0.0002529546731206,0,0.0,0.0
5805,0.0002161460180128,0.0001828376310445,0,0.0,0.0
5806,6.129418395522689e-05,0.0001469036462616,0,0.0,0.0
5807,4.478353243394834e-05,0.000124110439122,0,0.0,0.0
5808,8.270501903566324e-05,0.0001003149579787,0,0.0,0.0
5809,4.827762937014456e-05,5.752128855815612e-05,0,0.0,0.0
5810,0.0001136738394536,1.9355694855098363e-05,0,0.0,0.0
5811,0.0001629522774133,9.929683089547522e-05,0,0.0,0.0
5812,0.0007372632807537,0.0002067674235162,0,0.0,0.0
5813,0.0016504817385076,0.0007930631841114,0,0.0,0.0
5814,0.0040218977272076,0.0003958876447821,0,0.0,0.0
5815,0.0061558667837051,0.0004656086834434,0,0.0,0.0
5816,0.0024553450803262,0.0005813135587033,0,0.0,0.0
5817,0.0008456362151139,0.0006693229416715,0,0.0,0.0
5818,0.001006197216611,0.0009142126630757,0,0.0,0.0
5819,0.0008342700368622,0.0005262489015877,0,0.0,0.0
5820,0.0004473947408634,0.0002238532043476,0,0.0,0.0
5821,0.002068735979676,0.0001880955046185,0,0.0,0.0
5822,0.0024999087298507,0.0001492978062973,0,0.0,0.0
5823,0.0029092062109176,0.0001652822287631,0,0.0,0.0
5824,0.0021737605665514,0.0001815055116968,0,0.0,0.0
5825,0.001380021091785,0.0001042011612912,0,0.0,0.0
5826,0.0037120430321547,0.0001937637721613,0,0.0,0.0
5827,0.0065114492112987,0.0006785449825686,0,0.0,0.0
5828,0.0047238423081685,0.0004787379874468,0,0.0,0.0
5829,0.0039313703666805,0.0005490062851109,0,0.0,0.0
5830,0.0039767364320077,0.0005432343876026,0,0.0,0.0
5831,0.0028249598905517,0.0006012635163963,0,0.0,0.0
5832,0.0030003357361453,0.0011319185135261,0,0.0,0.0
5833,0.0041142779622253,0.0019074883342556,0,0.0,0.0
5834,0.0039399416904037,0.001772755019426,0,0.0,0.0
5835,0.0040934202185245,0.0016650630588893,0,0.0,0.0
5836,0.0028902987833532,0.001704616181027,0,0.0,0.0
5837,0.0024469315375428,0.0015643709313448,0,0.0,0.0
5838,0.0008591998479396,0.001223655361948,0,0.0,0.0
5839,8.113010376131871e-05,0.0015425711242139,0,0.0,0.0
5840,0.0001080177661453,0.0013237132758786,0,0.0,0.0
5841,0.0004767154711875,0.0014137412375759,0,0.0,0.0
5842,0.0009138886584659,0.0018635931126896,0,0.0,0.0
5843,0.0015439744315516,0.001649735851895,0,0.0,0.0
5844,0.0012775054370082,0.0002100741653847,0,0.0,0.0
5845,0.0011206589877599,0.0013854487732183,0,0.0,0.0
5846,0.0040586858238301,0.0011853688384715,0,0.0,0.0
5847,0.0036015044940863,0.0012559367589027,0,0.0,0.0
5848,0.0030255658828997,0.000492676517451,0,0.0,0.0
5849,0.0028939876386387,0.0003425001462529,0,0.0,0.0
5850,0.0020114544151839,0.0004894850136494,0,0.0,0.0
5851,0.0015358192941761,0.0006226247592296,0,0.0,0.0
5852,0.0013303006906646,0.0009621610015103,0,0.0,0.0
5853,0.0003834227381253,0.0006713741220479,0,0.0,0.0
5854,0.001404464302744,0.0002695654685979,0,0.0,0.0
5855,0.0011275926400178,0.0002397548197935,0,0.0,0.0
5856,0.0011566369066553,0.0004813787558653,0,0.0,0.0
5857,0.0002599441755379,7.443509343514129e-05,0,0.0,0.0
5858,0.0019868522667913,0.0003987478711625,0,0.0,0.0
5859,0.0052997343578424,0.0009530471684517,0,0.0,0.0
5860,0.0041384160152705,0.0012399201093426,0,0.0,0.0
5861,0.0033268741740975,0.001310099916159,0,0.0,0.0
5862,0.0027090240520565,0.0011479054309922,0,0.0,0.0
5863,0.001524351782891,0.0007610248809864,0,0.0,0.0
5864,0.0016556860470737,0.0007826406056708,0,0.0,0.0
5865,0.0011658189149731,0.0010027024122331,0,0.0,0.0
5866,0.0014691363988853,0.0009494511618941,0,0.0,0.0
5867,0.0022161957612267,0.0006169062870165,0,0.0,0.0
5868,0.0017849637344877,0.0004297348224686,0,0.0,0.0
5869,0.0006107372559648,0.000408258237232,0,0.0,0.0
5870,0.0002148765492076,0.0002495291124892,0,0.0,0.0
5871,0.0002250194115605,0.000666979662276,0,0.0,0.0
5872,0.0005252346275475,0.0012470072458597,0,0.0,0.0
5873,0.0006991955180738,0.0008255970150758,0,0.0,0.0
5874,0.0007842615750356,0.0007480905339176,0,0.0,0.0
5875,0.0018069725637098,0.0011379026400895,0,0.0,0.0
5876,0.0014308461309398,0.0009394878582403,0,0.0,0.0
5877,0.0009202373860434,0.000500700457063,0,0.0,0.0
5878,0.0007311750318987,0.0003692696033834,0,0.0,0.0
5879,0.0003653108782005,0.0002221120085067,0,0.0,0.0
5880,0.0002056393475447,8.420133123096807e-05,0,0.0,0.0
5881,0.0001684651817107,9.21507425832924e-05,0,0.0,0.0
5882,0.0001686262223292,7.174617838981423e-05,0,0.0,0.0
5883,5.848154510824952e-05,7.899151329707318e-05,0,0.0,0.0
5884,0.0001183033842578,5.629461364079328e-05,0,0.0,0.0
5885,0.0001125879085636,3.4523886267574555e-05,0,0.0,0.0
5886,6.291216661480657e-05,3.810213854225072e-05,0,0.0,0.0
5887,5.739672388307431e-05,1.0293871212351806e-05,0,0.0,0.0
5888,0.0001915599292027,8.265850471805998e-06,0,0.0,0.0
5889,0.0001790696522125,2.827737440405674e-05,0,0.0,0.0
5890,0.0002053904910113,4.021454795748711e-05,0,0.0,0.0
5891,4.673339171960191e-05,5.821162161370576e-05,0,0.0,0.0
5892,0.0001035677487993,4.676513006038904e-05,0,0.0,0.0
5893,7.494805916076975e-05,1.4442712997445786e-05,1,0.0,0.0
5894,6.986823260943622e-05,7.594931742299932e-05,1,0.0,0.0
5895,5.409441294009472e-05,4.17566810817259e-05,1,0.0,0.0
5896,1.2471089342526536e-05,4.237440077394166e-05,0,0.0,0.0
5897,4.426546065260574e-05,2.4755881397869145e-05,0,0.0,0.0
5898,0.0001686347953172,4.0094914199791856e-05,0,0.0,0.0
5899,0.0001139016825136,0.0001231466750037,0,0.0,0.0
5900,3.195011803527466e-05,3.1806760988297706e-05,0,0.0,0.0
5901,0.000169605061671,6.350105103014367e-05,0,0.0,0.0
5902,4.614499575036988e-05,9.163931068263428e-05,0,0.0,0.0
5903,9.43443770674065e-06,3.163074038682124e-05,0,0.0,0.0
5904,2.691091060315873e-05,2.647909079564789e-05,0,0.0,0.0
5905,0.0001231569292358,3.658392509963213e-05,0,0.0,0.0
5906,0.0001134642813686,4.414216399779343e-05,0,0.0,0.0
5907,2.3505678567976683e-05,7.622696818087793e-06,0,0.0,0.0
5908,0.0001487700652383,2.060676699730045e-05,0,0.0,0.0
5909,0.0004193041040447,0.0001825544593234,0,0.0,0.0
5910,0.0011220774359162,0.0010757287241496,0,0.0,0.0
5911,0.0014544938437823,0.0017417957293111,0,0.0,0.0
5912,0.0029968039185532,0.0011632572420059,0,0.0,0.0
5913,0.0028181365350818,0.0011469347447814,0,0.0,0.0
5914,0.0028536950285611,0.0008821191808781,0,0.0,0.0
5915,0.0024111980819118,0.0006258087836875,0,0.0,0.0
5916,0.0026174408917437,0.0006651541417985,0,0.0,0.0
5917,0.0025885357912647,0.0001244225586265,0,0.0,0.0
5918,0.0022338941846766,0.0002524603007665,0,0.0,0.0
5919,0.000726981762081,0.0005793136212144,0,0.0,0.0
5920,0.00114702805781,0.0005559384638706,0,0.0,0.0
5921,0.00183276643996,0.0004378112773106,0,0.0,0.0
5922,0.0010782878014916,0.0006478455723855,0,0.0,0.0
5923,0.0021976533852806,0.0008910495996765,0,0.0,0.0
5924,0.0013370273059599,0.0007660573967417,0,0.0,0.0
5925,0.0011683626201123,0.0005387143780834,0,0.0,0.0
5926,0.0017149765850673,0.0007114073541859,0,0.0,0.0
5927,0.0027600652093106,0.0011722154831888,0,0.0,0.0
5928,0.0024702803060593,0.0009720075861848,0,0.0,0.0
5929,0.0019674754346549,0.0005976075710375,0,0.0,0.0
5930,0.0015611299111041,0.0005148125417572,0,0.0,0.0
5931,0.0004796571562499,0.0004078115455526,0,0.0,0.0
5932,3.317077934169235e-05,0.0003377415070514,0,0.0,0.0
5933,0.0003434977987432,7.523260141177163e-05,0,0.0,0.0
5934,0.0004588453848799,5.856598639732363e-05,0,0.0,0.0
5935,0.000221281305677,0.0001276749200652,0,0.0,0.0
5936,6.429796741120275e-05,3.251142394591727e-05,0,0.0,0.0
5937,6.0204961948377495e-05,5.749326658585765e-06,0,0.0,0.0
5938,0.0002826169272178,3.337038552866233e-05,0,0.0,0.0
5939,0.0001522531475431,5.700990118886551e-05,0,0.0,0.0
5940,9.842533134888782e-05,0.0001095275994058,0,0.0,0.0
5941,0.0002913970108597,0.000142039030567,0,0.0,0.0
5942,3.494094328151485e-05,2.4339115652408415e-05,0,0.0,0.0
5943,0.00022123972758,2.068995930875529e-05,0,0.0,0.0
5944,0.0002515389007743,3.3802868120201924e-05,0,0.0,0.0
5945,5.023325692131849e-05,0.0001138153434558,0,0.0,0.0
5946,4.783615036884128e-05,1.985301087184529e-05,0,0.0,0.0
5947,2.413555714908855e-05,5.233468187119971e-05,0,0.0,0.0
5948,3.4781094603589114e-05,6.06261627845153e-05,0,0.0,0.0
5949,0.0001587608912852,0.0001843597201917,0,0.0,0.0
5950,0.0001464984309081,0.0007097616854334,0,0.0,0.0
5951,0.0001483545472264,0.000220750914964,0,0.0,0.0
5952,0.0016748010865861,0.0004180426352644,0,0.0,0.0
5953,0.0070794495365579,0.0019926541051829,0,0.0,0.0
5954,0.009628818330324,0.0019256238190899,0,0.0,0.0
5955,0.0062829417918226,0.0010509810691377,0,0.0,0.0
5956,0.0046839489701981,0.0005298856808367,0,0.0,0.0
5957,0.0083063435187252,0.000434406982309,0,0.0,0.0
5958,0.0089194098088035,0.0003269572274846,0,0.0,0.0
5959,0.0051906451630596,0.0008198449688835,0,0.0,0.0
5960,0.0040738456596649,0.0017321318294906,0,0.0,0.0
5961,0.0048626285135977,0.0025275252422754,0,0.0,0.0
5962,0.0044880163339525,0.0025446613361656,0,0.0,0.0
5963,0.0043189778347943,0.0029958008296151,0,0.0,0.0
5964,0.004544932610449,0.0035905202982681,0,0.0,0.0
5965,0.003867061212095,0.002761480575774,0,0.0,0.0
5966,0.00244409564623,0.0014500316639288,0,0.0,0.0
5967,0.001147238299524,0.0006531017252108,0,0.0,0.0
5968,0.0003837196792694,0.0003533447582013,0,0.0,0.0
5969,0.0001991385249089,0.0003883350435726,0,0.0,0.0
5970,9.771580664093088e-05,0.0002146957374224,0,0.0,0.0
5971,0.000185432204438,0.0001792118836727,0,0.0,0.0
5972,0.0003961315880924,0.000333026084518,0,0.0,0.0
5973,0.001567235441219,0.0015430905647388,0,0.0,0.0
5974,0.0022001826946302,0.0027356464567973,0,0.0,0.0
5975,0.0033129994712342,0.0034309388411387,0,0.0,0.0
5976,0.0038078845036223,0.0045721076901529,0,0.0,0.0
5977,0.0030244903140071,0.0037797067509945,0,0.0,0.0
5978,0.003500038686146,0.0033456067369849,0,0.0,0.0
5979,0.0043969705390556,0.0045326641870202,0,0.0,0.10683352
5980,0.0043006544217544,0.0043153764000744,0,0.0,0.1335741
5981,0.004430254709348,0.0037360806715054,0,0.0,0.22479025
5982,0.0028959712664193,0.0028979181664279,0,0.0,0.4856569
5983,0.001803933308017,0.001871471259598,0,0.0,0.757037
5984,0.0015444920519086,0.0016483096039169,0,0.0,0.8759742
5985,0.0008843350698772,0.0010622832566517,0,0.0,0.9168381
5986,0.0004908619643023,0.0001556046746352,0,0.0,0.9299397
5987,4.833391057485192e-05,0.0008146378676656,0,0.0,0.93525964
5988,0.0005703624413671,0.0015405884419766,0,0.0,0.93347365
5989,0.0004424310743555,0.0011055378230697,0,0.0,0.92800814
5990,0.0003594726378385,0.000281127534757,0,0.0,0.92106295
5991,0.0004194187136389,2.244761347224496e-05,0,0.0,0.9052953
5992,0.0002668755644999,5.4541488538629695e-05,0,0.0,0.87209904
5993,0.0010439976263615,0.0002982172388044,0,0.0,0.79485506
5994,0.0029609204172194,0.0008990362464214,0,0.0,0.6020343
5995,0.0038199404788924,0.0010422512614115,0,0.0,0.2949707
5996,0.0039540996584983,0.0015811582792961,0,0.0,0.0
5997,0.0045369129465978,0.0022671445671077,0,0.0,0.0
5998,0.0054234959382571,0.0038081997763444,0,0.0,0.0
5999,0.005774271212735,0.0052065693238599,0,0.0,0.0
6000,0.0063356165935902,0.0059727926354554,0,0.0,0.0
6001,0.006551065146612,0.0061499716077772,0,0.0,0.0
6002,0.0078158835115187,0.0073229515298188,0,0.0,0.0
6003,0.0075683988154292,0.0092322864134142,0,0.0,0.0
6004,0.0063195670341186,0.0088938439559001,0,0.0,0.0
6005,0.0057351703522977,0.0065275627500247,0,0.0,0.0
6006,0.0043148326046078,0.0039608014727483,0,0.0,0.0
6007,0.0037675156355206,0.003223877025255,0,0.0,0.0
6008,0.0027417198278821,0.0023549988599947,0,0.0,0.0
6009,0.0016227362087055,0.0016308971341118,0,0.0,0.0
6010,0.0016644074493901,0.0010299382318778,0,0.0,0.0
6011,0.0020853428624831,0.0016300626546705,0,0.0,0.0
6012,0.001969530800078,0.0016469476043586,0,0.0,0.0
6013,0.0013388546638411,0.0010771115782297,0,0.0,0.0
6014,0.0001766482734763,0.0002961450941805,0,0.0,0.0
6015,0.0009580925531464,0.0012084140700903,0,0.0,0.0
6016,9.741466873194844e-05,0.0015594580648404,0,0.0,0.0
6017,0.0008194300556471,0.0019463006381966,0,0.0,0.0
6018,0.0008907344696675,0.0015415821856154,0,0.0,0.0
6019,0.0015375497211504,0.0008019187166654,0,0.0,0.0
6020,0.0019975584938007,0.0001775201635167,0,0.0,0.0
6021,0.0011427557430865,0.0001286364931922,0,0.0,0.0
6022,0.0003762922048269,3.967373265728397e-05,0,0.0,0.0
6023,4.051247120435197e-05,3.907007587893482e-05,0,0.0,0.0
6024,0.0001579709458347,0.000192079879377,0,0.0,0.0
6025,7.509091781453492e-05,0.0001012013551951,0,0.0,0.0
6026,3.061687523083634e-05,0.0002323773110814,0,0.0,0.0
6027,2.975725916799039e-05,5.236513386256361e-05,0,0.0,0.0
6028,4.521967061231301e-05,9.550354963566516e-05,0,0.0,0.0
6029,5.902927920385559e-05,0.0001403402048655,0,0.0,0.0
6030,0.0001578476645735,0.0004714370089941,0,0.0,0.0
6031,0.0002953717201667,0.0001826753994401,0,0.0,0.0
6032,0.0018134848463713,0.0003010754474005,0,0.0,0.0
6033,0.0038908125107628,0.0002946310370789,0,0.0,0.0
6034,0.0036302918768743,0.0006331902703436,0,0.0,0.0
6035,0.0046198643976411,0.0012172914903211,0,0.0,0.0
6036,0.0042276092154754,0.0020215337225618,0,0.0,0.0
6037,0.0028818564492202,0.0009621490188772,0,0.0,0.0
6038,0.0024040190878697,0.0008672456079029,0,0.0,0.0
6039,0.0009690444238792,0.0010931164408029,0,0.0,0.0
6040,6.973109487298931e-05,0.0006656868698073,0,0.0,0.0
6041,0.000340103403277,0.0002196169080848,0,0.0,0.0
6042,0.0004832291119599,0.0002461680047165,0,0.0,0.0
6043,0.0003232440051237,0.0004691429422297,0,0.0,0.0
6044,0.000113048362601,0.0002629079994361,0,0.0,0.0
6045,0.000159675837865,0.0002234516769045,0,0.0,0.0
6046,0.0002317247721898,5.967280565958818e-05,0,0.0,0.0
6047,0.0001296399902667,0.0002155472057783,0,0.0,0.0
6048,0.0002355360017515,0.0004891977765599,0,0.0,0.0
6049,6.260917946557525e-05,0.000153000500959,0,0.0,0.0
6050,8.890514066348958e-05,4.299254816280676e-05,0,0.0,0.0
6051,0.0001014726580275,4.931595006687511e-05,0,0.0,0.0
6052,9.06481792128301e-05,0.0001221606966184,0,0.0,0.0
6053,3.366749878015691e-05,0.000102104097203,0,0.0,0.0
6054,2.215733621381424e-05,0.0001069908997483,0,0.0,0.0
6055,2.6978060679713077e-05,1.999030428528684e-05,0,0.0,0.0
6056,0.0001137211689109,0.0001381755092494,0,0.0,0.0
6057,0.0001180465382967,0.0002899453608121,0,0.0,0.0
6058,9.461921786066398e-06,0.0001113378529652,0,0.0,0.0
6059,0.0001267987661184,0.0004918167536403,0,0.0,0.0
6060,9.43218126051385e-05,0.0001205257183225,0,0.0,0.0
6061,4.649650475619255e-06,0.0002134213230864,0,0.0,0.0
6062,5.9161747943979055e-05,8.938466221560955e-05,0,0.0,0.0
6063,9.166068957526246e-05,8.689485307977669e-05,0,0.0,0.0
6064,0.0002055709524391,0.0004097630931897,0,0.0,0.0
6065,0.0001678643318104,0.0001323974429815,0,0.0,0.0
6066,0.000201681481674,6.799110548493615e-05,0,0.0,0.0
6067,0.000326855519123,0.0001219169876744,0,0.0,0.0
6068,0.0001202154931209,0.0001425610403527,0,0.0,0.0
6069,0.0002156423918902,0.0004839660380427,0,0.0,0.0
6070,0.0001823553675966,0.0002209712730155,0,0.0,0.0
6071,0.0003484864228635,2.903511517377736e-05,0,0.0,0.0
6072,0.0002996253695339,0.0002867926673734,0,0.0,0.0
6073,2.0874731055374576e-05,9.15627979380851e-05,0,0.0,0.0
6074,0.0003022650104847,0.0004653455127117,0,0.0,0.0
6075,0.0002135576816547,0.000214182105252,0,0.0,0.0
6076,5.401321021414232e-05,0.0001155629075669,0,0.0,0.0
6077,2.318217696696931e-05,3.525082237762127e-05,0,0.0,0.0
6078,0.0001289212429919,0.0001124987273233,0,0.0,0.0
6079,0.0005301730002189,0.0006592723218092,0,0.0,0.0
6080,0.0005710867428281,0.0010113992457053,0,0.0,0.0
6081,0.0010879315760185,0.0006217613085033,0,0.0,0.0
6082,0.0004904646074337,0.0005574473437537,0,0.0,0.0
6083,0.0003068081747193,0.0011691692783303,0,0.0,0.0
6084,0.0004336613003214,0.0016832291646932,0,0.0,0.0
6085,0.0006893098107161,0.0004295582491788,0,0.0,0.0
6086,0.0004424739693614,9.110738166095156e-05,0,0.0,0.0
6087,0.0003439780157783,7.663104856237811e-05,0,0.0,0.0
6088,0.0006080472772595,0.000287778367352,0,0.0,0.0
6089,0.0029933188129991,0.0011879207831208,0,0.0,0.0
6090,0.0021228848523161,0.002009909814756,0,0.0,0.0
6091,0.0020383273794658,0.0017979788978989,0,0.0,0.0
6092,0.0020664313978964,0.0007443717037514,0,0.0,0.0
6093,0.0023880831755667,0.000299074335012,0,0.0,0.0
6094,0.0037952946229343,0.0017643815496883,0,0.0,0.0
6095,0.0070125650739689,0.0009889379056589,0,0.0,0.0
6096,0.0056107173344773,0.0006187417292422,0,0.0,0.0
6097,0.0048128510944371,0.0002685982718145,0,0.0,0.0
6098,0.0040694757139162,0.0007444966013885,0,0.0,0.0
6099,0.0038556773254006,0.0012237065834139,0,0.0,0.0
6100,0.0040678016895924,0.0014975002250465,0,0.0,0.0
6101,0.003391124638435,0.0011627904879874,0,0.0,0.0
6102,0.0013336821120396,0.0005518710343909,0,0.0,0.0
6103,0.0007950942241676,0.0007423157806477,0,0.0,0.0
6104,0.0012045540072459,0.0018692768605454,0,0.0,0.0
6105,0.0009178086970264,0.0009100431718907,0,0.0,0.0
6106,0.001095385921759,0.0011050991727926,0,0.0,0.0
6107,0.000172706344778,0.001135311230531,0,0.0,0.0
6108,0.0007776763747148,0.0009505496878186,0,0.0,0.0
6109,0.0015869679775545,0.0019910710584032,0,0.0,0.0
6110,0.0009263472543051,0.0032670981457027,0,0.0,0.0
6111,0.0002381187716954,0.0036472758605674,0,0.0,0.0
6112,6.63309987953595e-05,0.0029111839064017,0,0.0,0.0
6113,6.011591532766671e-05,0.0013198750199493,0,0.0,0.0
6114,5.478626615096694e-05,0.0002794814597135,0,0.0,0.0
6115,5.057855116597283e-05,0.0003667617676884,0,0.0,0.0
6116,4.772947193996744e-05,0.0005928664300995,0,0.0,0.0
6117,4.644668790439172e-05,0.0005912573328975,0,0.0,0.0
6118,4.683520990498414e-05,0.0001153111649612,0,0.0,0.0
6119,4.8808104567284936e-05,0.0001489290858068,0,0.0,0.0
6120,5.22171827318991e-05,0.0004780599513343,0,0.0,0.0
6121,5.682234499825284e-05,0.0001315493083227,0,0.0,0.0
6122,6.234490551011834e-05,0.000947779961464,0,0.0,0.0
6123,6.863402480014895e-05,0.000323597307512,0,0.0,0.0
6124,7.549351086428443e-05,0.0004833398288191,0,0.0,0.0
6125,8.286049946828828e-05,0.00128858248553,0,0.0,0.0
6126,9.066213735352122e-05,0.0005723868183763,0,0.0,0.0
6127,9.87955434748314e-05,0.0001073979211353,0,0.0,0.0
6128,0.0001072671670802,7.195370583715854e-05,0,0.0,0.0
6129,0.0001160905383854,0.0001828585171537,0,0.0,0.0
6130,0.000125200504566,0.0002677220228086,0,0.0,0.0
6131,0.0001346305647754,1.9639538783955147e-05,0,0.0,0.0
6132,0.0001443258065565,0.000276582821076,0,0.0,0.0
6133,0.0001543649414089,6.723401485754701e-05,0,0.0,0.0
6134,0.0001646925919969,1.9037090016871467e-05,0,0.0,0.0
6135,0.000175347344872,3.731849472914967e-05,0,0.0,0.0
6136,0.0001863250619338,7.418834535040958e-05,0,0.0,0.0
6137,0.0001976167248363,0.0001321098818069,0,0.0,0.0
6138,0.0002092571582203,0.0001253610341561,0,0.0,0.0
6139,0.0002212323474724,0.0003099836666246,0,0.0,0.0
6140,0.0002335715957924,0.0001454389357961,0,0.0,0.0
6141,0.0002462553074168,6.236724344452835e-05,0,0.0,0.0
6142,0.0002593126014795,0.0001721388907757,0,0.0,0.0
6143,0.0002727719389072,4.590393309036088e-05,0,0.0,0.0
6144,0.000286570000927,7.59142831890215e-05,0,0.0,0.0
6145,0.0003007779721993,0.0001171795239301,0,0.0,0.0
6146,0.0003153750620254,0.0005857841102254,0,0.0,0.0
6147,0.0003303830902055,0.0027120978538012,0,0.0,0.0
6148,0.0003457807839667,0.004130281814261,0,0.0,0.0
6149,0.0005886902148997,0.0023106264047933,0,0.0,0.0
6150,0.001229935085966,0.0001412199037049,0,0.0,0.0
6151,0.0003170968195888,0.0010651695431756,0,0.0,0.0
6152,0.0002095470190809,0.0009918142958355,0,0.0,0.0
6153,0.0010387474879171,0.0012076861037409,0,0.0,0.0
6154,0.0011044166469415,0.0015737588879028,0,0.0,0.0
6155,0.0011183791474121,0.0017675469931683,0,0.0,0.0
6156,0.0011763850257718,0.001745612395959,0,0.0,0.0
6157,0.0012340750383836,0.0015064072347664,0,0.0,0.0
6158,0.0012914076731915,0.0009810427767501,0,0.0,0.0
6159,0.0013465032659475,0.0002238607177765,0,0.0,0.0
6160,0.0013981969919192,0.001214019019219,0,0.0,0.0
6161,0.0014457707354858,0.0023258788627875,0,0.0,0.0
6162,0.0014888677357117,0.0019428704132509,0,0.0,0.0
6163,0.0015275196062186,0.0008311459975821,0,0.0,0.0
6164,0.0015619724290902,0.0014888428143336,0,0.0,0.0
6165,0.0015927545759813,0.002841012353442,0,0.0,0.0
6166,0.0016206279194035,0.0039453321968942,0,0.0,0.0
6167,0.0016465640685933,0.0046559519652902,0,0.0,0.0
6168,0.0016717760767191,0.0049719564782269,0,0.0,0.0
6169,0.0016976874022197,0.0048943532610667,0,0.0,0.0
6170,0.0017243417833398,0.0045330488975143,0,0.0,0.0
6171,0.0023157460287437,0.0040984322982116,0,0.0,0.0
6172,0.0065830806639552,0.0029277269679652,0,0.0,0.0
6173,0.005073004977649,0.0013268025880009,0,0.0,0.0
6174,0.0029445575812195,0.000876721494731,0,0.0,0.0
6175,0.0032877274136834,0.0002086287327457,0,0.0,0.0
6176,0.0027466545523588,0.001362847486563,0,0.0,0.0
6177,0.0032991215466624,0.0012824966065276,0,0.0,0.0
6178,0.0044022334691627,0.001194522338695,0,0.0,0.0
6179,0.0022587801006831,0.0010595103700835,0,0.0,0.241859
6180,0.0019909166496837,0.001190566792424,0,0.0,0.48108554
6181,0.0003666174458582,0.0007063946879669,0,0.0,0.6292508
6182,0.0003080001634799,0.0002820170843355,0,0.0,0.6680056
6183,0.0005736704426592,0.0001051601231084,0,0.0,0.7145269
6184,0.0027258348429958,0.0001371349946829,0,0.0,0.77023226
6185,0.0018822657389757,0.0002799944125522,0,0.0,0.81077766
6186,0.001508814225653,0.0007110328719239,0,0.0,0.8249534
6187,0.0001446879628765,0.0002699260645723,0,0.0,0.827387
6188,0.0010607180227595,4.432547624443502e-05,0,0.0,0.7896688
6189,0.0014083772955267,0.0003228943882225,0,0.0,0.73776746
6190,0.0007800812018995,0.0003518693402577,0,0.0,0.6571398
6191,0.0013565263874369,0.0003605928588089,0,0.0,0.5573947
6192,0.0004406660637035,0.0004791304429622,0,0.0,0.46613312
6193,0.001153116602195,0.0008343436533784,0,0.0,0.48288503
6194,0.0028493610951551,0.0013529783710168,0,0.0,0.6033026
6195,0.0037358316198678,0.000728501739086,0,0.0,0.7878862
6196,0.0027079589016609,0.0010210049602404,0,0.0,0.89707834
6197,0.0033741703796667,0.0001932542238628,0,0.0,0.93988407
6198,0.0026507744483745,0.0007994540503378,0,0.0,0.95669705
6199,0.001278456025749,0.0020821696452679,0,0.0,0.9636573
6200,0.0010598430309617,0.0007225458100793,0,0.0,0.9689903
6201,0.0016596197979701,0.0011247069817728,0,0.0,0.9731589
6202,0.0022353802507207,0.001125598096988,0,0.0,0.9762259
6203,0.0011210636884839,0.0012378959837182,0,0.0,0.9783388
6204,0.000908948137021,0.0011117176623928,0,0.0,0.9803234
6205,0.0013123669977772,0.0012073813277704,0,0.0,0.98163676
6206,0.0005757346552779,0.000888597416664,0,0.0,0.9823689
6207,0.0025386821403001,0.0004633678751979,0,0.0,0.982689
6208,0.0012653666174965,1.9728265177033867e-05,0,0.0,0.98284847
6209,0.0005011845758193,0.0003854176033604,0,0.0,0.982953
6210,0.0004752373170588,0.0005206513486249,0,0.0,0.98306495
6211,0.0007652881286668,0.0006174029991783,0,0.0,0.98326874
6212,0.001013380440363,0.0003728832379124,0,0.0,0.9833892
6213,0.0007802151946016,0.0002027948813482,0,0.0,0.98344743
6214,0.0007542645054552,0.0001173589763532,0,0.0,0.9835076
6215,0.0003740789149325,0.0001106546385945,0,0.0,0.9835189
6216,0.0003531023951331,0.0001205588626765,0,0.0,0.98336893
6217,0.0007196377294054,0.000324223411647,0,0.0,0.98294985
6218,0.0013821912069815,0.0002065319691493,0,0.0,0.9821915
6219,0.0020351143494109,0.0007527283863387,0,0.0,0.9810182
6220,0.0019833772600387,0.0016771129598225,0,0.0,0.97887546
6221,0.0026063489545457,0.0013650777215172,0,0.0,0.9773704
6222,0.0017618788956827,0.0008791422679652,0,0.0,0.9745276
6223,0.0022191727725842,0.0013740130180372,0,0.0,0.9724312
6224,0.0007367554741719,0.0015816702768713,0,0.0,0.97184277
6225,0.000126855689943,0.0008552399357549,0,0.0,0.9714365
6226,0.0001159510203193,0.0003166479150306,0,0.0,0.9703849
6227,0.0006448259880645,0.0002748036191739,0,0.0,0.9705819
6228,0.0010377284527516,0.0004534338246234,0,0.0,0.9705743
6229,0.0007200187830954,0.000346635786948,0,0.0,0.96978045
6230,0.0001563413337523,0.0002225489977223,0,0.0,0.96861476
6231,0.000275245252859,0.0002539620557882,0,0.0,0.96636355
6232,0.0010245943997516,0.0004545503863587,0,0.0,0.9631848
6233,0.0003017679004615,0.0006972939697395,0,0.0,0.96072334
6234,5.2355799423027615e-05,0.0005159005374178,0,0.0,0.9591432
6235,0.0003121295740705,0.0003242802773516,0,0.0,0.96214336
6236,6.36746569200006e-05,0.00031435931504,0,0.0,0.9697012
6237,0.0001078886509313,0.0005390455879712,0,0.0,0.97380096
6238,0.0005224387255902,0.0003722326379739,0,0.0,0.9767179
6239,0.0008335793722269,0.0003485182668009,0,0.0,0.9788334
6240,0.0007660560036957,0.0005644969960598,0,0.0,0.9761657
6241,0.003667223750954,0.0013291265098348,0,0.0,0.9602586
6242,0.0094292670050528,0.001944057979258,0,0.0,0.89807177
6243,0.0093401714470634,0.0016169526134572,0,0.0,0.5745939
6244,0.0065613277355518,0.0009656850332511,0,0.0,0.0
6245,0.0042692715984332,0.0005698550355672,0,0.0,0.0
6246,0.0044791711191586,0.0004877772135267,0,0.0,0.0
6247,0.0062692539507307,0.0009428176521337,0,0.0,0.0
6248,0.0051126312273536,0.0008930725563322,0,0.0,0.0
6249,0.004150400934141,0.0009508996152448,0,0.0,0.0
6250,0.0034308765078769,0.0011201945944189,0,0.0,0.0
6251,0.0018436696794186,0.0015318945903141,0,0.0,0.0
6252,0.0015528797814887,0.0014943087051568,0,0.0,0.0
6253,0.003672995684818,0.0015072355149467,0,0.0,0.0
6254,0.0054248111206545,0.0023052783345532,0,0.0,0.0
6255,0.0047725174113635,0.0032831659546027,0,0.0,0.0
6256,0.0034370363671286,0.0020527885955511,0,0.0,0.0
6257,0.0011964289870746,0.0011250535770769,0,0.0,0.0
6258,0.0008702449870325,0.0007321585041439,0,0.0,0.0
6259,0.0044948843044359,0.000899536714497,0,0.0,0.0
6260,0.0053394187880967,0.0005113276937295,0,0.0,0.0
6261,0.0024926902570374,0.0001625810786183,0,0.0,0.0
6262,0.0008161127163685,0.0001336926413403,0,0.0,0.0
6263,0.0001123862593223,7.06433368813982e-05,0,0.0,0.0
6264,0.0001582622979537,0.0004324698000176,0,0.0,0.0
6265,0.00016313001986,0.000236342531925,0,0.0,0.0
6266,6.438392548836934e-05,0.000118080200112,0,0.0,0.0
6267,1.0717351692222944e-05,2.3885918906739863e-05,0,0.0,0.0
6268,6.643012513052503e-06,1.4221095797554454e-05,0,0.0,0.0
6269,5.431574813546881e-05,6.283031676008251e-05,0,0.0,0.0
6270,0.0001850537858373,4.033221239746628e-05,0,0.0,0.0
6271,6.881668533239641e-05,1.2820531006704837e-05,0,0.0,0.0
6272,2.1902870257177388e-05,1.1216897531095083e-05,0,0.0,0.0
6273,7.819226715125747e-05,4.113386383098088e-05,0,0.0,0.0
6274,6.164489666580825e-05,0.0001504702727807,0,0.0,0.0
6275,3.001458207377164e-05,4.497862958657087e-05,0,0.0,0.0
6276,1.3522351051238784e-05,3.375466138902108e-05,0,0.0,0.0
6277,0.0002279790045101,6.0255794927333856e-05,0,0.0,0.0
6278,0.0008391818612,0.0001358088210862,0,0.0,0.0
6279,0.0004325365305084,0.0001178203255369,0,0.0,0.0
6280,0.0008773920083535,0.0003700025164583,0,0.0,0.0
6281,0.0016995588766054,0.0010436500674196,0,0.0,0.0
6282,0.0041286383758769,0.0024983615977994,0,0.0,0.0
6283,0.0064721859982557,0.0041927419570833,0,0.0,0.0
6284,0.0030240974745328,0.0037442265196496,0,0.0,0.0
6285,0.0002485449186744,0.0030559038991518,0,0.0,0.0
6286,0.0012803048208132,0.0031230463790426,0,0.0,0.0
6287,0.0032995827245624,0.0023142183718702,0,0.0,0.0
6288,0.0086438624461915,0.0020842138997438,0,0.0,0.0
6289,0.0072892545837368,0.0003986101613076,0,0.0,0.0
6290,0.0033785409790962,0.0011028050830124,0,0.0,0.0
6291,0.001829459922402,0.0005379255618629,0,0.0,0.0
6292,0.0018528831969382,0.000441111096623,0,0.0,0.0
6293,0.0022416125932177,0.0004494141255864,0,0.0,0.0
6294,0.0041110142238857,0.0004063289590797,0,0.0,0.0
6295,0.005563476272247,0.0005405177084547,0,0.0,0.0
6296,0.0040974431982448,0.0003129274175937,0,0.0,0.0
6297,0.0043174956043987,0.0012093676131607,0,0.0,0.0
6298,0.0036229414135297,0.0024421244959644,0,0.0,0.0
6299,0.0028274650603855,0.0017492384025946,0,0.0,0.0
6300,0.0013186717858709,0.0024588510262521,0,0.0,0.0
6301,0.0013518113029772,0.0018589232360763,0,0.0,0.0
6302,0.0010960253098488,0.0003124042242023,0,0.0,0.0
6303,0.0009492386987526,0.0015547136287289,0,0.0,0.0
6304,0.0020302993852404,0.0023134407020109,0,0.0,0.0
6305,0.0024221561020513,0.0013693922142508,0,0.0,0.0
6306,0.0026291959389744,0.000737740669376,0,0.0,0.0
6307,0.0009482940969899,0.0013135993348801,0,0.0,0.0
6308,0.0006198430349755,0.0010245300924347,0,0.0,0.0
6309,0.0012435983714947,0.0003682183035385,0,0.0,0.0
6310,0.0016158583697643,0.0004432090998166,0,0.0,0.0
6311,0.0060769955514071,0.0004631452923654,0,0.0,0.0
6312,0.0092040527243113,0.0007894511259553,0,0.0,0.0
6313,0.0053764402242963,0.0010854885633909,0,0.0,0.0
6314,0.0048867615007166,0.000873323544004,0,0.0,0.0
6315,0.0033416067848666,0.0014126056568847,0,0.0,0.0
6316,0.0027531721316554,0.0019323711683812,0,0.0,0.0
6317,0.0035349566855048,0.0026166661216396,0,0.0,0.0
6318,0.0042863242583125,0.0028727610541443,0,0.0,0.0
6319,0.0047146917382389,0.0036004389160813,0,0.0,0.0
6320,0.0048395365214698,0.0045542167871588,0,0.0,0.0
6321,0.0050145826154253,0.0056189458630199,0,0.0,0.0
6322,0.0044164329824215,0.0058949320024995,0,0.0,0.0
6323,0.0052542031804279,0.0044396225771328,0,0.0,0.0
6324,0.0047557099487926,0.0053550760598889,0,0.0,0.0
6325,0.0046710193518365,0.0066035872486741,0,0.0,0.0
6326,0.0064810049892314,0.0071015657645692,0,0.0,0.0
6327,0.0067519275000796,0.0052545601340205,0,0.0,0.0
6328,0.0065054134530607,0.0057434714951063,0,0.0,0.0
6329,0.0071999645447705,0.0077201243071257,0,0.0,0.0
6330,0.0076187808944535,0.0085970254857394,0,0.0,0.0
6331,0.0081235985410299,0.0080529129156181,0,0.0,0.0
6332,0.00713151130599,0.0081246117494004,0,0.0,0.0
6333,0.0062352787986581,0.0089944220951503,0,0.0,0.0
6334,0.00570692838165,0.0084275723018629,0,0.0,0.0
6335,0.0075386949793687,0.0058682880204608,0,0.0,0.0
6336,0.0078077986930368,0.0054570836761057,0,0.0,0.0
6337,0.0074660476817066,0.0063424075279373,0,0.0,0.0
6338,0.0034137700871622,0.0052499023441142,0,0.0,0.0
6339,0.002537290503956,0.0020205075791736,0,0.0,0.0
6340,0.0017895447734595,0.0016261850950195,0,0.0,0.0
6341,0.0019390431089858,0.0020689670192564,0,0.0,0.0
6342,0.0013055664283637,0.0023124827483054,0,0.0,0.0
6343,0.0011896089757714,0.0023201431539875,0,0.0,0.0
6344,0.0012349356060195,0.0017208115948728,0,0.0,0.0
6345,0.0005786293113662,0.000714131538557,0,0.0,0.0
6346,0.0001098126405789,0.0002215110321148,0,0.0,0.0
6347,0.0008910680621968,0.0008886575536972,0,0.0,0.0
6348,0.0015283462829476,0.0004800443044411,0,0.0,0.0
6349,0.0006591191790875,0.0001803153247466,0,0.0,0.0
6350,0.0008499457436111,0.0001942644830667,0,0.0,0.0
6351,0.001142628544623,0.0001214747614679,0,0.0,0.0
6352,0.0010746288763171,9.84282665106268e-05,0,0.0,0.0
6353,0.0007314789184612,0.0002164646911836,0,0.0,0.0
6354,0.0005114318563816,0.0003389452019361,0,0.0,0.0
6355,0.0002278808414669,0.0004382771948354,0,0.0,0.0
6356,0.0007061548744,0.0003911401960967,0,0.0,0.0
6357,0.0017604290627679,0.000227933429188,0,0.0,0.0
6358,0.0044010319693726,0.0008353771323636,0,0.0,0.0
6359,0.0050381479365645,0.00116977850137,0,0.0,0.0
6360,0.0041643041866725,0.0010179381736445,0,0.0,0.0
6361,0.0039575221138774,0.0005476894837115,0,0.0,0.0
6362,0.0046595882362637,0.0005790436376926,0,0.0,0.0
6363,0.0049421120859151,0.0002006340901798,0,0.0,0.0
6364,0.0054833829843112,0.001029776037558,0,0.0,0.0
6365,0.0038842050413172,0.0004363004198264,0,0.0,0.0
6366,0.0034653651558961,0.0002154054483809,0,0.0,0.0
6367,0.0015241462469771,1.590423602583393e-05,0,0.0,0.0
6368,0.0009577456592527,0.0002136590853667,0,0.0,0.0
6369,0.0008385015669643,0.0002920878035038,0,0.0,0.0
6370,0.0005439300079013,0.0004628358906703,0,0.0,0.0
6371,0.0007322730907164,0.0001988029925516,0,0.0,0.0
6372,0.0009145594263928,0.0002186199267534,0,0.0,0.0
6373,0.0009374413658356,0.0004825139123924,0,0.0,0.0
6374,0.0018399394399263,0.0009016051487318,0,0.0,0.0
6375,0.0018071370299531,0.0011638104349571,0,0.0,0.0
6376,0.0021647683515701,0.0006887555950917,0,0.0,0.0
6377,0.0032832291344515,0.0004331711563942,0,0.0,0.0
6378,0.0030901087381057,0.0006533656055226,0,0.0,0.0
6379,0.0024298850373046,0.0010471881940068,0,0.0,0.0
6380,0.0022991255727573,0.0015024429510562,0,0.0,0.0
6381,0.0021895093431892,0.0016646434747751,0,0.0,0.0
6382,0.0038659514477579,0.0029262146051277,0,0.0,0.0
6383,0.0055276475496573,0.0038291610225,0,0.0,0.0
6384,0.0059201010829125,0.0044648078244873,0,0.0,0.0
6385,0.0057197532554046,0.005694756907529,0,0.0,0.0
6386,0.0055222704040847,0.0065732628735583,0,0.0,0.0
6387,0.0054172496256889,0.0060789509070543,0,0.0,0.0
6388,0.0048410925633915,0.0048676013505319,0,0.0,0.0
6389,0.0044627718419506,0.003736451727424,0,0.0,0.0
6390,0.0046965801385938,0.0041186727389979,0,0.0,0.0
6391,0.0052742404582465,0.0051680533669523,0,0.0,0.0
6392,0.0050342301223617,0.0058531817421442,0,0.0,0.0
6393,0.0060759707566635,0.0073724287044318,0,0.0,0.0
6394,0.0077068629417045,0.007804601760516,0,0.0,0.0
6395,0.0084603848559562,0.0085158466854372,0,0.0,0.0
6396,0.0091362140992321,0.0089703300404207,0,0.0,0.0
6397,0.0089502497130458,0.0087686742438339,0,0.0,0.0
6398,0.0079734166900274,0.007304436160115,0,0.0,0.0
6399,0.0081964499603478,0.0076416313550977,0,0.0,0.0
6400,0.0069403405466708,0.0081237420256995,0,0.0,0.0
6401,0.0073918167621691,0.0078793084701981,0,0.0,0.0
6402,0.0073937281645732,0.0063277971889513,0,0.0,0.0
6403,0.0063225308389342,0.0056096220076004,0,0.0,0.0
6404,0.0061949423549374,0.0051475638420624,0,0.0,0.0
6405,0.0050098878630457,0.0053115053764457,0,0.0,0.0
6406,0.0040649648279463,0.0049573433682773,0,0.0,0.0
6407,0.0029028775810387,0.0036503005962262,0,0.0,0.0
6408,0.0024380228907663,0.0034556449955753,0,0.0,0.0
6409,0.0023344571801209,0.0033842633737259,0,0.0,0.0
6410,0.0026311257571792,0.0026606360046865,0,0.0,0.0
6411,0.0022567735576407,0.0015868159514169,0,0.0,0.0
6412,0.0007741912903373,0.0017151954310992,0,0.0,0.0
6413,0.0011558955498967,0.0018863182072643,0,0.0,0.0
6414,0.0020114774640401,0.0014921366241427,0,0.0,0.0
6415,0.0050059519628141,0.0009091741694882,0,0.0,0.0
6416,0.005744627098696,0.0006620401593958,0,0.0,0.0
6417,0.0035798256782853,0.0013472443843309,0,0.0,0.0
6418,0.0019541613279694,0.001308459039598,0,0.0,0.0
6419,0.0017187816249554,0.0010222921675073,0,0.0,0.0
6420,0.0007726618507842,0.0008915629102657,0,0.0,0.0
6421,0.0007886425469113,0.0002419108550435,0,0.0,0.0
6422,0.0009449816244336,0.0003727736420571,0,0.0,0.0
6423,0.0015651714454182,0.0004989672762892,0,0.0,0.0
6424,0.0023502493043234,0.000267030547528,0,0.0,0.0
6425,0.0023995573060794,0.0001667853857447,0,0.0,0.0
6426,0.0033519493196192,0.0004418635451276,0,0.0,0.0
6427,0.0028124560055041,0.0002213527807353,0,0.0,0.0
6428,0.0018428654907771,3.560959358019648e-05,0,0.0,0.0
6429,0.0018393420232379,9.157292504133936e-05,0,0.0,0.0
6430,0.001180759693195,0.0002311273286557,0,0.0,0.0
6431,0.0018699628171047,0.0009729315851718,0,0.0,0.0
6432,0.0032187582113826,0.0014461738620655,0,0.0,0.0
6433,0.0029291703323332,0.001070918453377,0,0.0,0.0
6434,0.0010910592287812,0.0009726239495983,0,0.0,0.0
6435,0.0019651893458837,0.0006085460391748,0,0.0,0.0
6436,0.00354149832192,0.0006612199991436,0,0.0,0.0
6437,0.0025623548488678,0.0008018351997079,0,0.0,0.0
6438,0.0014696506374839,0.0007824615423785,0,0.0,0.0
6439,0.0012417981563416,0.0004456846315238,0,0.0,0.0
6440,0.0003081125848502,0.0006243797082506,0,0.0,0.0
6441,0.0006195948710401,0.0008962364318742,0,0.0,0.0
6442,0.0023812464253917,0.0018817594917468,0,0.0,0.0
6443,0.0034839014917823,0.0039290753021311,0,0.0,0.0
6444,0.0053969097021042,0.004204182943966,0,0.0,0.0
6445,0.0047757865649498,0.004491082455876,0,0.0,0.0
6446,0.0041233732429977,0.0037954138355245,0,0.0,0.0
6447,0.0045140732233611,0.0043106446472958,0,0.0,0.0
6448,0.0040133805531009,0.0047971767052422,0,0.0,0.0
6449,0.0036638209594406,0.0048717002683396,0,0.0,0.0
6450,0.0029715027800445,0.0043268095625714,0,0.11605247,0.0
6451,0.002638904133868,0.0031223046864758,0,0.22909549,0.0
6452,0.0037605586269428,0.0031432215158546,0,0.50556886,0.0
6453,0.0050505338309848,0.0044288807332672,0,0.8675691,0.0
6454,0.0032866215399593,0.0032394650790103,0,0.9506309,0.0
6455,0.0013683217644808,0.0015062897237639,0,0.96388835,0.0
6456,0.0008304580955447,0.0002290491259452,0,0.96819735,0.0
6457,0.0008651920087052,0.0011727874554166,0,0.9698614,0.0
6458,0.0013090002244507,0.0006419173871068,0,0.97078544,0.0
6459,0.0009374854339956,0.0001705384145316,0,0.97088486,0.0
6460,0.0002881554293477,0.0002492182492847,0,0.96941376,0.0
6461,8.610854148858318e-05,0.0001321039778103,0,0.96585846,0.0
6462,0.0005266211813791,0.0001070611630681,0,0.9567131,0.0
6463,0.0019412637819924,0.000328365530967,0,0.9239409,0.0
6464,0.0026612780639718,0.0006834801757732,0,0.7035768,0.0
6465,0.0050651653631236,0.0009107711334364,0,0.22352323,0.0
6466,0.0065832484627772,0.0012197191461658,0,0.0,0.0
6467,0.0066492310667765,0.0012172296425614,0,0.0,0.0
6468,0.0041409307415373,0.0010374690248554,0,0.0,0.0
6469,0.0028696919250691,0.0007702774350173,0,0.0,0.0
6470,0.0032907256604642,0.0017760514971641,0,0.0,0.0
6471,0.0048147104693879,0.0039182549606794,0,0.0,0.0
6472,0.0075646317841802,0.0068574798370607,0,0.0,0.0
6473,0.0076835099533803,0.0072665532456857,0,0.0,0.0
6474,0.0073816762528042,0.0071698806663109,0,0.0,0.0
6475,0.0075059836015257,0.0072483263260806,0,0.0,0.0
6476,0.0080060205045295,0.007658223189319,0,0.0,0.0
6477,0.0084612364636048,0.0078836682607103,0,0.0,0.0
6478,0.0071210299258689,0.0073380750782869,0,0.0,0.0
6479,0.0045224115779229,0.0062038774517338,0,0.0,0.0
6480,0.0044485065201778,0.0053795343020857,0,0.0,0.0
6481,0.0056058360283268,0.0052096191096507,0,0.0,0.0
6482,0.0055328065234121,0.0054077133617896,0,0.0,0.0
6483,0.0056017301247454,0.005773892346669,0,0.0,0.0
6484,0.0074994290273104,0.0052945830113061,0,0.0,0.0
6485,0.0075668301757871,0.0038106297008947,0,0.0,0.0
6486,0.004911573078869,0.0027702754212804,0,0.0,0.0
6487,0.0026018965296701,0.0018412709052017,0,0.0,0.0
6488,0.0020919730981599,0.0012478551738571,0,0.0,0.0
6489,0.002392695109745,0.0016818635570652,0,0.0,0.0
6490,0.0039708698138158,0.0015061403395501,0,0.0,0.0
6491,0.003092591980252,0.0022530457116452,0,0.0,0.0
6492,0.0024619925906468,0.0020604093845249,0,0.0,0.0
6493,0.0016305799771582,0.0012223636394019,0,0.0,0.0
6494,0.00075792817072,0.0010339054740009,0,0.0,0.0
6495,0.000601818847506,0.0012374991909279,0,0.0,0.0
6496,0.0012172394350867,0.001243004625175,0,0.0,0.0
6497,0.0005518563042684,0.0004612932888504,0,0.0,0.0
6498,0.000348182243737,5.145540740408983e-05,0,0.0,0.0
6499,0.0003990091908442,9.551417720412646e-06,0,0.0,0.0
6500,0.0001071573685029,2.044436907675868e-05,0,0.0,0.0
6501,3.82634032432258e-05,3.920541766143788e-05,0,0.0,0.0
6502,7.81292109170266e-05,3.69082313707137e-05,0,0.0,0.0
6503,3.61902927336731e-05,7.896978922841356e-05,0,0.0,0.0
6504,0.0003713976600678,0.0002299731766347,0,0.0,0.0
6505,0.0011632875455443,0.0010740540237807,0,0.0,0.0
6506,0.0009248271392461,0.0009066796117138,0,0.0,0.0
6507,0.0020003799979975,0.0004254674614081,0,0.0,0.0
6508,0.0043557217640215,6.94255764603287e-05,0,0.0,0.0
6509,0.0023346929308331,0.0004247324125903,0,0.0,0.0
6510,0.0019570802148365,0.0005425606266573,0,0.0,0.0
6511,0.0022059790670303,0.0006688895137062,0,0.0,0.0
6512,0.0019567233933564,0.00076924127608,0,0.0,0.0
6513,0.0011493321061846,0.0003401431811978,0,0.0,0.0
6514,0.0001447220115529,0.0002022918981417,0,0.0,0.0
6515,0.0003417669817475,0.0001002402472875,0,0.0,0.0
6516,0.0007074272251663,9.95381171447332e-05,0,0.0,0.0
6517,0.0018321605832782,0.0003751497330228,0,0.0,0.0
6518,0.0007587657666742,0.0001663179742476,0,0.0,0.0
6519,8.212744377520051e-05,0.0006777784316629,0,0.0,0.0
6520,0.0003620868136297,0.0001460251464527,0,0.0,0.0
6521,0.0001545893834859,9.805902444181296e-05,0,0.0,0.0
6522,0.000595043137068,4.124315340259323e-05,0,0.0,0.0
6523,0.0015456151503255,0.0002114312208512,0,0.0,0.0
6524,0.0003716860506182,4.3603514804436245e-05,0,0.0,0.0
6525,2.091320474735843e-05,0.0002342865097802,0,0.0,0.0
6526,9.254130398063726e-05,0.000676257385211,0,0.0,0.0
6527,0.0002093779164046,3.246665279102809e-06,0,0.0,0.0
6528,0.0001470075293588,0.0006825442851684,0,0.0,0.0
6529,7.272787437002073e-05,0.0002395261397397,0,0.0,0.0
6530,5.625879970759212e-05,6.91363516760191e-05,0,0.0,0.0
6531,9.544842794113832e-05,0.0001854806615187,0,0.0,0.0
6532,0.0003373420705964,0.0002105765931478,0,0.0,0.0
6533,0.0004428115476439,2.5939095076172128e-05,0,0.0,0.0
6534,0.0005103410425523,0.0003373251356618,0,0.0,0.0
6535,0.0016703353625343,0.0003463597363062,0,0.0,0.0
6536,0.0008164489103325,0.0002056486311761,0,0.0,0.0
6537,0.0003116192699346,6.004730330790789e-05,0,0.0,0.0
6538,0.00029284408088,0.0004644519868603,0,0.0,0.0
6539,0.0002043102754169,0.0007899850278232,0,0.0,0.0
6540,0.0002052440428818,0.0005017390413219,0,0.0,0.0
6541,0.0003753340280571,5.761532115424912e-05,0,0.0,0.0
6542,0.0011842621058737,0.0004532191558441,0,0.0,0.0
6543,0.0036633150414834,0.0004457445304944,0,0.0,0.0
6544,0.0043902732237636,0.0004129904416929,0,0.0,0.0
6545,0.0045979051999253,0.0005769741059755,0,0.0,0.0
6546,0.0064808825613807,0.0008489335774913,0,0.0,0.0
6547,0.0058827769154727,0.0004102099162215,0,0.0,0.0
6548,0.0038888051205595,0.0006435314324441,0,0.0,0.0
6549,0.0030971714938542,0.0010367593859708,0,0.0,0.0
6550,0.0028443674967249,0.0011240225287064,0,0.0,0.0
6551,0.0027717575466745,0.0008819748777298,0,0.0,0.0
6552,0.0018884680572555,0.0008854388671562,0,0.0,0.0
6553,0.0019847654736931,0.0008279039412915,0,0.0,0.0
6554,0.0017773978184858,0.0013328882001482,0,0.0,0.0
6555,0.0027623460085651,0.0013019369024933,0,0.0,0.0
6556,0.0044528318322394,0.001504273348911,0,0.0,0.0
6557,0.0033285853297387,0.0010288244950154,0,0.0,0.0
6558,0.0039050807352916,0.0006921899050063,0,0.0,0.0
6559,0.0045844793696489,0.0013899124705338,0,0.0,0.0
6560,0.0047941376440652,0.0011040747444284,0,0.0,0.0
6561,0.0055746326261719,0.0010735940019081,0,0.0,0.0
6562,0.0042118295860521,0.0008212216667861,0,0.0,0.0
6563,0.0029964360571446,0.0006508884557516,0,0.18186375,0.0
6564,0.0035482148674289,0.000710304386427,0,0.6936333,0.0
6565,0.0032560684618961,0.0005705031034419,0,0.88942367,0.0
6566,0.0024010172905278,0.0002992374816118,0,0.9343773,0.0
6567,0.0020458383317786,0.0001959991582243,0,0.95172274,0.0
6568,0.0005722519646874,0.0007756043362935,0,0.9586249,0.0
6569,2.4232832713168016e-05,0.0005491855035641,0,0.9608444,0.0
6570,0.0001099535260678,4.024440243108812e-05,0,0.96233636,0.0
6571,0.0002917146986752,0.0002745083506657,0,0.9633531,0.0
6572,0.0003059075123437,0.0002710504895349,0,0.96451443,0.0
6573,0.0016798350891487,0.0004274314769674,0,0.9665588,0.0
6574,0.0019351379367169,0.0005411518063726,0,0.9685117,0.0
6575,0.0018390795852351,0.0003034896995081,0,0.9698108,0.0
6576,0.0013772080718415,6.957526798121267e-05,0,0.9709038,0.0
6577,0.0022592632384469,0.0002787601782153,0,0.97184205,0.0
6578,0.0021789794335526,0.0006430526223522,0,0.9729631,0.0
6579,0.0008684141041307,0.0007642858850295,0,0.97357935,0.0
6580,0.0012195450110254,0.0014994898906916,0,0.97412944,0.0
6581,0.0008735308743841,0.0009067723909886,0,0.97448343,0.0
6582,0.0014467203365546,0.0004787169853976,0,0.9742728,0.0
6583,0.0012765592266804,0.0008725967786118,0,0.9741126,0.0
6584,0.0007498461926955,0.0009115673852523,0,0.97425413,0.0
6585,0.000766756609149,0.0006859222579896,0,0.9744406,0.0
6586,0.001267631308729,0.0015995197647113,0,0.97493356,0.0
6587,0.0018508844446231,0.000983927383379,0,0.97562504,0.0
6588,0.0033650237784943,0.000696453377973,0,0.97622335,0.0
6589,0.003358460219163,0.0012862118913095,0,0.9765596,0.0
6590,0.0016222810540941,0.0008698433744836,0,0.97687316,0.0
6591,0.0017929613703877,0.0004859695457487,0,0.97706735,0.0
6592,0.0016180397397434,0.000673119396601,0,0.97745,0.0
6593,0.0005128914032973,0.001594424616197,0,0.97814494,0.0
6594,0.0004730123966677,0.0012390925689669,0,0.97884995,0.0
6595,0.0008806346752683,0.0011828192124607,0,0.97957766,0.0
6596,0.0010458542196716,0.001775973287634,0,0.9806756,0.0
6597,0.0017898771841436,0.0015552624904902,0,0.9816206,0.0
6598,0.0017400106045944,0.0014460623788621,0,0.9821153,0.0
6599,0.0028507820423872,0.0013650628637883,0,0.981403,0.0
6600,0.0040495575306596,0.0016304035138593,0,0.9785347,0.0
6601,0.0032348492477449,0.0018340906987603,0,0.97299844,0.0
6602,0.0030663882902967,0.0011666112709931,0,0.96443635,0.0
6603,0.0019464648338143,0.0002609227149727,0,0.9572677,0.0
6604,0.0009029108277917,6.793962547196082e-05,0,0.953037,0.0
6605,0.0005584718182496,0.0001866029300284,0,0.9483915,0.0
6606,0.0017156067931086,0.0004419327820852,0,0.945078,0.0
6607,0.0021863668583405,0.0008909405300213,0,0.94080395,0.0
6608,0.0011445616373006,0.0007815334918534,0,0.9427579,0.0
6609,0.00054099680552,0.0003812748273532,0,0.9487332,0.0
6610,0.0010999827049552,0.0004572998036047,0,0.95063287,0.0
6611,0.0005093114323036,6.222717739278143e-05,0,0.9543255,0.0
6612,0.0005650950535776,0.0004018773785534,0,0.9591915,0.0
6613,0.0009491631393893,0.0007169568912658,0,0.95901334,0.0
6614,0.0037565068838852,0.0014150682967052,0,0.951536,0.0
6615,0.010212222567776,0.0024692959198325,0,0.88917655,0.0
6616,0.0111254429817366,0.0032424594041064,0,0.4369567,0.0
6617,0.0093289820551728,0.0034171461532694,0,0.0,0.0
6618,0.007311295387876,0.0025415503352153,0,0.0,0.0
6619,0.0061822278317938,0.0017776858929978,0,0.0,0.0
6620,0.0061680991462566,0.0009124592799043,0,0.0,0.0
6621,0.0045537013013051,0.0003346367993568,0,0.0,0.0
6622,0.0035558563341237,0.0005601022154017,0,0.0,0.0
6623,0.0031097724224715,0.0008881895414416,0,0.0,0.0
6624,0.0032740310232199,0.0015781294155442,0,0.0,0.0
6625,0.003059546515367,0.0018752047966763,0,0.0,0.0
6626,0.0041071796841329,0.0015912835936137,0,0.0,0.0
6627,0.003943677324192,0.0021534091376245,0,0.0,0.0
6628,0.0034321499342854,0.0035096204153782,0,0.0,0.0
6629,0.0048534713752704,0.0036751152199264,0,0.0,0.0
6630,0.0045700325818047,0.0025162629385897,0,0.0,0.0
6631,0.004013867709601,0.0027568176789773,0,0.0,0.0
6632,0.0041810751718232,0.0033425987591348,0,0.0,0.0
6633,0.0044748571158723,0.0042669474249803,0,0.0,0.0
6634,0.004762043584908,0.0045859683987888,0,0.0,0.0
6635,0.0048991772967183,0.0052007638633718,0,0.0,0.0
6636,0.0051521172395894,0.0053624945981927,0,0.0,0.0
6637,0.0053155708383051,0.0051809714267301,0,0.0,0.0
6638,0.0054107310097118,0.0065389145685265,0,0.0,0.0
6639,0.004710841646299,0.0061525141033764,0,0.0,0.0
6640,0.0038069380373583,0.0044513865789695,0,0.0,0.0
6641,0.0031396667969849,0.0033065585379884,0,0.0,0.0
6642,0.0025901495516168,0.0043163232126419,0,0.0,0.0
6643,0.0022164328665975,0.0050911175286447,0,0.0,0.0
6644,0.0015465544054846,0.0033639946587696,0,0.0,0.0
6645,0.0010900442557888,0.0020373810406868,0,0.0,0.0
6646,0.0005732032413984,0.0010745257896805,0,0.0,0.0
6647,0.0023929320005098,0.0002588109209442,0,0.0,0.0
6648,0.0066482273544043,0.0010537554441925,0,0.0,0.0
6649,0.0053737817716456,0.0020918077158432,0,0.0,0.0
6650,0.0038681725071167,0.0009219049080355,0,0.0,0.0
6651,0.0020307523604985,0.0006468135128196,0,0.0,0.0
6652,0.0011546322096222,0.0001353530228626,0,0.0,0.0
6653,0.0012683385679313,7.918846573309247e-05,0,0.0,0.0
6654,0.0018274081728715,0.0003409629015856,0,0.0,0.0
6655,0.0011600742881774,0.0004458443522979,0,0.0,0.0
6656,0.0014489448732346,0.0008191642609744,0,0.0,0.0
6657,0.0022284971127948,0.0024341870882372,0,0.0,0.0
6658,0.002867031050221,0.0037815644208266,0,0.0,0.0
6659,0.0032708505274542,0.0029337194182625,0,0.0,0.0
6660,0.003433197056306,0.0015122520301044,0,0.0,0.0
6661,0.0033517111817934,0.0008864583791756,0,0.0,0.0
6662,0.0030253455329871,0.0005332362240985,0,0.0,0.0
6663,0.0024535751157194,0.0019194276284958,0,0.0,0.0
6664,0.0015339959042006,0.0012518576085682,0,0.0,0.0
6665,7.87728771837333e-05,0.0008447343463109,0,0.0,0.0
6666,0.0014420310682825,0.0014795213786257,0,0.0,0.0
6667,0.0003947901372832,0.0011522039288071,0,0.0,0.0
6668,0.0002132515540421,0.0013254732690208,0,0.0,0.0
6669,0.000607774363781,0.0014524639252963,0,0.0,0.0
6670,0.0008706828316671,0.0008572297182086,0,0.0,0.0
6671,0.0012542131360505,0.0001731571677659,0,0.0,0.0
6672,0.0008598621285514,0.0001198043932724,0,0.0,0.0
6673,0.000756324116818,0.000234483668803,0,0.0,0.0
6674,0.0010761480629906,0.0004080389447113,0,0.0,0.0
6675,0.0005272063314538,0.0006516618684463,0,0.0,0.0
6676,0.0001928912720165,0.0013649162178106,0,0.0,0.0
6677,0.000190659534702,0.0009633243037684,0,0.0,0.0
6678,0.0001447787049624,0.0004738249400661,0,0.0,0.0
6679,3.8366753866718215e-05,0.0015468089790835,0,0.0,0.0
6680,0.0009005235451821,0.0034570211607126,0,0.0,0.0
6681,0.0098766345099756,0.0044418689777434,0,0.0,0.0
6682,0.0289052770424675,0.0041864259176931,0,0.0,0.0
6683,0.007251012120155,0.0028731608446263,0,0.0,0.0
6684,0.000250692974088,0.0012821427767289,0,0.0,0.0
6685,0.0009219408921174,0.0008813851431278,0,0.0,0.0
6686,0.0013531927145333,0.0009184768302962,0,0.0,0.0
6687,0.0005786890611902,0.0008496475138815,0,0.0,0.0
6688,0.0002632008664433,0.0009032407760923,0,0.0,0.0
6689,0.0005520621084467,0.0007993634943262,0,0.0,0.0
6690,0.0001351429708869,0.0008826951306254,0,0.0,0.0
6691,0.0006588728576895,0.0006688702925397,0,0.0,0.0
6692,0.002376543941228,0.0011038000261179,0,0.0,0.0
6693,0.0039328417046964,0.0006221636407328,0,0.0,0.0
6694,0.0011838967942646,0.0004149209185314,0,0.0,0.0
6695,8.145885183405882e-05,8.229431516733622e-05,0,0.0,0.0
6696,3.207442487062723e-05,9.922443425700416e-05,0,0.0,0.0
6697,9.910136604725427e-05,3.646539748167272e-05,0,0.0,0.0
6698,0.0005765443281856,0.0001768185752574,0,0.0,0.0
6699,0.0014693344506716,0.0003448234876311,0,0.0,0.0
6700,0.0030118076515235,0.0009315878081633,0,0.0,0.0
6701,0.0033819050196525,0.0013401458935331,0,0.0,0.0
6702,0.0062457006633565,0.0016884334670852,0,0.0,0.0
6703,0.0045054364867829,0.0024999504421945,0,0.0,0.0
6704,0.00446249162933,0.0030235308107794,0,0.0,0.0
6705,0.0059928017391459,0.0035913765959786,0,0.0,0.0
6706,0.0061471666255394,0.0054167722433219,0,0.0,0.0
6707,0.0064232185257784,0.0042360718534816,0,0.0,0.0
6708,0.0064442163552688,0.0047720357601048,0,0.0,0.0
6709,0.0052092007305389,0.0044723885020633,0,0.0,0.0
6710,0.0053413098611235,0.0045092419543175,0,0.0,0.0
6711,0.0059499039508999,0.0067446328197505,0,0.0,0.0
6712,0.004760913736581,0.007863144333471,0,0.0,0.0
6713,0.0045105025423387,0.0047677571346815,0,0.0,0.0
6714,0.0036988686593554,0.002550600764357,0,0.0,0.0
6715,0.0022450789371054,0.002184232411231,0,0.0,0.0
6716,0.0022890949012928,0.0023075246905496,0,0.0,0.0
6717,0.0013859979527594,0.0013883419665281,0,0.0,0.0
6718,0.0006650348758613,0.0007953048210941,0,0.0,0.0
6719,0.0016218711367895,0.0021080337436441,0,0.0,0.0
6720,0.0025897428227212,0.0012707279665476,0,0.0,0.0
6721,0.0036498631380944,0.000642112152993,0,0.0,0.0
6722,0.003562355111003,0.0002941633852072,0,0.0,0.0
6723,0.0023768140596288,0.0006208809067762,0,0.0,0.0
6724,0.0010684513557846,0.0015606910367083,0,0.0,0.0
6725,0.0005495217129519,0.0011762116143504,0,0.0,0.0
6726,0.0024422385908783,0.000607093059933,0,0.0,0.0
6727,0.0093085868334521,0.0008434558917044,0,0.0,0.0
6728,0.0103413621171666,0.0007398031397776,0,0.0,0.0
6729,0.0069784306821932,0.0007414465126749,0,0.0,0.0
6730,0.0063201539635817,0.0008450255231444,0,0.0,0.0
6731,0.0047470848621009,0.0008877807250215,0,0.0,0.0
6732,0.0051502191690012,0.0008272051738585,0,0.0,0.0
6733,0.0026868743713324,0.0005691289000023,0,0.0,0.0
6734,0.0006836600267236,0.0003408321112686,0,0.0,0.0
6735,0.0013071162132342,0.0004323683764184,0,0.0,0.0
6736,0.0012382176639268,0.001023260229448,0,0.0,0.0
6737,0.0014072231117272,0.0011268118020176,0,0.0,0.0
6738,0.0019835616932238,0.0008434952841612,0,0.0,0.0
6739,0.0016119380705029,0.0007775569079019,0,0.0,0.0
6740,0.0019663818078333,0.00046965278773,0,0.0,0.0
6741,0.0030077453703142,0.000427207826466,0,0.0,0.0
6742,0.0033139620618515,0.0007808435224777,0,0.0,0.0
6743,0.0032942676456937,0.0011455533975329,0,0.0,0.0
6744,0.0033418185781563,0.0015476509648554,0,0.0,0.0
6745,0.0036163152188515,0.0026508837557265,0,0.12109845,0.0
6746,0.004043000524919,0.0018246652391107,0,0.19232109,0.0
6747,0.0048116495499772,0.0013064358816629,0,0.26298967,0.0
6748,0.0029404434489385,0.0013531457599583,0,0.32797658,0.0
6749,0.0027376956805102,0.0006408784422513,0,0.31519073,0.0
6750,0.0018245558537612,0.000622039693475,0,0.25686416,0.0
6751,0.000581708288586,0.000944010041704,0,0.19025868,0.0
6752,0.0009374112453992,0.0013038906289043,0,0.12138583,0.0
6753,0.0024741661787024,0.0013746122905239,0,0.0,0.0
6754,0.0027535289605652,0.001385368838697,0,0.0,0.0
6755,0.0033411055610792,0.0015970314582128,0,0.0,0.0
6756,0.0034601002520033,0.0021690687418492,0,0.0,0.0
6757,0.0029975340454957,0.0021110715303966,0,0.0,0.0
6758,0.0029185027723727,0.002146907783576,0,0.0,0.0
6759,0.0005528257730355,0.0026363558099695,0,0.0,0.0
6760,0.0028145844220764,0.0018721201530951,0,0.0,0.0
6761,0.0042779945159246,0.0015587948649927,0,0.0,0.0
6762,0.0048014194034923,0.0019605803887599,0,0.0,0.0
6763,0.0047592994277727,0.0022131704569051,0,0.10946664,0.0
6764,0.0051011398970004,0.0018015081165347,0,0.14053138,0.0
6765,0.0023897365112137,0.0013532967900299,0,0.17812587,0.0
6766,0.0020549271385181,0.001520953651506,0,0.2135361,0.0
6767,0.0019778039241877,0.0022721110048617,0,0.28692132,0.0
6768,0.0010857774618969,0.0016261835714733,0,0.3536663,0.0
6769,0.0011941553301333,0.0009453544118142,0,0.4020971,0.0
6770,0.0017668476275844,0.0006213785648503,0,0.4380775,0.0
6771,0.0021859998015872,0.0002764042350136,0,0.3755541,0.0
6772,0.0033492267182354,0.0003287662683711,0,0.3501554,0.0
6773,0.0012072061918944,8.67215640499919e-05,0,0.3414427,0.0
6774,0.000778147173909,2.772231146989369e-05,0,0.39943108,0.0
6775,0.0038602139276158,8.398143277842437e-05,0,0.5446319,0.0
6776,0.0030175903105301,7.465646839046718e-05,0,0.71680033,0.0
6777,0.0014495795963213,0.000230720694701,0,0.8107973,0.0
6778,0.0024158707456979,0.0002879108218229,0,0.8774847,0.0
6779,0.0017128440101853,0.0002312474845385,0,0.9112796,0.0
6780,0.0002671521264959,2.8837626111113044e-05,0,0.91878957,0.0
6781,0.0006562377255152,9.78813648816718e-05,0,0.929519,0.0
6782,0.0010316121266372,0.0001313643688071,0,0.9316977,0.0
6783,0.0020595892623609,0.0004421370267818,0,0.9231927,0.0
6784,0.0013700706258662,0.000356930029465,0,0.9112166,0.0
6785,0.0009522598272334,0.0002333550922753,0,0.88932604,0.0
6786,0.0022780324243684,0.0001681712886679,0,0.82474935,0.0
6787,0.001616514555125,0.0003272413335098,0,0.7328331,0.0
6788,0.0006278992652468,0.0002054246882626,0,0.63423055,0.0
6789,0.0010843243431393,0.0003762567770767,0,0.54076016,0.0
6790,0.0011427848439152,0.0002751381667554,0,0.47041285,0.0
6791,0.0005377882227701,0.0002197357087853,0,0.36493307,0.0
6792,0.0005178619055999,0.000128945823334,0,0.23455822,0.0
6793,0.0026213736939669,8.624687035516294e-05,0,0.10608604,0.0
6794,0.0079564880480297,0.0003456609242062,0,0.0,0.0
6795,0.0085641991247783,0.0005043409817008,0,0.0,0.0
6796,0.0066260386987082,0.0004091568372677,0,0.0,0.0
6797,0.0052707232418233,0.0005188811044188,0,0.0,0.0
6798,0.0049480343782076,0.0005982325924523,0,0.0,0.0
6799,0.0070561493214815,0.0003454665878525,0,0.0,0.0
6800,0.0062212164043237,9.513930093168984e-05,0,0.0,0.0
6801,0.0033947607091367,0.000576749252132,0,0.0,0.0
6802,0.0035767889120106,0.0017872572543128,0,0.0,0.0
6803,0.003104172347548,0.0023757777335333,0,0.0,0.0
6804,0.0022812520598425,0.0016312635883759,0,0.0,0.0
6805,0.0017483884448869,0.0021222943277308,0,0.0,0.0
6806,0.002490745113766,0.0018716802183832,0,0.0,0.0
6807,0.0019664338204146,0.0015632051288095,0,0.0,0.0
6808,0.0003370397969032,0.0010868143082953,0,0.0,0.0
6809,0.0003121196390304,0.0015584554287878,0,0.0,0.0
6810,0.0007645103093479,0.0020019620813885,0,0.0,0.0
6811,0.001644129703915,0.0010490393499829,0,0.0,0.0
6812,0.0034179602936658,0.0002648015579504,0,0.0,0.0
6813,0.006363918235198,0.000264417942791,0,0.0,0.0
6814,0.0054440638062517,0.0001457230742201,0,0.0,0.0
6815,0.0029156177488508,0.000160493988556,0,0.0,0.0
6816,0.0025270403182183,0.000731288651348,0,0.0,0.0
6817,0.0016106495533773,0.0007871306165576,0,0.0,0.0
6818,0.0004879873667497,0.0004662447056656,0,0.0,0.0
6819,0.0005218305691175,0.0007555242347637,0,0.0,0.0
6820,0.0004607089182435,0.000586257835246,0,0.0,0.0
6821,0.0004553866961983,0.0002749606366894,0,0.0,0.0
6822,0.0001974314331304,0.000259990480107,0,0.0,0.0
6823,0.0008489432204225,0.0001841695466983,0,0.0,0.0
6824,0.0011857102016191,0.0001560384105571,0,0.0,0.0
6825,0.0019711858363672,4.9772098354769096e-05,0,0.0,0.0
6826,0.0022618869114035,0.0001547767465362,0,0.0,0.0
6827,0.0027798837794298,0.0006097595318131,0,0.0,0.0
6828,0.0029090011483909,0.0010535101060479,0,0.0,0.0
6829,0.0033672135832375,0.0008456392948072,0,0.0,0.0
6830,0.0026786651148713,0.001334566822452,0,0.0,0.0
6831,0.0007521081621442,0.0012295126680151,0,0.0,0.0
6832,0.0006749685321317,5.021288617951719e-06,0,0.0,0.0
6833,0.0027675882802397,0.0012826615749054,0,0.0,0.0
6834,0.0037292669514946,0.0019023799035762,0,0.0,0.0
6835,0.003628842881642,0.0021911203714408,0,0.0,0.0
6836,0.0035334744731808,0.0020365692646512,0,0.0,0.0
6837,0.0028810492652911,0.002540573460664,0,0.0,0.0
6838,0.0016932857810008,0.0023033344589492,0,0.0,0.0
6839,0.0008484306569379,0.0016818589223555,0,0.0,0.0
6840,0.0007593861687461,0.0023020863678282,0,0.0,0.0
6841,0.003117000916514,0.0029383294963826,0,0.0,0.0
6842,0.0042586091683626,0.003061735962574,0,0.0,0.0
6843,0.0039735395394547,0.0022076975457008,0,0.0,0.0
6844,0.0032341887374141,0.001192901565183,0,0.0,0.0
6845,0.0022641600791792,0.0006564009828804,0,0.0,0.0
6846,0.0018970744789937,0.0002444992711555,0,0.0,0.0
6847,0.0026978119120177,0.0004989091111014,0,0.0,0.0
6848,0.0036440015253915,0.0009574508263156,0,0.0,0.0
6849,0.0054733138971901,0.0014773100141672,0,0.0,0.0
6850,0.0059484059923177,0.0015936904880694,0,0.0,0.0
6851,0.0042461527661257,0.0016197947838027,0,0.0,0.0
6852,0.004627009363355,0.0019417834603869,0,0.0,0.0
6853,0.0035956238107809,0.0020376411926141,0,0.0,0.0
6854,0.0033238083107045,0.0018370897491018,0,0.0,0.0
6855,0.0023391751829823,0.0016354168131384,0,0.0,0.0
6856,0.0037981875773936,0.0026899674748037,0,0.0,0.0
6857,0.0048673660106905,0.0039793975593329,0,0.0,0.0
6858,0.0068421694077607,0.0041287321128261,0,0.0,0.0
6859,0.007679953200326,0.004820672171761,0,0.0,0.0
6860,0.0073315228117702,0.005520747884078,0,0.0,0.0
6861,0.0067042074013067,0.0060552327584729,0,0.0,0.0
6862,0.0063787828368625,0.0066529001117109,0,0.0,0.0
6863,0.005848459881635,0.0068867704918702,0,0.0,0.0
6864,0.0070495993839078,0.0062428400617601,0,0.0,0.0
6865,0.0059632123529764,0.0054918143479953,0,0.0,0.0
6866,0.0047144262106041,0.0059472963740578,0,0.0,0.0
6867,0.005354665869008,0.0063726518276006,0,0.0,0.0
6868,0.0049040099242106,0.0062597616410994,0,0.0,0.0
6869,0.0044033241819746,0.0043744413566413,0,0.0,0.0
6870,0.0041960784747241,0.0035199761525819,0,0.0,0.0
6871,0.0027655115115693,0.0041215837562683,0,0.0,0.0
6872,0.0033329482366987,0.0034587704994992,0,0.0,0.0
6873,0.0034826876631358,0.0031611006407742,0,0.0,0.0
6874,0.0018808620516758,0.0027983929344486,0,0.0,0.0
6875,0.0018771020281886,0.0017195061774251,0,0.0,0.0
6876,0.0031445802707838,0.0026173553415552,0,0.0,0.0
6877,0.0056536358435183,0.0021816489877621,0,0.0,0.0
6878,0.0050750544894345,0.0018840943348454,0,0.0,0.0
6879,0.0049399760252229,0.0025157880876697,0,0.0,0.0
6880,0.0055848791517929,0.0034703464016116,0,0.0,0.0
6881,0.004638153307344,0.0039444158358231,0,0.0,0.0
6882,0.0056153311098434,0.0038814502117829,0,0.0,0.0
6883,0.0051113055807378,0.0043097438038978,0,0.0,0.0
6884,0.0032424114250644,0.0046733024378386,0,0.0,0.0
6885,0.0026145629936736,0.002899369933139,0,0.0,0.0
6886,0.0014358345932231,0.0027467247571975,0,0.0,0.0
6887,0.0026862211237114,0.0024973237467447,0,0.0,0.0
6888,0.0041528204222461,0.0025117233339299,0,0.0,0.0
6889,0.0024929950992453,0.0026696642779093,0,0.0,0.0
6890,0.0017955064980169,0.001495175473431,0,0.0,0.0
6891,0.0018152392968402,0.0002833221240063,0,0.0,0.0
6892,0.000932025763826,0.0002350122088664,0,0.0,0.0
6893,0.0006771819326711,0.0005148692690055,0,0.0,0.0
6894,0.0018348228129164,0.0002125127324189,0,0.0,0.0
6895,0.0017095708968016,0.0002328609718829,0,0.0,0.0
6896,0.0019954844287261,0.0005850786696839,0,0.0,0.0
6897,0.0036856898827566,0.0004963434251265,0,0.0,0.0
6898,0.003361445199286,0.0005719648506643,0,0.0,0.0
6899,0.0019873717666369,0.0009450404345615,0,0.0,0.0
6900,0.0024053564550397,0.0016122804656848,0,0.0,0.0
6901,0.0020611698057185,0.0012836146000391,0,0.0,0.0
6902,0.0008292305566642,0.0013023684600922,0,0.0,0.0
6903,0.000636285523302,0.0010931293844906,0,0.0,0.0
6904,0.0012970467650777,0.0012721757396788,0,0.0,0.0
6905,0.0019821622171673,0.0005818646332284,0,0.0,0.0
6906,0.0027311511176809,0.0006054346515821,0,0.0,0.0
6907,0.0017357831826571,0.0009155542749616,0,0.0,0.0
6908,0.0019078690082065,0.0003419817229294,0,0.0,0.0
6909,0.0025994092058087,0.0002270729359983,0,0.0,0.0
6910,0.002753949404336,0.0001758030147323,0,0.0,0.0
6911,0.0029984915049269,0.0006577906811107,0,0.0,0.0
6912,0.001981116494038,0.000961949998311,0,0.0,0.0
6913,0.002026818156965,0.0007972792402348,0,0.0,0.0
6914,0.001555861055434,0.0009901709610412,0,0.0,0.0
6915,0.0003297714788104,0.001075954206843,0,0.0,0.0
6916,0.0008672898463187,0.0008462744125567,0,0.0,0.0
6917,0.0009007421956635,0.0008451714720168,0,0.0,0.0
6918,0.0002345637964569,0.0013080711917715,0,0.0,0.0
6919,0.0001104339938961,0.001595999083764,0,0.0,0.0
6920,9.322532644394606e-05,0.0015848277563633,0,0.0,0.0
6921,7.880356559497343e-05,0.0016690420003211,0,0.0,0.0
6922,6.732840664691199e-05,0.0017920824889512,0,0.0,0.0
6923,5.904100249227277e-05,0.0011579979990739,0,0.0,0.0
6924,5.418061165601747e-05,0.0001580475304406,0,0.0,0.0
6925,5.2858874488488575e-05,0.0004793249168667,0,0.0,0.0
6926,5.493345666223835e-05,0.0013444934802846,0,0.0,0.0
6927,6.001754181508592e-05,0.0014761076447489,0,0.0,0.0
6928,6.777813755669047e-05,0.0009183547212506,0,0.0,0.0
6929,7.794154628276592e-05,0.0007310050022477,0,0.0,0.0
6930,9.042369439604586e-05,0.001082923103067,0,0.0,0.0
6931,0.0001052217310961,0.0010771001913666,0,0.0,0.0
6932,0.0001223766738172,0.0015978081260048,0,0.0,0.0
6933,0.0004959709709847,0.0019216336699728,0,0.0,0.0
6934,0.0028753106909197,0.0038413401783225,0,0.0,0.0
6935,0.0064798505156424,0.0044581161574699,0,0.0,0.0
6936,0.0059916928074698,0.0059676463251091,0,0.0,0.0
6937,0.0068273093460164,0.0051508267536142,0,0.0,0.0
6938,0.0093028938322449,0.0047141488408078,0,0.0,0.0
6939,0.0072615381216059,0.0059154243146531,0,0.0,0.0
6940,0.0076140199899402,0.0040027945740385,0,0.0,0.0
6941,0.0047218822227961,0.0016047418131327,0,0.0,0.0
6942,0.0026993713218968,0.0010156196446871,0,0.0,0.0
6943,0.0026812671509667,0.0012935962321909,0,0.0,0.0
6944,0.0032338269039236,0.001970767059762,0,0.0,0.0
6945,0.0032408850333865,0.0028170033610921,0,0.0,0.0
6946,0.0027303270845037,0.0015820678697836,0,0.0,0.0
6947,0.0020663457901274,0.0006236261480575,0,0.0,0.0
6948,0.0029973552046268,0.0001506828718575,0,0.0,0.0
6949,0.0066148350242051,0.0004052013393919,0,0.0,0.0
6950,0.0077436704102583,0.000996577591406,0,0.0,0.0
6951,0.0057307641656959,0.0013416638990596,0,0.0,0.0
6952,0.0027040062526756,0.0015186389254372,0,0.0,0.0
6953,0.002268038545055,0.0013067288252748,0,0.0,0.0
6954,0.0021343097322776,0.0006508971431074,0,0.0,0.0
6955,0.0023220146645081,0.0003060831565507,0,0.0,0.0
6956,0.001738326254062,0.0002939532703913,0,0.0,0.0
6957,0.0017040402998951,0.0006375359797638,0,0.0,0.0
6958,0.0017112906989674,0.0001807201074635,0,0.0,0.0
6959,0.0008161166956322,4.641527446621738e-05,0,0.0,0.0
6960,0.0006621666851743,5.995697709975517e-05,0,0.0,0.0
6961,0.0020775945962283,0.000323375511881,0,0.0,0.0
6962,0.0009908557283316,0.0004090475007522,0,0.0,0.0
6963,0.0026875678402025,0.0003161197588909,0,0.0,0.0
6964,0.0048501846082406,0.0007400083514211,0,0.0,0.0
6965,0.0044104887895847,0.001018854305039,0,0.0,0.0
6966,0.0036795431122305,0.0009503081806387,0,0.0,0.0
6967,0.0027054672230946,0.0008398221193654,0,0.0,0.0
6968,0.0010392116228937,0.0009945377143785,0,0.0,0.0
6969,0.0004037659573771,0.0009000139220352,0,0.0,0.0
6970,0.0012422266374785,0.0003136081466743,0,0.0,0.0
6971,0.0009335360740653,0.0007228838378041,0,0.0,0.0
6972,0.0001383993170633,0.0003547724887623,0,0.0,0.0
6973,0.0008335981583326,0.00014230409867,0,0.0,0.0
6974,0.0034226212256609,0.0004560553925957,0,0.0,0.0
6975,0.0045077166552654,0.0007410377002678,0,0.0,0.0
6976,0.0042276462575133,0.0007839662425734,0,0.0,0.0
6977,0.0052596342171784,0.0002961720386054,0,0.0,0.0
6978,0.0034832098140631,3.759799893039717e-05,0,0.0,0.0
6979,0.0014411910089695,5.72126636592651e-05,0,0.0,0.0
6980,0.0015446331687252,0.0003642170628229,0,0.0,0.0
6981,0.0031372686846458,0.0010320515514532,0,0.0,0.0
6982,0.0047624106247515,0.0006084958373162,0,0.0,0.0
6983,0.0057910164804033,0.0005808741575492,0,0.0,0.0
6984,0.0050155575148458,0.001264378771922,0,0.0,0.0
6985,0.0036368414502198,0.00147203923616,0,0.0,0.0
6986,0.0031226441607386,0.0011599562273103,0,0.0,0.0
6987,0.0028690173310616,0.0010345008283422,0,0.0,0.0
6988,0.0024187114987291,0.0018965666752466,0,0.0,0.0
6989,0.002829297244261,0.0025060484533997,0,0.0,0.0
6990,0.0021735905753218,0.0020536251109305,0,0.0,0.0
6991,0.0019653736279024,0.0024037889770704,0,0.10623023,0.0
6992,0.0027929472720059,0.0026464345769472,0,0.1486904,0.0
6993,0.0027703627347974,0.0024078982038713,0,0.18386044,0.0
6994,0.0050542274543079,0.0023288622362357,0,0.19323981,0.0
6995,0.0057164819231136,0.0020742331508863,0,0.18926908,0.0
6996,0.0057026604029382,0.002612915282644,0,0.16858453,0.0
6997,0.0051835131235961,0.0028737910605603,0,0.17793478,0.0
6998,0.003209696481462,0.0020047634477386,0,0.29592907,0.0
6999,0.0023292831604431,0.0022187796613916,0,0.5885424,0.0
7000,0.0018485256002893,0.0017900245196881,0,0.79654336,0.0
7001,0.0013939687715297,0.000845058332298,0,0.90170556,0.0
7002,0.0017411274809285,0.0007863907821171,0,0.9221423,0.0
7003,0.0005323209474363,0.000683232843923,0,0.9048342,0.0
7004,0.0001617931859858,0.0004568080256757,0,0.83411354,0.0
7005,0.000183304392661,0.0008638179636153,0,0.6204436,0.0
7006,0.001229211521499,0.0014278974287987,0,0.29792,0.0
7007,0.0029446204130126,0.0021666647881217,0,0.0,0.0
7008,0.0046255234346778,0.0026115906292746,0,0.0,0.0
7009,0.0061166142186204,0.0024755251927249,0,0.0,0.0
7010,0.0078875247847428,0.0012958684419278,0,0.0,0.0
7011,0.006399020947024,0.0012929686689675,0,0.0,0.0
7012,0.0035703394062762,0.0014765767846153,0,0.0,0.0
7013,0.0038981443666796,0.001598070670029,0,0.0,0.0
7014,0.0036429322840628,0.0007413083978169,0,0.0,0.0
7015,0.001216879060402,9.726906591228184e-05,0,0.0,0.0
7016,0.0006627786345356,0.0008523990213392,0,0.0,0.0
7017,0.0011705915752568,0.0011222378795926,0,0.0,0.0
7018,0.0013395430263538,0.0009195103077973,0,0.0,0.0
7019,0.0015643417872485,0.0005321720549377,0,0.0,0.0
7020,0.0012494055824411,0.0003946254239613,0,0.0,0.0
7021,0.0007305518474058,4.52703681409503e-05,0,0.0,0.0
7022,0.0015909369254605,0.0006640990614035,0,0.0,0.0
7023,0.0016124347479998,0.0008546971254884,0,0.0,0.0
7024,0.0012866995949861,0.0009620039648584,0,0.0,0.0
7025,0.0018946195649382,0.0008691052093765,0,0.0,0.0
7026,0.0027402080556913,0.0012057233454477,0,0.0,0.0
7027,0.0023955145321082,0.0014918852407039,0,0.0,0.0
7028,0.0025411714573059,0.0005810119117366,0,0.0,0.0
7029,0.0007167502583399,0.0003751998222655,0,0.0,0.0
7030,0.0004756499065104,0.0003351967665545,0,0.0,0.0
7031,0.0009365272154942,0.0002890220315605,0,0.0,0.0
7032,0.0002457973983587,0.0002364045998028,0,0.0,0.0
7033,0.0002568284082253,0.0001771107975678,0,0.0,0.0
7034,0.0009097188515803,0.0001044755078119,0,0.0,0.0
7035,0.0011362125887833,4.239462337206466e-05,0,0.0,0.0
7036,0.0007596456379713,0.0003860493983386,0,0.0,0.0
7037,0.0019688317342533,0.0006872620892909,0,0.0,0.0
7038,0.0010882097838131,0.0003715975796088,0,0.0,0.0
7039,0.0003578486995734,0.0002083643426575,0,0.0,0.0
7040,0.0003529737786432,0.0001701718750326,0,0.0,0.0
7041,0.0005347272732779,0.0001879134510605,0,0.0,0.0
7042,2.4943507851681276e-05,4.908418302534835e-05,0,0.0,0.0
7043,0.0004718003147566,4.571994273243714e-06,0,0.0,0.0
7044,0.0002682262385363,5.634250362458335e-05,0,0.0,0.0
7045,0.0001693191728231,0.0001084301580801,0,0.0,0.0
7046,0.0004182138596561,1.5971416590015685e-05,0,0.0,0.0
7047,0.0003431777759655,3.750888338449995e-05,0,0.0,0.0
7048,0.0002401306449536,1.7344393237769785e-05,0,0.0,0.0
7049,0.0007687382953965,0.0001304850258199,0,0.0,0.0
7050,0.0003664274363637,0.0001639405832027,0,0.0,0.0
7051,0.0010758493194859,0.0002536524495577,0,0.0,0.0
7052,0.0016400126653849,0.0002334872779979,0,0.0,0.0
7053,0.0003161155704726,0.0002436795460251,0,0.0,0.0
7054,0.0002560303041454,0.0001173772446677,0,0.0,0.0
7055,0.0003336511293632,7.522680361503548e-05,0,0.0,0.0
7056,0.0002564946782568,3.0140716737818977e-05,0,0.0,0.0
7057,6.598658868989706e-05,0.000105389866011,0,0.0,0.0
7058,0.0001161245154943,0.0001119778374376,0,0.0,0.0
7059,0.0001716396461133,5.6341614136857466e-05,0,0.0,0.0
7060,0.0001824064253771,0.000114188745281,0,0.0,0.0
7061,0.0001970280407159,0.0002542467853192,0,0.0,0.0
7062,0.0002043265461934,0.0001522008924473,0,0.0,0.0
7063,0.0002460494452096,0.000508689987323,0,0.0,0.0
7064,0.0005064626098816,0.0001916690782907,0,0.0,0.0
7065,0.0001051784846571,3.098477878172585e-05,0,0.0,0.0
7066,0.0005327073615494,0.0001446711398306,0,0.0,0.0
7067,0.0011038970830666,0.0001783046458382,0,0.0,0.0
7068,0.0019353257993734,0.0002972684684233,0,0.0,0.0
7069,0.0024984350265473,0.0001374028110453,0,0.0,0.0
7070,0.0026524718132704,0.00011637263985,0,0.0,0.0
7071,0.0024300450928407,2.9983343924686487e-05,0,0.0,0.0
7072,0.0020902267098409,0.0004021228881866,0,0.0,0.0
7073,0.002453634106772,0.0013021063138913,0,0.0,0.0
7074,0.0029135371173338,0.0003070052849798,0,0.0,0.0
7075,0.0012850958155033,0.0002037365732588,0,0.0,0.0
7076,0.0005461607628191,0.0003539669792316,0,0.0,0.0
7077,0.0010773216545421,0.0003561994795399,0,0.0,0.0
7078,0.0012299556887261,0.0001118974252763,0,0.0,0.0
7079,0.0021276238082421,0.0001877638793647,0,0.0,0.0
7080,0.0015373197679307,0.0002233700472233,0,0.0,0.0
7081,0.0006536758504081,0.0002210372794326,0,0.0,0.0
7082,0.0011961783021392,0.0002181637165586,0,0.0,0.0
7083,0.0012575964446434,0.0002146287517501,0,0.0,0.0
7084,0.001033672570185,0.0002101981742792,0,0.0,0.0
7085,0.0005565365985467,0.0002046717200828,0,0.0,0.0
7086,0.0001020263468452,0.0001978884832859,0,0.0,0.0
7087,0.000483718521411,0.000189706775704,0,0.0,0.0
7088,0.0011893306337214,0.0001800149169732,0,0.0,0.0
7089,0.0013845736230387,0.0001687240230704,0,0.0,0.0
7090,0.0013214368887267,0.0001557427337565,0,0.0,0.0
7091,0.0012746136317506,0.0001410214804387,0,0.0,0.0
7092,0.0028702122630785,0.0001244878831712,0,0.0,0.0
7093,0.003245201985398,0.0001061067197672,0,0.0,0.0
7094,0.0020318366687329,8.58425659406079e-05,0,0.0,0.0
7095,0.0015210760521092,6.365156449863609e-05,0,0.0,0.0
7096,0.0013025224191768,3.722674072346703e-05,0,0.0,0.0
7097,0.0011064892566724,7.213652291687534e-05,0,0.0,0.0
7098,0.0009400736764489,0.0003092792967201,0,0.0,0.0
7099,0.0008301240845523,0.0001033701280472,0,0.0,0.0
7100,0.0008685943546491,0.0002387809163067,0,0.0,0.0
7101,0.0013450678916479,0.0002105905696625,0,0.0,0.0
7102,0.0024271806921647,0.0002942906104724,0,0.0,0.0
7103,0.0031697480673054,0.000553984721577,0,0.0,0.0
7104,0.0030290476645942,0.0009683118689603,0,0.0,0.0
7105,0.0036592405869353,0.0004510939715893,0,0.0,0.0
7106,0.0045294785828599,0.0008162581206026,0,0.0,0.0
7107,0.0039386383055211,0.0007202555773858,0,0.1989371,0.0
7108,0.0046244211016573,0.0011100167812606,0,0.56167394,0.0
7109,0.0034642027328249,0.0011003919989849,0,0.8364018,0.0
7110,0.0014960251171817,0.0011680054241676,0,0.91113555,0.0
7111,0.000850531209999,0.0011027451622887,0,0.9359729,0.0
7112,0.0014223231112306,0.0008427431802699,0,0.95027894,0.0
7113,0.0015987834572104,0.0006010650489352,0,0.9561879,0.0
7114,0.0004742544568314,0.000449247252305,0,0.9568525,0.0
7115,0.0006143427159044,0.0001826670147042,0,0.95024127,0.0
7116,0.0022722965205864,0.0005393321818971,0,0.92898196,0.0
7117,0.0020887020880949,0.0009239062692569,0,0.8183728,0.0
7118,0.0031081327371015,0.001376240469561,0,0.44472748,0.0
7119,0.0036679713617014,0.0015068806936904,0,0.1406981,0.0
7120,0.0048342195866286,0.0016316510998383,0,0.0,0.0
7121,0.0045499839511191,0.0011759208282683,0,0.0,0.0
7122,0.0028201124339057,0.0008492385584519,0,0.0,0.0
7123,0.0030131952272337,0.000529730031745,0,0.0,0.0
7124,0.0039215871826178,0.0004199065120541,0,0.0,0.0
7125,0.0038090589295758,0.0003207152095296,0,0.0,0.0
7126,0.002390711413089,0.0009509278778332,0,0.0,0.0
7127,0.0022244741720754,0.0014403111524295,0,0.0,0.0
7128,0.0005083935336472,0.0003454529982795,0,0.0,0.0
7129,5.9054010633697645e-05,0.0003685564343612,0,0.0,0.0
7130,0.0004768737784886,0.0005141652744495,0,0.0,0.0
7131,0.0015017366069166,0.0003239919268432,0,0.0,0.0
7132,0.0027241847451596,0.0001604504439859,0,0.0,0.0
7133,0.0023629983436884,0.0001237362470062,0,0.0,0.0
7134,0.0013821864998266,0.0001144536646353,0,0.0,0.0
7135,0.0006740052012781,0.0001053026433702,0,0.0,0.0
7136,0.0005581074780135,9.6296905566038e-05,0,0.0,0.0
7137,0.0005431934144032,8.74165271812821e-05,0,0.0,0.0
7138,0.0005401156075645,7.864943921474096e-05,0,0.0,0.0
7139,0.0005488165592237,6.999873673737325e-05,0,0.0,0.0
7140,0.0005685784177763,6.14609071022098e-05,0,0.0,0.0
7141,0.0005976967892013,5.300736500798057e-05,0,0.0,0.0
7142,0.0005719734803128,4.465109061114025e-05,0,0.0,0.0
7143,0.0005025663599246,3.638787468748744e-05,0,0.0,0.0
7144,0.0001747344180438,2.819399686659058e-05,0,0.0,0.0
7145,0.0001091192229746,2.007111632222338e-05,0,0.0,0.0
7146,0.0004709082755385,1.1341184842226911e-05,0,0.0,0.0
7147,0.0003388467219523,2.8568063248989272e-05,0,0.0,0.0
7148,6.005988502313691e-05,0.0001228660502509,0,0.0,0.0
7149,0.0001510901400566,0.0001565283364432,0,0.0,0.0
7150,0.0003907409810761,0.0002486423760612,0,0.0,0.0
7151,0.0005256623384542,0.000157280335937,0,0.0,0.0
7152,0.0001906860333134,0.0001493059586353,0,0.0,0.0
7153,0.0003152084359534,3.028201678903189e-05,0,0.0,0.0
7154,0.0003358008642786,0.0001852447807661,0,0.0,0.0
7155,0.0005427101717038,9.10134278487864e-05,0,0.0,0.0
7156,0.0002288203221697,0.0001124054875431,0,0.0,0.0
7157,0.0003832456366021,0.0002965984089104,0,0.0,0.0
7158,0.0003408433565108,0.0001298850460038,0,0.0,0.0
7159,0.0001712983379718,9.173589602031266e-05,0,0.0,0.0
7160,0.0001878370830749,0.0001002709865205,0,0.0,0.0
7161,0.0001756590485273,6.011301229730232e-05,0,0.0,0.0
7162,0.0003045092833271,0.0001121734465884,0,0.0,0.0
7163,0.0001716154851059,2.368053541259045e-05,0,0.0,0.0
7164,3.731595706200397e-05,2.618388638138402e-05,0,0.0,0.0
7165,4.27547336987678e-05,4.735614241759595e-05,0,0.0,0.0
7166,0.0001156289951551,5.225746354632388e-05,0,0.0,0.0
7167,0.0003281912898545,1.4533893619868535e-05,0,0.0,0.0
7168,7.20341424044732e-05,2.208466068491195e-05,0,0.0,0.0
7169,4.084624982305504e-05,0.0001022156912969,0,0.0,0.0
7170,5.1885686318165584e-05,5.622080178671642e-05,0,0.0,0.0
7171,0.0002043970238025,8.64002824099636e-05,0,0.0,0.0
7172,0.0010301166595632,0.0002337066909612,0,0.0,0.0
7173,0.0020337258021979,8.161713236329429e-05,0,0.0,0.0
7174,0.0029432960924419,0.0003882541257324,0,0.0,0.0
7175,0.0033996537330279,0.0009893155641668,0,0.0,0.0
7176,0.0033187833938664,0.0005305205572873,0,0.0,0.0
7177,0.0026742862472736,0.0004198087052832,0,0.0,0.0
7178,0.0015001699599573,0.0001982545944977,0,0.0,0.0
7179,0.0006211446714334,0.000298625596265,0,0.0,0.0
7180,0.000536985408907,0.0003671739543102,0,0.0,0.0
7181,0.0007309268593175,0.000572174333164,0,0.0,0.0
7182,0.0045609156303293,0.0012978026658032,0,0.0,0.0
7183,0.0094371330385123,0.0018551673165142,0,0.0,0.0
7184,0.011328105886382,0.001673151964137,0,0.0,0.0
7185,0.0092085219212788,0.0007988724001413,0,0.0,0.0
7186,0.0038482958576663,0.0001469903722157,0,0.0,0.0
7187,0.0008283759582805,0.0008114293355068,0,0.0,0.0
7188,0.0012426561869192,0.0002212835709412,0,0.0,0.0
7189,0.0023687472502052,0.0008368552890871,0,0.0,0.0
7190,0.003678416866591,0.0003397800895331,0,0.0,0.0
7191,0.0044748463565581,0.0017029295633383,0,0.0,0.0
7192,0.0045979805242638,0.0028805422262558,0,0.0,0.0
7193,0.0040100808414318,0.0025266961087706,0,0.0,0.0
7194,0.0030723744358213,0.0004421528581805,0,0.0,0.0
7195,0.0042438458161578,0.0006240194736543,0,0.0,0.0
7196,0.0050910545259323,0.0018603907615638,0,0.0,0.0
7197,0.0041985618259077,0.0014476044572464,0,0.0,0.0
7198,0.0028878546895393,0.001515398086175,0,0.0,0.0
7199,0.003315274393457,0.0022324452277413,0,0.0,0.0
7200,0.0028647608194298,0.0019094965944319,0,0.0,0.0
7201,0.0027172795308765,0.000969684766586,0,0.0,0.0
7202,0.003450785326706,0.0015187509989238,0,0.0,0.0
7203,0.0027344764401246,0.002094149087302,0,0.0,0.0
7204,0.0026289588317323,0.0018220563456656,0,0.10433634,0.0
7205,0.0026950666113173,0.0016100492363551,0,0.12573825,0.0
7206,0.0028575887213316,0.0013788032173732,0,0.14641617,0.0
7207,0.0024138173346859,0.0016727735805854,0,0.16774675,0.0
7208,0.0021939901387921,0.0014682725396932,0,0.20132454,0.0
7209,0.0013870727291113,0.0011160692450133,0,0.22968827,0.0
7210,0.0011458234541343,0.0005039388873023,0,0.19717523,0.0
7211,0.000992305765277,0.0005952209123468,0,0.1301074,0.0
7212,0.0032899348922054,0.0007427776173907,0,0.0,0.0
7213,0.0096530876077385,0.0010893972113145,0,0.0,0.0
7214,0.0119963806800281,0.00093691214486,0,0.0,0.0
7215,0.0090838062206107,0.000706511567563,0,0.0,0.0
7216,0.0063543281364026,0.0008489861551164,0,0.0,0.0
7217,0.0053506435328607,0.0017077841016578,0,0.0,0.0
7218,0.0057032386037997,0.0027749238397569,0,0.0,0.0
7219,0.0053263025298278,0.0037187995602078,0,0.0,0.0
7220,0.0063532804005335,0.0037527966546361,0,0.0,0.0
7221,0.0061603144405339,0.0035885426414176,0,0.0,0.0
7222,0.0067206241940448,0.006090527993291,0,0.0,0.0
7223,0.0078273788313093,0.009066850886145,0,0.0,0.0
7224,0.0077782657055889,0.0106574695999476,0,0.0,0.0
7225,0.0055197062005133,0.0077359885525883,0,0.0,0.0
7226,0.0024423669816779,0.0041885955625636,0,0.0,0.0
7227,0.0023122034065225,0.0014385230945399,0,0.0,0.0
7228,0.0037826541753503,0.000186149084319,0,0.0,0.0
7229,0.0036645153848505,8.487336376541927e-05,0,0.0,0.0
7230,0.0011937852750028,0.0003689741184798,0,0.0,0.0
7231,0.0017545874726081,0.0006966557929116,0,0.0,0.0
7232,0.0023286663130081,0.0011501677316968,0,0.0,0.0
7233,0.0021095182693288,0.0008863667818314,0,0.0,0.0
7234,0.003179779103696,0.0008374053539828,0,0.0,0.0
7235,0.0006743549984578,0.0005711349831168,0,0.0,0.0
7236,0.0011588503931942,0.0004045249671878,0,0.0,0.0
7237,0.0009286949832669,9.171343369433903e-05,0,0.0,0.0
7238,5.360790951886044e-05,0.0001513783700559,0,0.0,0.0
7239,0.0011044092879802,0.0004364747217605,0,0.0,0.0
7240,0.0010020275511587,0.0005816836654975,0,0.0,0.0
7241,0.0018252228535144,0.0007703944760172,0,0.0,0.0
7242,0.0006759801249531,0.0008962084137127,0,0.0,0.0
7243,0.0008686974096989,0.0008687199495911,0,0.0,0.0
7244,0.0010865806936047,0.001016907797695,0,0.0,0.0
7245,0.0033431554949517,0.0006548794792887,0,0.0,0.0
7246,0.002894030741904,0.0003782889861613,0,0.0,0.0
7247,0.0009687267490893,0.000475555298294,0,0.0,0.0
7248,0.0028132373472392,0.0005378550115876,0,0.0,0.0
7249,0.0034074658397618,0.0001937906647315,0,0.0,0.0
7250,0.0056179507260201,0.0006506457527985,0,0.0,0.0
7251,0.0077691903524703,0.001494507646234,0,0.0,0.0
7252,0.0055857560688614,0.0024886719970076,0,0.0,0.0
7253,0.0066973734738805,0.0025887960573861,0,0.0,0.0
7254,0.0064002308542882,0.0035331481981514,0,0.0,0.0
7255,0.0054093649750322,0.0045598610417367,0,0.0,0.0
7256,0.0071731579346575,0.00489957819193,0,0.0,0.0
7257,0.0072565948364332,0.0062082694408252,0,0.0,0.0
7258,0.0057235266551929,0.0069082943252214,0,0.0,0.0
7259,0.0051429729682973,0.0059067154420672,0,0.0,0.0
7260,0.0051316894382039,0.0049588113762093,0,0.0,0.0
7261,0.0057709093005249,0.0042590920737151,0,0.0,0.0
7262,0.0058220532891745,0.0055010303600573,0,0.0,0.0
7263,0.0052814134683672,0.0064715077005281,0,0.0,0.0
7264,0.0063515538783064,0.0054140371273467,0,0.0,0.0
7265,0.0067120389306497,0.0060258687975512,0,0.0,0.0
7266,0.0071109634213392,0.006689295765109,0,0.0,0.0
7267,0.0076752885920884,0.0072990976164968,0,0.0,0.0
7268,0.0069518902475356,0.006532187918341,0,0.0,0.0
7269,0.0062135230397122,0.0062385761596367,0,0.0,0.0
7270,0.0058834443708844,0.0060153314956756,0,0.0,0.0
7271,0.0051086772599507,0.0055157177989718,0,0.0,0.0
7272,0.0048380896717601,0.0060387974984242,0,0.0,0.0
7273,0.0047188605519511,0.005288780211482,0,0.0,0.0
7274,0.0042959712747651,0.0045267474124548,0,0.0,0.0
7275,0.0042017875326393,0.0032339667988518,0,0.0,0.0
7276,0.0029510500873218,0.0018795567721407,0,0.0,0.0
7277,0.0036625701398893,0.0015744493227304,0,0.0,0.0
7278,0.0062711177388639,0.0015137091901119,0,0.0,0.0
7279,0.0040936847631939,0.0018605064876554,0,0.0,0.0
7280,0.0011702307755071,0.001627159218229,0,0.0,0.0
7281,0.0002180965756041,0.0010046648854302,0,0.0,0.0
7282,7.386746941574602e-05,0.0001494862600825,0,0.0,0.0
7283,0.0005706521991352,0.0014754284482359,0,0.0,0.0
7284,0.0023998480172817,0.0018593060527023,0,0.0,0.0
7285,0.0013067906780438,0.000920930854624,0,0.0,0.0
7286,0.0006456430152042,0.000692758106025,0,0.0,0.0
7287,0.0030399482797963,0.0011105509520023,0,0.0,0.0
7288,0.0039619823312686,0.0012301835124585,0,0.0,0.0
7289,0.0025044341663648,0.0009936038407853,0,0.0,0.0
7290,0.0016438219933967,0.0006194280770031,0,0.0,0.0
7291,1.2112226686833318e-05,0.0002149801241759,0,0.0,0.0
7292,0.0019345164141263,0.0002171016180361,0,0.0,0.0
7293,0.0024945419115153,0.0004084242806361,0,0.0,0.0
7294,0.0009601278555637,0.0003540754681839,0,0.0,0.0
7295,0.0011520492478345,0.0002459953707203,0,0.0,0.0
7296,0.0014008063457679,0.0003922315801848,0,0.0,0.0
7297,0.0007139717114937,0.0004026676175113,0,0.0,0.0
7298,0.0005697190477847,0.0001773254787491,0,0.0,0.0
7299,0.000334848536373,0.0002231950465869,0,0.0,0.0
7300,0.0004292183745976,0.0003532987448785,0,0.0,0.0
7301,6.594745123072649e-05,8.954551583151114e-05,0,0.0,0.0
7302,0.0001731776534692,5.607442278946717e-05,0,0.0,0.0
7303,0.0001520765923748,9.787680723449494e-05,0,0.0,0.0
7304,0.0001045730845376,8.599276780239793e-05,0,0.0,0.0
7305,6.037085648267534e-05,6.070454432988396e-05,0,0.0,0.0
7306,0.0002137737140049,7.650943340876567e-05,0,0.0,0.0
7307,4.794644119123707e-05,4.272999403396672e-05,0,0.0,0.0
7308,3.1080713042603336e-05,1.2371567481493572e-05,0,0.0,0.0
7309,8.117120988673336e-05,2.7784705457575484e-05,0,0.0,0.0
7310,0.0002155085719729,5.348899245791684e-05,0,0.0,0.0
7311,0.000376281745774,0.0001703775796791,0,0.0,0.0
7312,0.0007593180903238,0.0004348937719196,0,0.0,0.0
7313,0.0019540343546731,0.0008583101747767,0,0.0,0.0
7314,0.002453845955946,0.0005906974261185,0,0.0,0.0
7315,0.0013867743839581,0.0009288892094314,0,0.0,0.0
7316,0.0013308731140912,0.000719781169953,0,0.0,0.0
7317,0.0013549762687679,0.0005155506200947,0,0.0,0.0
7318,0.0010435099735865,0.000718170244876,0,0.0,0.0
7319,0.0006327943779717,0.0006264961706778,0,0.0,0.0
7320,0.001667966942913,0.0007186381778019,0,0.0,0.0
7321,0.0020515191969606,0.0009157469094987,0,0.0,0.0
7322,0.0025576647241927,0.0010707491150341,0,0.0,0.0
7323,0.0010533848615896,0.0009073023561565,0,0.0,0.0
7324,0.0003601123027339,0.0003016917533941,0,0.0,0.0
7325,0.0008523236548587,2.229652239154344e-05,0,0.0,0.0
7326,0.0010191132086971,0.0002563359680828,0,0.0,0.0
7327,0.0020701719176919,0.0002167166498135,0,0.0,0.0
7328,0.0024253715534066,0.0001703432549322,0,0.0,0.0
7329,0.0015712724509991,0.000154921710432,0,0.0,0.0
7330,0.0015624273769037,0.0004045906721076,0,0.0,0.0
7331,0.0002267410671927,0.0007607445075555,0,0.0,0.0
7332,0.0006215682306613,0.0006499429090931,0,0.0,0.0
7333,0.0004624891411097,0.0001258977659488,0,0.0,0.0
7334,0.0001394645848965,2.030734532825286e-05,0,0.0,0.0
7335,0.0003823064953455,7.492695394587766e-05,0,0.0,0.0
7336,0.0004401350379207,3.939486384786181e-05,0,0.0,0.0
7337,0.0003305897957224,1.698283770278622e-05,0,0.0,0.0
7338,0.0003180933245977,4.802827725047487e-05,0,0.0,0.0
7339,0.0003569491924651,4.2894609557375664e-05,0,0.0,0.0
7340,0.0004436204476738,3.86781016123575e-05,0,0.0,0.0
7341,0.0014872275469681,9.742002660986108e-05,0,0.0,0.0
7342,0.0032902191234317,0.000621187874997,0,0.0,0.0
7343,0.0062684607694185,0.0010625517491682,0,0.0,0.0
7344,0.0062934297305647,0.0008758738494892,0,0.0,0.0
7345,0.0027688287348529,0.0003500115212822,0,0.0,0.0
7346,0.0041576176524743,0.0001221977424825,0,0.0,0.0
7347,0.0059460282757951,0.0003231609239964,0,0.0,0.0
7348,0.007452598302051,0.0002008053786428,0,0.0,0.0
7349,0.0068405984483957,0.0001849589344618,0,0.0,0.0
7350,0.0052801700713722,0.0007204670196961,0,0.0,0.0
7351,0.0036314510218969,0.0002820165707693,0,0.0,0.0
7352,0.0021004878017058,0.0002189306042829,0,0.0,0.0
7353,0.0025078753096521,0.000395935662525,0,0.0,0.0
7354,0.0035641418363583,0.000260847017286,0,0.0,0.0
7355,0.0022038362770864,0.0002527117004089,0,0.0,0.0
7356,0.0035375040173584,0.0003871446088149,0,0.0,0.0
7357,0.0039524607048019,0.0002949985446071,0,0.0,0.0
7358,0.0023774654417212,0.0005492216389858,0,0.0,0.0
7359,0.0011888209944913,0.0004987978482253,0,0.0,0.0
7360,0.0003383196634776,0.0004062379547905,0,0.0,0.0
7361,0.0003495866107708,0.0002423129494384,0,0.0,0.0
7362,0.0007493084721527,0.0001030205205552,0,0.0,0.0
7363,0.0007076880016,9.56908274550055e-05,0,0.0,0.0
7364,0.0006630225540241,0.000181790879117,0,0.0,0.0
7365,0.0006318295887185,0.0002618006504207,0,0.0,0.0
7366,0.0008614574013805,0.0002256407398608,0,0.0,0.0
7367,0.001747083259178,0.0001725152327303,0,0.0,0.0
7368,0.0023001984664622,0.0001965816767124,0,0.0,0.0
7369,0.0009997882850735,0.0001625229506211,0,0.0,0.0
7370,0.0011534139440396,0.0004275102957351,0,0.0,0.0
7371,0.0014140416169964,0.0004713803283279,0,0.0,0.0
7372,0.0018894919061484,0.0006174206964013,0,0.0,0.0
7373,0.0049064986445284,0.0003390864264002,0,0.0,0.0
7374,0.0071339482721462,0.0002280478608641,0,0.0,0.0
7375,0.0058031747415701,0.0010373266617461,0,0.0,0.0
7376,0.0023853976858805,0.0009594271410024,0,0.0,0.0
7377,0.001679890950294,0.0004023675508651,0,0.0,0.0
7378,0.004201976352298,0.0003850930496992,0,0.0,0.0
7379,0.0032046232358713,0.0005036119824734,0,0.0,0.0
7380,0.0006257047780991,0.0004850976310107,0,0.0,0.0
7381,0.0003817832022661,0.000953221283021,0,0.0,0.0
7382,0.0019616167227053,0.0014334291303734,0,0.0,0.0
7383,0.002215019912543,0.0021576152296078,0,0.0,0.0
7384,0.000654965589415,0.0016362827475852,0,0.0,0.0
7385,0.0006351074153177,0.0005279259649588,0,0.0,0.0
7386,0.0001663047897216,3.825346618428589e-05,0,0.0,0.0
7387,0.0001575328739466,9.593676359935924e-05,0,0.0,0.0
7388,0.0001293589456071,6.842490096948169e-05,0,0.0,0.0
7389,0.0012156682255509,0.0006044184299955,0,0.0,0.0
7390,0.0031548845112338,0.0012800519409427,0,0.0,0.0
7391,0.0026906045294297,0.0015283005471377,0,0.0,0.0
7392,0.0017534587602352,0.001688391126647,0,0.0,0.0
7393,0.001088154192898,0.0009820956913857,0,0.0,0.0
7394,5.495779562383624e-05,0.0011252495419141,0,0.0,0.0
7395,0.0015439286568845,0.0008992499168623,0,0.0,0.0
7396,0.0049902240898268,0.0013450226664488,0,0.0,0.0
7397,0.0064461871198003,0.0016820819173234,0,0.0,0.0
7398,0.004253094690502,0.0008342557887438,0,0.0,0.0
7399,0.0032502070112758,0.0008801157854693,0,0.0,0.0
7400,0.0038081754025915,0.0017108858769666,0,0.0,0.0
7401,0.0041057096515971,0.0021868025560376,0,0.0,0.0
7402,0.0048313832537961,0.0020952659637992,0,0.0,0.0
7403,0.006567505978365,0.0010390764952571,0,0.0,0.0
7404,0.0065890823214632,0.0005752833273283,0,0.0,0.0
7405,0.0051798145342879,0.0005366493477252,0,0.0,0.0
7406,0.004534900803099,0.0006322777791677,0,0.0,0.0
7407,0.0029655566464608,0.0010727159056693,0,0.0,0.0
7408,0.0014774152639327,0.0010413972354324,0,0.0,0.0
7409,0.0011498445208553,0.0009255114468131,0,0.0,0.0
7410,0.0015207369127286,0.0004167542426762,0,0.0,0.0
7411,0.002007848507631,0.0014340354714857,0,0.0,0.0
7412,0.0030111953157232,0.0019758499876153,0,0.0,0.0
7413,0.0021327159940629,0.0015481797018817,0,0.0,0.0
7414,0.0012478448721326,0.0013046405656557,0,0.0,0.0
7415,0.0009611102607767,0.0018169024596597,0,0.0,0.0
7416,0.0011297357137596,0.0007722310380219,0,0.0,0.0
7417,0.0009737311480817,0.000332989329357,0,0.0,0.0
7418,0.0023856528029307,5.555694752864893e-05,0,0.0,0.0
7419,0.0029095989799616,0.0001119736515763,0,0.0,0.0
7420,0.0014036954660186,8.881267223926309e-05,0,0.0,0.0
7421,0.0018063295786975,0.0004841830372638,0,0.0,0.0
7422,0.0021106078357573,0.0009284011003761,0,0.0,0.0
7423,0.0014595101085911,0.0007451542253084,0,0.0,0.0
7424,0.0022499968325991,0.0008389131073091,0,0.0,0.0
7425,0.0033259011170658,0.0004418717879591,0,0.0,0.0
7426,0.0025257512274098,0.001194118820285,0,0.0,0.0
7427,0.0015850592724015,0.0002457685378785,0,0.0,0.0
7428,0.0011860885717053,0.0005951254231733,0,0.0,0.0
7429,0.001930010449386,0.0004529115394885,0,0.0,0.0
7430,0.001853350395756,0.0002426665704206,0,0.0,0.0
7431,0.0005025882660253,0.0004611725081687,0,0.0,0.0
7432,0.0007212784952208,0.0008022013588607,0,0.0,0.0
7433,0.0003851051899844,0.0004822754783248,0,0.0,0.0
7434,0.0002382325905465,0.000389890240321,0,0.0,0.0
7435,6.900126601385e-05,0.0001862564972191,0,0.0,0.0
7436,0.0002438480964703,0.0003466714975923,0,0.0,0.0
7437,0.0011776570975344,0.000394057419128,0,0.0,0.0
7438,0.0016313550050931,4.0879472183259966e-05,0,0.0,0.0
7439,0.0009850671568483,0.0004093792207179,0,0.0,0.0
7440,0.0017390918016887,0.000566955950752,0,0.0,0.0
7441,0.0022295922447699,0.0004993483264679,0,0.0,0.0
7442,0.0022140642112591,0.0002278320035506,0,0.0,0.0
7443,0.0030531374949055,0.0001416674099452,0,0.0,0.0
7444,0.0019379195690596,0.0001425615890563,0,0.0,0.0
7445,0.0009665510455865,0.0003591090361408,0,0.0,0.0
7446,0.0001924929880238,0.0002136208288326,0,0.0,0.0
7447,0.0005510997313699,0.0003686284542374,0,0.0,0.0
7448,0.0013418977042985,0.0007388345971026,0,0.0,0.0
7449,0.0011722905038273,0.0005577511754055,0,0.0,0.0
7450,0.000831236370031,0.0007676508790718,0,0.0,0.0
7451,0.0012619751981921,0.0010513438477534,0,0.0,0.0
7452,0.0009952102121672,0.0004741006779834,0,0.0,0.0
7453,0.0001876743127928,0.0002494957047224,0,0.0,0.0
7454,0.0001281864665047,0.000145140515771,0,0.0,0.0
7455,0.0002821872643475,6.545815064618754e-05,0,0.0,0.0
7456,0.0004405635078107,4.103338444514334e-05,0,0.0,0.0
7457,0.0005217663237481,4.187610445858098e-05,0,0.0,0.0
7458,0.0003141576853285,0.0002071967664306,0,0.0,0.0
7459,0.0001904269969081,4.958458359435013e-05,0,0.0,0.0
7460,6.692767805866213e-05,5.753811606533994e-05,0,0.0,0.0
7461,3.898081535016598e-05,8.14699457493781e-05,0,0.0,0.0
7462,7.410343273823943e-05,7.223479820997769e-05,0,0.0,0.0
7463,7.52694724230837e-05,1.2363017315546674e-05,0,0.0,0.0
7464,0.0001990199203343,1.6766478748980697e-05,0,0.0,0.0
7465,5.211978819844191e-05,2.11717524154376e-05,0,0.0,0.0
7466,2.0786225535458823e-05,2.0749822699951248e-06,0,0.0,0.0
7467,6.938002208791042e-05,1.858572461243612e-05,1,0.0,0.0
7468,7.599498006125819e-05,9.75817514056908e-06,1,0.0,0.0
7469,0.0001134861764388,2.418616259245865e-05,1,0.0,0.0
7470,8.422157763599244e-05,4.490433812149731e-05,0,0.0,0.0
7471,3.215888939386209e-05,1.712505175398687e-05,0,0.0,0.0
7472,3.277409703055337e-06,2.6014475399597796e-05,0,0.0,0.0
7473,3.2299983867256786e-05,1.3039502315922796e-05,0,0.0,0.0
7474,5.701623342650551e-05,8.843754091224343e-05,0,0.0,0.0
7475,4.098343524252585e-05,6.388309711372585e-05,0,0.0,0.0
7476,8.825857647650668e-05,1.597566649903623e-05,0,0.0,0.0
7477,6.715586751625289e-05,4.1442572876969015e-05,0,0.0,0.0
7478,4.4116057354661896e-05,1.6928671373588852e-05,0,0.0,0.0
7479,0.0001130099109085,1.2475128355999886e-05,0,0.0,0.0
7480,7.938674917170261e-05,3.5647993147605854e-05,0,0.0,0.0
7481,4.5217455452812486e-05,3.757950923991555e-05,0,0.0,0.0
7482,0.0002332144688714,7.7583743054804e-05,0,0.0,0.0
7483,0.0008664166321142,0.0002975511305927,0,0.0,0.0
7484,0.0028550213449711,0.000969653021143,0,0.0,0.0
7485,0.0019475042301004,0.0011733420242013,0,0.0,0.0
7486,0.0016542203773864,0.0006568514094373,0,0.0,0.0
7487,0.0014542492028182,0.001056216859565,0,0.0,0.0
7488,0.0008941540811527,0.0012014435456075,0,0.0,0.0
7489,0.0013632980928004,0.0007781855734702,0,0.0,0.0
7490,0.001747331221652,0.0003282131000938,0,0.0,0.0
7491,0.0009431015571737,0.0005375018648941,0,0.0,0.0
7492,0.0007464131414262,0.0004939670057167,0,0.0,0.0
7493,0.0021451632211666,0.0007307988782999,0,0.0,0.0
7494,0.0034901079172292,0.0008235152545919,0,0.0,0.0
7495,0.003339710265156,0.0007088936887905,0,0.0,0.0
7496,0.0030585980475305,0.0004838250118029,0,0.0,0.0
7497,0.0032552222991588,0.0004323286357447,0,0.0,0.0
7498,0.001073557995409,0.0003491329330233,0,0.0,0.0
7499,0.0002295089426261,2.165773302950424e-05,0,0.0,0.0
7500,0.0006204485488796,0.0002833461844926,0,0.0,0.0
7501,0.000454018724429,0.0003100517299927,0,0.0,0.0
7502,0.0007210044776023,0.000380827861952,0,0.0,0.0
7503,0.0014975318771899,0.0002646715208353,0,0.0,0.0
7504,0.0020447831418193,0.0003811543599942,0,0.0,0.0
7505,0.0023656657025635,0.0005161024408534,0,0.0,0.0
7506,0.0017180579278099,0.0008825024006662,0,0.0,0.0
7507,0.0023536948543053,0.0009010908380054,0,0.0,0.0
7508,0.0039522688674864,0.001089954138032,0,0.0,0.0
7509,0.0038653591269424,0.0009432886086457,0,0.0,0.0
7510,0.0023375367145363,0.000931258924194,0,0.0,0.0
7511,0.0016345062751784,0.0009341165045171,0,0.0,0.0
7512,0.0019112743670864,0.0008798010383429,0,0.0,0.0
7513,0.0013601593318038,0.001360671733635,0,0.0,0.0
7514,0.000621461504068,0.0016928992460981,0,0.0,0.0
7515,0.0007603377617963,0.0011090566980584,0,0.0,0.0
7516,0.0020775635949959,0.0014133594977891,0,0.0,0.0
7517,0.0029122890385555,0.0014175745939899,0,0.0,0.0
7518,0.0031631331651893,0.0013812943000274,0,0.0,0.0
7519,0.0016536259261608,0.0008901254744514,0,0.0,0.0
7520,0.0005648703222939,0.0003056546962785,0,0.0,0.0
7521,0.0002644409080097,0.0001636283942053,0,0.0,0.0
7522,0.000276560741182,0.0001241614952188,0,0.0,0.0
7523,2.24068958501464e-05,0.0002870849185513,0,0.0,0.0
7524,0.0002251993595533,0.0001488195859547,0,0.0,0.0
7525,0.0003208264591822,4.9703420744937576e-05,0,0.0,0.0
7526,0.0001672214084518,0.0002003465016738,0,0.0,0.0
7527,0.0004040160936133,0.0002157209332524,0,0.0,0.0
7528,0.0004373948270409,3.9666400278460994e-05,0,0.0,0.0
7529,0.0001031611535859,8.926344964440945e-05,0,0.0,0.0
7530,8.478969141202243e-05,5.151027362114921e-05,0,0.0,0.0
7531,0.000276397951232,0.000206187341225,0,0.0,0.0
7532,9.261858426609804e-05,6.752062538702922e-05,0,0.0,0.0
7533,3.308690940627283e-05,4.092038279391653e-05,0,0.0,0.0
7534,0.0001112366576768,7.840862266815388e-05,0,0.0,0.0
7535,4.448230509452041e-05,3.295976232820685e-05,0,0.0,0.0
7536,0.0001097689188389,8.835556122680663e-06,0,0.0,0.0
7537,2.57707203482373e-05,7.122047704943167e-06,0,0.0,0.0
7538,1.5227049919083515e-05,1.437922224897689e-05,0,0.0,0.0
7539,2.990430430625656e-05,7.304047220067108e-06,0,0.0,0.0
7540,6.245430097162139e-05,2.186860364953494e-05,0,0.0,0.0
7541,8.05651396750902e-05,4.531999984959059e-05,0,0.0,0.0
7542,2.160975263629622e-05,2.1078211363793008e-05,0,0.0,0.0
7543,6.07167761172006e-06,4.625241478792007e-05,0,0.0,0.0
7544,1.5368588375862953e-05,2.962629950334529e-05,0,0.0,0.0
7545,1.5812836824116827e-05,1.2329112997201368e-05,0,0.0,0.0
7546,9.552306231187722e-05,1.2116087779470825e-05,0,0.0,0.0
7547,0.000473780827934,0.000128076722529,0,0.0,0.0
7548,0.0017372414183999,0.0006256396223844,0,0.0,0.0
7549,0.001676168570125,0.0011201830369967,0,0.0,0.0
7550,0.0028817342986902,0.001554293991722,0,0.0,0.0
7551,0.0037395874981719,0.0019881266008189,0,0.0,0.0
7552,0.0029484762184665,0.0015615182262538,0,0.0,0.0
7553,0.0029454368453084,0.0015752763170219,0,0.0,0.0
7554,0.0026351395982071,0.0015177166653225,0,0.0,0.0
7555,0.0013723892744255,0.0012730819250848,0,0.0,0.0
7556,0.0011240653798234,0.0008982456398542,0,0.0,0.0
7557,0.0003483626262724,0.0006657521774904,0,0.0,0.0
7558,0.0003630303425947,0.0005066736898698,0,0.0,0.0
7559,0.0002570255778597,0.0005126909006011,0,0.0,0.0
7560,9.424843816423142e-05,0.0007173038983248,0,0.0,0.0
7561,0.0006434786277163,0.0004710766552358,0,0.0,0.0
7562,0.002508585829702,0.0007749285206208,0,0.0,0.0
7563,0.0026915070859485,0.0006963367402976,0,0.0,0.0
7564,0.001922142541014,0.0010210620254368,0,0.0,0.0
7565,0.0027081175127829,0.0005371432395073,0,0.0,0.0
7566,0.0045442822460395,0.0004900083228546,0,0.0,0.0
7567,0.0065125058162613,0.0002044389163594,0,0.0,0.0
7568,0.0063904891993256,0.0012744877909707,0,0.0,0.0
7569,0.0042883462930678,0.0013003335378962,0,0.0,0.0
7570,0.0025860619211779,0.0009114312103556,0,0.0,0.0
7571,0.0036678643094722,0.0013443732828664,0,0.0,0.0
7572,0.0039794079815701,0.0013834036653878,0,0.0,0.0
7573,0.0049839449269409,0.0007115301394512,0,0.0,0.0
7574,0.0063044461010436,0.0010610726267068,0,0.0,0.0
7575,0.0059698555579399,0.0016194904765228,0,0.0,0.0
7576,0.0054076359601656,0.0024271163610328,0,0.0,0.0
7577,0.0049034127428726,0.0029193542482028,0,0.0,0.0
7578,0.0038820200292675,0.0023075720691534,0,0.0,0.0
7579,0.0024845298194151,0.0027854533604073,0,0.0,0.0
7580,0.0025742816319719,0.0019723426845385,0,0.0,0.0
7581,0.0026935775254707,0.0010797473424859,0,0.0,0.0
7582,0.0021341138325933,0.0010673133725162,0,0.0,0.0
7583,0.0015130322138314,0.0014970991843071,0,0.0,0.0
7584,0.0016842073279012,0.0010595127807251,0,0.0,0.0
7585,0.0023647425459356,0.0011591313087227,0,0.0,0.0
7586,0.0016765771156305,0.0022901607041792,0,0.0,0.0
7587,0.0027831895405423,0.001358162585538,0,0.0,0.0
7588,0.0027973945555251,0.0004799829008017,0,0.0,0.0
7589,0.0018441130125562,0.0013806956251524,0,0.0,0.0
7590,0.0018908322578803,0.0010984113324505,0,0.0,0.0
7591,0.0010507826776912,0.0009935967403472,0,0.0,0.0
7592,0.000563335553988,0.0013718149571009,0,0.0,0.0
7593,0.0016440995406231,0.0024235348539153,0,0.0,0.0
7594,0.0026934879859478,0.0021257256203548,0,0.0,0.0
7595,0.0027059121707168,0.0008589496768641,0,0.0,0.0
7596,0.0019269008409277,0.0003181113219015,0,0.0,0.0
7597,0.002520133825326,0.0002183938062359,0,0.0,0.0
7598,0.0045143657399239,0.0010229279899881,0,0.0,0.0
7599,0.0031169074912168,0.0017462305890154,0,0.0,0.0
7600,0.0049245426746515,0.0030919246289706,0,0.0,0.0
7601,0.0070783038826954,0.0030124325286218,0,0.0,0.0
7602,0.0076085279371731,0.0018607793001059,0,0.0,0.0
7603,0.0056204645558641,0.0003206238012362,0,0.0,0.0
7604,0.0038396848163815,0.0005212392808225,0,0.0,0.0
7605,0.0033032567968439,0.0005178070252843,0,0.0,0.0
7606,0.0021339385320717,0.0004096226512309,0,0.0,0.0
7607,0.0022688828471528,8.429678791024976e-05,0,0.0,0.0
7608,0.0005576133881269,0.0001453876045244,0,0.0,0.0
7609,0.000358001705735,0.0004428166064415,0,0.0,0.0
7610,0.0002391694127187,0.0004933967606422,0,0.0,0.0
7611,0.0009807817277519,0.000283732090807,0,0.0,0.0
7612,0.0017300549818403,0.0002628820262159,0,0.0,0.0
7613,0.0006333549211024,0.0003555793701041,0,0.0,0.0
7614,0.0004020413806806,0.0001982079583729,0,0.0,0.0
7615,0.0004056419007435,0.0002733478777724,0,0.0,0.0
7616,0.0018397643460402,0.0003174039033603,0,0.0,0.0
7617,0.0012608427248559,0.0003128614869007,0,0.0,0.0
7618,0.0017040587769927,0.0004034134946191,0,0.0,0.0
7619,0.0049288622109563,0.000278198916848,0,0.0,0.0
7620,0.0047168221086089,0.0004303792171563,0,0.0,0.0
7621,0.0037864228298876,0.0002614187462388,0,0.0,0.0
7622,0.0014861835222576,0.0003357519359441,0,0.0,0.0
7623,0.001034696857982,0.0004205504731988,0,0.0,0.0
7624,0.0006869162827863,0.0005918796103835,0,0.0,0.0
7625,0.0006719040646026,0.0001397443526856,0,0.0,0.0
7626,0.0002437091622109,0.0001190016161401,0,0.0,0.0
7627,0.0001522345254539,0.0001970517105431,0,0.0,0.0
7628,0.0004575060228262,7.892856021947195e-05,0,0.0,0.0
7629,0.0003022987627822,3.357753655728222e-05,0,0.0,0.0
7630,0.0003930529775005,9.320308422043818e-05,0,0.0,0.0
7631,8.633399449397059e-05,0.0002398728410778,0,0.0,0.0
7632,2.0423592102086e-05,0.0002571040116317,0,0.0,0.0
7633,8.190660191933157e-05,3.905612976712431e-05,0,0.0,0.0
7634,7.304405560313851e-05,8.039878674232247e-05,0,0.0,0.0
7635,0.0001480009399917,6.795051856881222e-05,0,0.0,0.0
7636,0.0002247844566366,6.081677005834871e-05,0,0.0,0.0
7637,0.0001606590668372,0.0001131404459212,0,0.0,0.0
7638,6.055050829474023e-05,7.535940990660698e-05,0,0.0,0.0
7639,3.0018375817328327e-05,1.6151924530809076e-05,0,0.0,0.0
7640,5.118018092501233e-05,2.0296759787438284e-05,0,0.0,0.0
7641,2.074367781472603e-05,0.0001066246730702,0,0.0,0.0
7642,8.69759457048755e-05,0.0001807209161744,0,0.0,0.0
7643,0.0006710530488265,0.0002052437347245,0,0.0,0.0
7644,0.0024075055109075,0.0005755836687001,0,0.0,0.0
7645,0.0030144206282338,0.0006017937224081,0,0.0,0.0
7646,0.0009101050551461,0.0003054616030335,0,0.0,0.0
7647,0.0003154633381887,0.0005534852486528,0,0.0,0.0
7648,0.0005468802002445,0.0002634399200352,0,0.0,0.0
7649,0.0018187992192249,0.0005372916529937,0,0.0,0.0
7650,0.0023625754650776,0.0004455210058462,0,0.0,0.0
7651,0.0029240577495774,0.0004876418398804,0,0.0,0.0
7652,0.0038680847475071,0.000225768780565,0,0.0,0.0
7653,0.0038815690044093,0.0001328173339161,0,0.0,0.0
7654,0.0031579543589163,9.434921188575028e-05,0,0.0,0.0
7655,0.0024875325499862,0.0001704994481542,0,0.0,0.0
7656,0.0023443859271259,0.0005345206758908,0,0.0,0.0
7657,0.0026325973400258,0.0007856681927456,0,0.0,0.0
7658,0.0023608009396314,0.0004584554886476,0,0.0,0.0
7659,0.001774979480997,0.0002830865270239,0,0.0,0.0
7660,0.0020755932848393,0.0004201437253809,0,0.0,0.0
7661,0.001634933936409,0.000982819042424,0,0.0,0.0
7662,0.0005586565696824,0.0003104639515871,0,0.0,0.0
7663,0.0016000499174669,3.461508125601832e-05,0,0.0,0.0
7664,0.0019793694697033,0.0002154090311813,0,0.0,0.0
7665,0.0026346568759288,0.0005910664760794,0,0.0,0.0
7666,0.0008075135769312,0.0007446252923674,0,0.0,0.0
7667,5.55295523242514e-05,0.0010948931084365,0,0.0,0.0
7668,0.0002883155110597,0.0008736301142656,0,0.0,0.0
7669,0.0012726929865295,0.0005283319817579,0,0.0,0.0
7670,0.0023640207397041,0.000575594364727,0,0.0,0.0
7671,0.0017909035311582,0.0011065100517051,0,0.0,0.0
7672,0.0029860947700826,0.0006403367720513,0,0.0,0.0
7673,0.0023529349403321,0.0003830439099517,0,0.0,0.0
7674,0.0020041785507588,0.0004519444924502,0,0.0,0.0
7675,0.002358974841556,0.0010319339477762,0,0.0,0.0
7676,0.0037413464451267,0.0017246119887378,0,0.0,0.0
7677,0.0033100690476581,0.0023414974942068,0,0.0,0.0
7678,0.0010948245830537,0.0017970407842674,0,0.0,0.0
7679,0.0012289241907293,0.0018085940659821,0,0.0,0.0
7680,0.0006503272288357,0.0018947438326218,0,0.0,0.0
7681,0.0007524629063207,0.0014221861897816,0,0.0,0.0
7682,0.0018957909850398,0.0016227657266103,0,0.0,0.0
7683,0.0028568446170793,0.0010933511170305,0,0.0,0.0
7684,0.0024084093511167,0.0020060216340878,0,0.0,0.0
7685,0.004018702422905,0.0019714869163964,0,0.0,0.0
7686,0.0061792379440789,0.0011351442516253,0,0.0,0.0
7687,0.0072075541888956,0.001152207200876,0,0.0,0.0
7688,0.0049233865933496,0.0028006716118618,0,0.0,0.0
7689,0.0033174371195681,0.0029623746125338,0,0.0,0.0
7690,0.0042507579856614,0.0039796187355307,0,0.0,0.0
7691,0.0036730926477696,0.0031380600052516,0,0.0,0.0
7692,0.0034637167599999,0.0020086639346657,0,0.0,0.0
7693,0.0038533082735934,0.0005645291646402,0,0.0,0.0
7694,0.0056715950718555,0.0012537868527208,0,0.0,0.0
7695,0.0041103259047488,0.001497273779764,0,0.0,0.0
7696,0.0024623294038103,0.0009018740682247,0,0.0,0.0
7697,0.0022273117537635,0.0008986810342114,0,0.0,0.0
7698,0.0022582007402307,0.0004616552354227,0,0.0,0.0
7699,0.0023847202099249,0.000809326687708,0,0.0,0.0
7700,0.0041561769009896,0.0019773758497329,0,0.0,0.0
7701,0.0055261592150655,0.0026874854098503,0,0.0,0.0
7702,0.0052999272250961,0.001692059398849,0,0.0,0.0
7703,0.003934588795829,0.0017158858441468,0,0.0,0.0
7704,0.0029005008114833,0.0010624122180576,0,0.0,0.0
7705,0.0015404410795141,0.0007411361504363,0,0.0,0.0
7706,0.0008252682781996,0.0012841449326595,0,0.0,0.0
7707,0.0013177884421051,0.000894937113426,0,0.0,0.0
7708,0.0013393276571269,0.0010602169001419,0,0.0,0.0
7709,0.0011791197291012,0.000802495832453,0,0.0,0.0
7710,0.000644978694154,0.0007117589737994,0,0.0,0.0
7711,0.0007302202134107,0.0013523296104363,0,0.0,0.0
7712,0.0008799631499139,0.0011986987738595,0,0.0,0.0
7713,0.0004686849388047,0.0011352632463835,0,0.0,0.0
7714,0.0011467959714001,0.0011608752345411,0,0.0,0.0
7715,0.0019884886677974,0.0008675304360632,0,0.0,0.0
7716,0.001525709366947,0.0009266332079887,0,0.0,0.0
7717,0.0014876604525362,0.0015151224963828,0,0.0,0.0
7718,0.0013435656764828,0.0015135321542571,0,0.0,0.0
7719,0.001690475634788,0.0016249369057633,0,0.0,0.0
7720,0.0011709907045628,0.0014028880769441,0,0.0,0.0
7721,0.0002515788142444,0.001650484857577,0,0.0,0.0
7722,0.0007558247576557,0.0011659568708107,0,0.0,0.0
7723,0.0012364623484666,0.0004830900382481,0,0.0,0.0
7724,0.0005157353035985,0.0003154416729779,0,0.0,0.0
7725,0.0009021628257843,0.0001953066625631,0,0.0,0.0
7726,0.0003390046613028,0.0003663303121544,0,0.0,0.0
7727,0.000313751803797,8.990763358728379e-05,0,0.0,0.0
7728,0.0002005049148028,0.0001378265219095,0,0.0,0.0
7729,0.0012463546095674,0.0003728249229841,0,0.0,0.0
7730,0.0012058333127862,0.0002521955146086,0,0.0,0.0
7731,0.0007193881710515,0.0001672623646462,0,0.0,0.0
7732,0.0006789844695237,0.0005625812846264,0,0.0,0.0
7733,0.0008401952036255,0.0005448735494241,0,0.0,0.0
7734,0.0005115093585987,0.0001673628295351,0,0.0,0.0
7735,0.0001847127186219,0.000112855412745,0,0.0,0.0
7736,0.0012981980532193,0.0004282637946619,0,0.0,0.0
7737,0.0018263656416759,9.063592289536762e-05,0,0.0,0.0
7738,0.0014712960811215,0.0001193767039123,0,0.0,0.0
7739,0.00103402905473,5.765015981714166e-05,0,0.0,0.0
7740,0.0002431592866727,0.0001848854186752,0,0.0,0.0
7741,0.0003086295193993,0.0002696047023333,0,0.0,0.0
7742,0.00030026830351,4.98154837405397e-05,0,0.0,0.0
7743,0.0003115168479627,0.0005342439883481,0,0.0,0.0
7744,0.0004426729532959,0.0007387438258101,0,0.0,0.0
7745,0.0006922329232729,0.0003161080601278,0,0.0,0.0
7746,0.0015924743393325,0.0002247814962626,0,0.0,0.0
7747,0.0017495840581794,0.0003441557468583,0,0.0,0.0
7748,0.00030989700241,0.0003941320886678,0,0.0,0.0
7749,0.0007323002287701,0.0002792755845293,0,0.0,0.0
7750,0.0014096422134195,0.0002365462100766,0,0.0,0.0
7751,0.0007283613611086,0.0002419647132251,0,0.0,0.0
7752,0.0002621278990184,0.000420791203449,0,0.0,0.0
7753,0.0003272051640576,0.0005675517085403,0,0.0,0.0
7754,0.0002387705677092,0.0007053751300717,0,0.0,0.0
7755,0.0014300197891582,0.0007605099459434,0,0.0,0.0
7756,0.0021415805222102,0.0009931807614744,0,0.0,0.0
7757,0.0024057580481577,0.000650554842232,0,0.0,0.0
7758,0.0012816883965185,0.0007123379878997,0,0.0,0.0
7759,0.0011104926019842,0.0002441048863212,0,0.0,0.0
7760,0.0001965337369829,0.0002883238763153,0,0.0,0.0
7761,0.0008365333527874,9.62154717550206e-05,0,0.0,0.0
7762,0.0020039184436293,9.367545731611508e-05,0,0.0,0.0
7763,0.0007741956525401,0.0003530039475884,0,0.0,0.0
7764,0.0003071495742123,0.0001295887217814,0,0.0,0.0
7765,0.001603224155266,0.0001503241113151,0,0.0,0.0
7766,0.0013047002119945,0.0006869913954816,0,0.0,0.0
7767,0.000496980034246,0.0004303833566681,0,0.0,0.0
7768,0.0028583599027463,0.0005493905697625,0,0.0,0.0
7769,0.0019465050304652,0.0005880029158513,0,0.0,0.0
7770,0.000655653396708,0.0002690635968231,0,0.0,0.0
7771,0.0011124209138755,0.0003035328168356,0,0.0,0.0
7772,0.0012348198377256,0.000181815864513,0,0.0,0.0
7773,0.0025170534969638,8.090875685553807e-05,0,0.0,0.0
7774,0.0033697657238328,8.003085814544718e-05,0,0.0,0.0
7775,0.0028694159426104,3.737966380133407e-05,0,0.0,0.0
7776,0.0030506130395267,0.0001073585022578,0,0.0,0.0
7777,0.0030006946178826,0.0005128112467056,0,0.0,0.0
7778,0.0015943980136581,0.0005879205533322,0,0.0,0.0
7779,0.0018891538636777,0.00038076635813,0,0.0,0.0
7780,0.0014973858974884,0.0002198066621412,0,0.0,0.0
7781,0.0009903856226964,0.0006326486350558,0,0.0,0.0
7782,0.0018276530795947,0.0011680512887827,0,0.0,0.0
7783,0.0012587055211022,0.0005762679404753,0,0.0,0.0
7784,0.0002490885869879,0.0003945288244947,0,0.0,0.0
7785,0.001077925212755,0.0005841475787093,0,0.0,0.0
7786,0.0046332401744867,0.001320895198872,0,0.0,0.0
7787,0.0049167536852028,0.0016003892006918,0,0.0,0.0
7788,0.0031938040110928,0.0012183480767741,0,0.0,0.0
7789,0.003088406509537,0.0008262632555549,0,0.0,0.0
7790,0.001375527297839,0.0009432255267744,0,0.0,0.0
7791,0.0009977270047917,0.0014851293374677,0,0.0,0.0
7792,0.0011036733563248,0.0008913376810232,0,0.0,0.0
7793,0.0010128657477303,0.0007278816976411,0,0.0,0.0
7794,0.0014316707378346,0.0007221028598506,0,0.0,0.0
7795,0.0039663881275064,0.0018286564365859,0,0.0,0.0
7796,0.0060778849808415,0.0022100607765898,0,0.0,0.0
7797,0.0046705367885454,0.0012023038093352,0,0.0,0.0
7798,0.0027473066295662,0.0002443360841827,0,0.0,0.0
7799,0.0007790294409169,0.0005215415343272,0,0.0,0.0
7800,0.0001494522107746,0.0002773944742739,0,0.0,0.0
7801,0.000283533016601,0.0001901825596082,0,0.0,0.0
7802,0.0008140100487423,0.0003150545424024,0,0.0,0.0
7803,0.0014876615951639,0.0006925333241426,0,0.0,0.0
7804,0.0023250883591999,0.0015198658565723,0,0.0,0.0
7805,0.001723044602062,0.0015851512110071,0,0.0,0.0
7806,0.0013759033904979,0.000969813855249,0,0.0,0.0
7807,0.002000890251578,0.0012560638762462,0,0.0,0.0
7808,0.0030218894715729,0.0022000669937716,0,0.0,0.0
7809,0.0031475848662647,0.0022287830580096,0,0.0,0.0
7810,0.0030792411501263,0.0027044768210357,0,0.0,0.0
7811,0.0040994227542473,0.0027544910104731,0,0.0,0.0
7812,0.0038082364619975,0.002737325466083,0,0.0,0.0
7813,0.0029886508773119,0.0029868624855324,0,0.0,0.0
7814,0.0036442483961007,0.0026087649622291,0,0.0,0.0
7815,0.0037851983271289,0.0035496794013833,0,0.0,0.0
7816,0.0033812175337995,0.0039117102303764,0,0.0,0.0
7817,0.0029442580183192,0.0024446886996261,0,0.0,0.10517306
7818,0.0019946582024321,0.0013346670066494,0,0.0,0.1630024
7819,0.0019278523581663,0.0014464053895837,0,0.0,0.24535656
7820,0.001551788870097,0.0025200024174072,0,0.0,0.3588479
7821,0.0017776240137227,0.0024000662202021,0,0.0,0.5421206
7822,0.0034241986529985,0.0024545617078033,0,0.0,0.7809452
7823,0.0037217941861672,0.0026964132235457,0,0.0,0.90071505
7824,0.002762432977891,0.0027283946411205,0,0.0,0.9356245
7825,0.0019001955391153,0.0022356735096201,0,0.0,0.9500722
7826,0.0021522382577968,0.0028390011836272,0,0.0,0.9551563
7827,0.0006965285110422,0.0028271608395532,0,0.0,0.95446885
7828,0.0005075832464652,0.0028308881366875,0,0.0,0.9553217
7829,0.0009877714060219,0.0017958190585851,0,0.0,0.9526944
7830,0.002940486383147,0.0014358249055041,0,0.0,0.93461746
7831,0.004135639823774,0.0020711666690973,0,0.0,0.88071495
7832,0.0039784218817414,0.0022418469645387,0,0.0,0.75461173
7833,0.0035329781560464,0.0019381180470635,0,0.0,0.67589897
7834,0.0004585408398261,0.0002048564617466,0,0.0,0.7133472
7835,0.0019152502257444,0.0008837063134492,0,0.0,0.84574604
7836,0.0026619734781441,0.0007099588428241,0,0.0,0.914486
7837,0.0006834657278495,0.0001514028357414,0,0.0,0.93971133
7838,0.0001304681922544,9.1346626363601e-05,0,0.0,0.95279354
7839,0.0005553228275149,0.0004401251239773,0,0.0,0.9602967
7840,0.0016973749175629,0.0014034238843574,0,0.0,0.96227497
7841,0.0031539498128898,0.0023921216150554,0,0.0,0.96279234
7842,0.0020755524188254,0.002055236817209,0,0.0,0.95938337
7843,0.0012140225299706,0.0023537823878065,0,0.0,0.9367305
7844,0.0021390778452073,0.0025975558209509,0,0.0,0.857581
7845,0.0015424051022548,0.0021252769686806,0,0.0,0.62493795
7846,0.0034723536443055,0.0012236866200767,0,0.0,0.24390413
7847,0.0037158023707725,0.0012310481450997,0,0.0,0.100803
7848,0.0031351443302017,0.0012240285269697,0,0.0,0.0
7849,0.0035728644869929,0.0009258877079274,0,0.0,0.0
7850,0.0020433030948567,0.0012557544255949,0,0.0,0.0
7851,0.0018801059930679,0.001638829357712,0,0.0,0.0
7852,0.0036414098234819,0.0024755412046193,0,0.0,0.0
7853,0.003956579355414,0.003090312065526,0,0.0,0.0
7854,0.0037718012045073,0.0037230197891835,0,0.0,0.0
7855,0.0054918313288138,0.0050937554983997,0,0.0,0.0
7856,0.0050039213914117,0.0046384056804757,0,0.0,0.0
7857,0.0051822749745771,0.0050445447637405,0,0.0,0.0
7858,0.0060897089304247,0.0051042030499416,0,0.0,0.0
7859,0.0063588629291576,0.0059623407882726,0,0.0,0.0
7860,0.005566957491454,0.0063479472004656,0,0.0,0.0
7861,0.0029013873995845,0.0053510422132281,0,0.0,0.0
7862,0.0011400873345414,0.003620935822486,0,0.0,0.0
7863,0.0034260456477445,0.0012167332323813,0,0.0,0.0
7864,0.0035456599003363,0.0002123320729851,0,0.0,0.0
7865,0.0028993599781817,0.0018351603117938,0,0.0,0.0
7866,0.0017203625867722,0.0021634986413737,0,0.0,0.0
7867,0.0007587161156857,0.0010216394694589,0,0.0,0.0
7868,0.0009544049107423,0.0005118056752611,0,0.0,0.0
7869,0.0015497242848692,0.0005829340119515,0,0.0,0.0
7870,0.002077387767875,0.0003399959619731,0,0.0,0.0
7871,0.002392621247167,0.0001147375472274,0,0.0,0.0
7872,0.0021133576343394,0.0006616400585409,0,0.0,0.0
7873,0.0015835264009371,0.000228952268929,0,0.0,0.0
7874,0.0025175390507075,0.0001788294674219,0,0.0,0.0
7875,0.0027040177223457,0.0003233017266216,0,0.0,0.0
7876,0.0017841013808898,0.0006148800615212,0,0.0,0.0
7877,0.0028029478511726,0.0011664933662221,0,0.0,0.0
7878,0.0020917754860131,0.0012104962879218,0,0.0,0.0
7879,0.0027715010350166,0.0016161597577484,0,0.0,0.0
7880,0.004105578525722,0.0016530900905621,0,0.0,0.0
7881,0.0035917181356606,0.0028932025469574,0,0.0,0.0
7882,0.0044950607139491,0.004497577110314,0,0.0,0.0
7883,0.0038654009677161,0.0032375686924527,0,0.0,0.0
7884,0.0037658710709201,0.0025877290352232,0,0.0,0.0
7885,0.0039267691315454,0.0024645298035247,0,0.0,0.0
7886,0.0038476442939989,0.0028405704373848,0,0.11832353,0.0
7887,0.0045729288778158,0.0036931606808369,0,0.24443693,0.0
7888,0.0039445115081338,0.0046466720279063,0,0.50388074,0.0
7889,0.0042546133728166,0.0042286459749097,0,0.7749635,0.0
7890,0.0039653639290048,0.0040614745995186,0,0.900218,0.0
7891,0.0040865510851753,0.0037585563861193,0,0.948629,0.0
7892,0.0039536946884098,0.0027913344794975,0,0.96516275,0.0
7893,0.0025959582055478,0.0026336972407626,0,0.9701514,0.0
7894,0.0017126333989403,0.0019523896044118,0,0.97026736,0.0
7895,0.0019984161431947,0.0017257558771177,0,0.96874964,0.0
7896,0.0020499820278554,0.0017559559003471,0,0.96799093,0.0
7897,0.0018830050903028,0.0016438138532886,0,0.9670593,0.0
7898,0.0020540028841505,0.0013733248343638,0,0.9670574,0.0
7899,0.0019669242776277,0.000884566551792,0,0.9634163,0.0
7900,0.0026249324640623,0.0001855233882458,0,0.9490565,0.0
7901,0.0024112207179972,9.962050688141442e-05,0,0.91089,0.0
7902,0.0033325639487359,0.0003180875571186,0,0.83244056,0.0
7903,0.0048648632389742,0.0004344582969874,0,0.6837011,0.0
7904,0.0058847522956653,0.0008231915057915,0,0.4574885,0.0
7905,0.0038055087656599,0.0007303475856924,0,0.21594052,0.0
7906,0.0024715182296983,0.0012193597976366,0,0.0,0.0
7907,0.0040369206754647,0.0032915527478475,0,0.0,0.0
7908,0.0055114016500413,0.0059449230686135,0,0.0,0.0
7909,0.0049525507309064,0.0074363918687656,0,0.0,0.0
7910,0.0054927712102875,0.0073929912198242,0,0.0,0.0
7911,0.0064656360370201,0.0060819360459556,0,0.0,0.0
7912,0.0060552080640048,0.0048398650865745,0,0.0,0.0
7913,0.0043802582399255,0.0045772850742542,0,0.0,0.0
7914,0.0055344076138401,0.0048473123767964,0,0.0,0.0
7915,0.0064868152513245,0.0057919746042772,0,0.0,0.0
7916,0.006073734468099,0.0074272960795355,0,0.0,0.0
7917,0.0055863609680675,0.0061706501209673,0,0.0,0.0
7918,0.0042133475761486,0.0044193254686633,0,0.0,0.0
7919,0.0037598089196412,0.0045187622087455,0,0.0,0.0
7920,0.0036340373475742,0.0054208415990744,0,0.0,0.0
7921,0.0050013497510675,0.005313141582089,0,0.0,0.0
7922,0.0047441374962882,0.0042891520397027,0,0.0,0.0
7923,0.0054931353224139,0.0038886823132953,0,0.0,0.0
7924,0.0047328727036801,0.0042713524411853,0,0.0,0.0
7925,0.0028165987189823,0.0033719480649148,0,0.0,0.0
7926,0.002084944616211,0.0021037717149031,0,0.0,0.0
7927,0.0015166519557289,0.0009936468675565,0,0.0,0.0
7928,0.0006498200027644,0.0007199998099091,0,0.0,0.0
7929,0.000721105923299,0.0014880836944045,0,0.0,0.0
7930,0.0011358894554052,0.000681234412101,0,0.0,0.0
7931,0.0004182671234334,0.0003096965324356,0,0.0,0.0
7932,3.557676137026962e-05,0.0001576621283166,0,0.0,0.0
7933,0.0002415293611353,0.000411045843456,0,0.0,0.0
7934,0.0001413129296673,0.0004903959761149,0,0.0,0.0
7935,0.0002332819795748,0.000267849676013,0,0.0,0.0
7936,0.0002601210569986,0.0001910961948076,0,0.0,0.0
7937,0.0001084421013052,0.000196207591582,0,0.0,0.0
7938,0.0001952901729452,0.0005744061171473,0,0.0,0.0
7939,0.0002106943077549,0.0002353136350617,0,0.0,0.0
7940,0.0001385386975998,4.869190461979959e-05,0,0.0,0.0
7941,0.000972981761111,0.0001933521627989,0,0.0,0.0
7942,0.0042940113800263,0.0006366000830063,0,0.0,0.0
7943,0.0055960759933151,0.00109723736371,0,0.0,0.0
7944,0.0033330282158003,0.0006503614826621,0,0.0,0.0
7945,0.0024877307789377,0.0004668974031147,0,0.0,0.0
7946,0.0015029662461523,0.0013291882258136,0,0.0,0.0
7947,0.0022447369487731,0.0015643682803068,0,0.0,0.0
7948,0.001577275116119,0.0011211037174649,0,0.0,0.0
7949,0.0014192554231376,0.0007162943475046,0,0.0,0.0
7950,0.0025703283340991,0.0008560102890024,0,0.0,0.0
7951,0.0022002925205684,0.0006122852767729,0,0.0,0.0
7952,0.0015739313540809,0.000317174932636,0,0.0,0.0
7953,0.0006990180267897,0.0003659744333068,0,0.0,0.0
7954,0.0011532708847641,0.0003175397704424,0,0.0,0.0
7955,0.0003670578336166,0.0003621656184504,0,0.0,0.0
7956,9.741719325189552e-05,0.000335998831188,0,0.0,0.0
7957,0.0004952133200048,6.055723868956584e-05,0,0.0,0.0
7958,0.0003690270851965,8.705628518250214e-05,0,0.0,0.0
7959,0.0002542617914426,0.0001651901755471,0,0.0,0.0
7960,0.0002193707084538,5.177173955725847e-05,0,0.0,0.0
7961,0.0001344118489211,0.0001818550003394,0,0.0,0.0
7962,7.76680001158298e-05,9.609669669859212e-05,0,0.0,0.0
7963,0.0001311412538582,4.237792387710324e-05,0,0.0,0.0
7964,7.520354956161993e-05,6.091467790332917e-05,0,0.0,0.0
7965,0.0002188033713506,0.0002032573374833,0,0.0,0.0
7966,0.0011540060751831,0.0004309945939737,0,0.0,0.0
7967,0.0011082815272547,0.0001912863720889,0,0.0,0.0
7968,0.0002252886133404,7.027000452996512e-05,0,0.0,0.0
7969,7.02078273576971e-05,0.000178042978456,0,0.0,0.0
7970,0.0002978652639102,0.0001163657071327,0,0.0,0.0
7971,0.0002229337834893,0.0002980556616911,0,0.0,0.0
7972,0.0001627296124641,0.0001552845226605,0,0.0,0.0
7973,8.711581423598595e-05,7.62851056760737e-05,0,0.0,0.0
7974,4.218613074618511e-05,7.572341953547405e-05,0,0.0,0.0
7975,0.000108613590627,0.000303523553121,0,0.0,0.0
7976,2.5256098436963296e-05,8.853101029713876e-05,0,0.0,0.0
7977,0.0001292110424855,0.0001030855299403,0,0.0,0.0
7978,0.0005101119056286,7.474119904965766e-05,0,0.0,0.0
7979,0.0014293799178628,0.0006449183252813,0,0.0,0.0
7980,0.0073692346715528,0.0022378046262032,0,0.0,0.0
7981,0.0087349991685325,0.0020053861592501,0,0.0,0.0
7982,0.0047742623240688,0.0006064920931638,0,0.0,0.0
7983,0.001729093681944,0.0003232962687331,0,0.0,0.0
7984,0.0007873147055976,0.0002556991170903,0,0.0,0.0
7985,0.0017094787464384,0.0001011821809183,0,0.0,0.0
7986,0.0016903367110394,0.0004565975743348,0,0.0,0.0
7987,0.000959388509574,0.000964375760673,0,0.0,0.0
7988,0.0016296001549065,0.0007273045892267,0,0.0,0.0
7989,0.0011260546941597,0.0005089914332556,0,0.0,0.0
7990,0.0028095081611199,0.0001882295459895,0,0.0,0.0
7991,0.0012774016499376,0.0001071611605291,0,0.0,0.0
7992,0.0025132732160565,0.0004108596182631,0,0.0,0.0
7993,0.0057371720405653,0.0004304702649252,0,0.0,0.0
7994,0.0040383021420431,0.0005508579140056,0,0.0,0.0
7995,0.0059133182232534,0.0018235378311377,0,0.0,0.0
7996,0.0051777898709835,0.0022416138415897,0,0.0,0.0
7997,0.0024727056559642,0.0020901779060752,0,0.0,0.0
7998,0.0034190337840705,0.0016298048463083,0,0.0,0.0
7999,0.0025799025463524,0.0020904321407272,0,0.0,0.0
8000,0.0030241379807373,0.0015354329942793,0,0.0,0.0
8001,0.0040094123957023,0.0017465089428019,0,0.0,0.0
8002,0.0036480291957585,0.0027340296490651,0,0.0,0.0
8003,0.0035186557102778,0.002754439129452,0,0.0,0.0
8004,0.003655498070401,0.0026566283001341,0,0.0,0.0
8005,0.0022899177198495,0.0026705016726242,0,0.0,0.0
8006,0.0009895672417848,0.0018186603261101,0,0.0,0.0
8007,0.0022276731484428,0.0014919496703208,0,0.0,0.0
8008,0.0015279611126369,0.0011562127154247,0,0.0,0.0
8009,0.0021043655433544,0.0014326089705092,0,0.0,0.0
8010,0.0033474873172108,0.0014652476211962,0,0.0,0.0
8011,0.0026538699135108,0.0018691333840658,0,0.0,0.0
8012,0.0050948046197275,0.0025612535517044,0,0.0,0.0
8013,0.0053003199717986,0.0030936276565733,0,0.0,0.0
8014,0.0044184698578371,0.0044733469960762,0,0.0,0.0
8015,0.0052255573562716,0.0046774071307354,0,0.0,0.0
8016,0.006030105937369,0.0036694891899297,0,0.0,0.0
8017,0.0045317996392493,0.0031468748613763,0,0.0,0.0
8018,0.0027069132362055,0.0027111769383501,0,0.0,0.0
8019,0.0024352053373852,0.0023608702368751,0,0.0,0.0
8020,0.0016434095781649,0.0016039538871815,0,0.0,0.0
8021,0.0012500173447413,0.0012515009191996,0,0.0,0.0
8022,0.0004987959001091,0.0017281477640743,0,0.0,0.0
8023,0.0012632518399045,0.0014056413231686,0,0.0,0.0
8024,0.0023886358173192,0.0017597357921183,0,0.0,0.0
8025,0.0037313201333246,0.0019868319222947,0,0.0,0.0
8026,0.0041007249531033,0.0016964271616009,0,0.0,0.0
8027,0.002916148974913,0.0017876514833577,0,0.0,0.0
8028,0.0018674410720659,0.0011069160746954,0,0.0,0.0
8029,0.002028717498887,0.0005010398839831,0,0.0,0.0
8030,0.0018112046337507,0.0006555461952754,0,0.0,0.0
8031,0.0015455268489795,0.0008361808278283,0,0.0,0.0
8032,0.0018684284130408,0.0006281894399366,0,0.0,0.0
8033,0.002905473524456,0.0008456841057601,0,0.0,0.0
8034,0.0024724190348496,0.0009565626783019,0,0.0,0.0
8035,0.0023060458960194,0.0008619735896986,0,0.0,0.0
8036,0.0033375650114273,0.0007656924155585,0,0.0,0.0
8037,0.0012748058302193,0.0003785161028099,0,0.0,0.0
8038,7.508877593349198e-05,7.83808346033925e-05,0,0.0,0.0
8039,0.0002935116160391,0.0001076929306905,0,0.0,0.0
8040,0.0004133019405176,0.0002683765560787,0,0.0,0.0
8041,0.001064327915314,0.0007369514967763,0,0.0,0.0
8042,0.0007576540388951,0.0003277372132656,0,0.0,0.0
8043,0.000332404535631,7.322327112651699e-05,0,0.0,0.0
8044,0.0001652309989607,6.850344196391347e-05,0,0.0,0.0
8045,0.0003368898656048,0.0002988881712354,0,0.0,0.0
8046,0.0003648380087112,0.000162886559667,0,0.0,0.0
8047,0.000148564561944,1.844686306433415e-05,0,0.0,0.0
8048,0.0007133557204743,6.312990985182498e-05,0,0.0,0.0
8049,0.0010883485600265,0.0002045574059855,0,0.0,0.0
8050,0.0015191682016485,0.0001612319032395,0,0.0,0.0
8051,0.0010696435140447,0.0003892263379164,0,0.0,0.0
8052,0.0006734481098438,0.0006124600090055,0,0.0,0.0
8053,0.001894354624644,0.0005176037845782,0,0.0,0.0
8054,0.0018097958264158,0.0006967895007981,0,0.0,0.0
8055,0.0005737706091576,0.0005155566142331,0,0.0,0.0
8056,0.0005519068471839,0.0005119396556515,0,0.0,0.0
8057,0.000487269721068,0.0001839094596108,0,0.0,0.0
8058,0.0008786961177683,4.07860039776006e-06,0,0.0,0.0
8059,0.0002527567735631,0.0001535046809103,0,0.0,0.0
8060,5.050130014623671e-05,0.000314742000212,0,0.0,0.0
8061,0.0001868935895181,0.0004082156368682,0,0.0,0.0
8062,0.0001182339269219,0.0003574266259618,0,0.0,0.0
8063,0.0004935258314884,0.0002045291163594,0,0.0,0.0
8064,0.0020941483853465,0.0003521927682506,0,0.0,0.0
8065,0.0038542457312277,0.0005464094001558,0,0.0,0.0
8066,0.0024290741730819,0.0006704997731793,0,0.0,0.0
8067,0.0027318666392908,0.0008742772015318,0,0.0,0.0
8068,0.0054614978738632,0.0015322887423091,0,0.0,0.0
8069,0.0042591376307588,0.0016085318455116,0,0.0,0.0
8070,0.0055037363627188,0.0021282318109187,0,0.0,0.0
8071,0.0070608693617907,0.0038230230449239,0,0.0,0.0
8072,0.0064738121424086,0.004813180719318,0,0.0,0.0
8073,0.0049779501032482,0.0039754975930856,0,0.0,0.0
8074,0.0036264672511166,0.0022287523487212,0,0.0,0.0
8075,0.0032869013070708,0.0026486067033361,0,0.0,0.0
8076,0.0043329588715518,0.0032924646565803,0,0.0,0.0
8077,0.0001005720053623,0.0021311010423313,0,0.0,0.0
8078,0.003948945702347,0.0009827297606256,0,0.0,0.0
8079,0.0030959272318062,0.0014275006885994,0,0.0,0.0
8080,0.001206770930212,0.0018895413898922,0,0.0,0.0
8081,0.0015438334776396,0.0004667144849913,0,0.0,0.0
8082,0.0023640718980021,0.0001651883171383,0,0.0,0.0
8083,0.0003771800035048,9.998820929822108e-05,0,0.0,0.0
8084,0.0010596441341347,0.0004703317039197,0,0.0,0.0
8085,0.0008898588196199,0.0008613611867326,0,0.0,0.0
8086,0.0009910558836188,0.001268333814238,0,0.0,0.0
8087,0.0007323001685725,0.0015815939569178,0,0.0,0.0
8088,0.0009621526698861,0.0007335922173324,0,0.0,0.0
8089,0.0013797184956219,0.0002927448084871,0,0.0,0.0
8090,0.0018176768738086,0.0002641239644776,0,0.0,0.0
8091,0.0011123359957912,0.0001881287615926,0,0.0,0.0
8092,0.0013280465399921,0.0003958637236002,0,0.0,0.0
8093,0.0020733791529018,0.0003771004605183,0,0.0,0.0
8094,0.0023407852354637,0.0017527475010793,0,0.0,0.0
8095,0.0019118521908374,0.002717983070706,0,0.0,0.0
8096,0.0009875255234951,0.0046567823726983,0,0.0,0.0
8097,0.0009023604556985,0.001542428155842,0,0.0,0.0
8098,0.0026804834851738,0.0002426928016734,0,0.0,0.0
8099,0.0011751408243576,0.000403832313622,0,0.0,0.0
8100,0.0012528265246208,0.0006257000344794,0,0.0,0.0
8101,0.0018207491664586,0.0014914989811378,0,0.0,0.0
8102,0.0021043131788327,0.0017743606901299,0,0.0,0.0
8103,0.0023721600598049,0.0015531813262812,0,0.0,0.0
8104,0.0024374704893347,0.0015876873984839,0,0.0,0.0
8105,0.0020572989528995,0.0016794972732927,0,0.0,0.0
8106,0.000823919341553,0.0017078353478827,0,0.0,0.0
8107,0.0003855365249674,0.0016646329195896,0,0.0,0.0
8108,0.0014738359903417,0.0015506296456757,0,0.0,0.0
8109,0.0012061324312377,0.0014243749779423,0,0.0,0.0
8110,0.0009642035559064,0.0013268676472858,0,0.0,0.0
8111,0.0007765938714558,0.0007996326079799,0,0.0,0.0
8112,0.0005184292379442,0.0005309828679349,0,0.0,0.0
8113,0.0003902779446031,0.0002639168190962,0,0.0,0.0
8114,0.0008446964340854,0.0002017548490302,0,0.0,0.0
8115,0.0020214741464676,0.0007694237633767,0,0.0,0.0
8116,0.0013956393978368,0.0005817649682585,0,0.0,0.0
8117,0.0004844178739602,8.618921183138593e-05,0,0.0,0.0
8118,0.0005071852285542,0.0003240869864299,0,0.0,0.0
8119,0.0011050904103808,0.0007924883149102,0,0.0,0.0
8120,0.0002701107605714,0.0010933725745452,0,0.0,0.0
8121,0.0010260987538163,0.0025983645000842,0,0.0,0.0
8122,0.0014475132527554,0.0021051413834818,0,0.0,0.0
8123,0.0037499166410285,0.0014349424009002,0,0.0,0.0
8124,0.002361096062967,0.0016049671657231,0,0.0,0.0
8125,0.0015359645847728,0.0010962759872146,0,0.0,0.0
8126,0.0014207353346948,0.0010458285121726,0,0.0,0.0
8127,0.0017365890666848,0.0012285139468777,0,0.0,0.0
8128,0.0020544761935236,0.0014084365505423,0,0.0,0.0
8129,0.0022401713575989,0.0012187819501323,0,0.0,0.0
8130,0.0022772964380628,0.0013336476439837,0,0.0,0.0
8131,0.0021660363820684,0.0014439417240423,0,0.0,0.0
8132,0.0019058503548179,0.0015811154826983,0,0.0,0.0
8133,0.0015423723851185,0.0016807157110169,0,0.0,0.0
8134,0.0023158299032307,0.0017359427803859,0,0.0,0.0
8135,0.0036619605632184,0.0017533139896975,0,0.0,0.0
8136,0.0034890087681866,0.0017500540856111,0,0.0,0.0
8137,0.0037617743959287,0.0018401367368177,0,0.0,0.0
8138,0.0026521242002462,0.002259004727741,0,0.0,0.0
8139,0.0037192357316656,0.0027001047892305,0,0.0,0.0
8140,0.0027413460159608,0.0022518137859252,0,0.0,0.0
8141,0.0039755729372618,0.0028844421652842,0,0.0,0.0
8142,0.0040674072264858,0.0030345218713961,0,0.0,0.0
8143,0.0033506405560532,0.0033839274238714,0,0.0,0.0
8144,0.005237034011262,0.0052707651534229,0,0.0,0.0
8145,0.0037727217038129,0.0055507164551553,0,0.0,0.0
8146,0.0033357119914839,0.0045404851040854,0,0.0,0.0
8147,0.0019030539747697,0.0028775807361164,0,0.0,0.0
8148,0.0022145813761128,0.0010650838397785,0,0.0,0.0
8149,0.001328041734029,0.0004178623865279,0,0.0,0.0
8150,0.0011012344058224,0.0005617054743931,0,0.0,0.0
8151,0.0017795529310377,0.0015940101522358,0,0.0,0.0
8152,0.0029960758552881,0.0020921748034278,0,0.0,0.0
8153,0.0023042764516465,0.0014592288427313,0,0.0,0.0
8154,0.0010438902206601,0.0009018313028456,0,0.0,0.0
8155,0.000555329975916,0.0002636127587951,0,0.0,0.0
8156,0.0004194139851912,0.0005682771047495,0,0.0,0.0
8157,0.0005024981952506,0.0002841300705913,0,0.0,0.0
8158,0.0007497971870223,6.598912669506131e-05,0,0.0,0.0
8159,0.0002004132909599,8.576250520051485e-05,0,0.0,0.0
8160,0.0003173987652332,0.0001320102142875,0,0.0,0.0
8161,0.0018356982078957,0.0007563451865354,0,0.0,0.0
8162,0.0038669132339725,0.0013665813659215,0,0.0,0.0
8163,0.0031376458250565,0.0004442128250405,0,0.0,0.0
8164,0.0013619817075292,0.0006152075592931,0,0.0,0.0
8165,0.0008250318507805,0.0004447734520371,0,0.0,0.0
8166,0.00104188815949,0.0001230409751061,0,0.0,0.0
8167,0.0011721711430672,9.235497264019064e-05,0,0.0,0.0
8168,0.0009003819298954,0.0004294071590176,0,0.0,0.0
8169,0.0006121564326167,0.001063191071465,0,0.0,0.0
8170,0.000370463164366,0.0003580653166599,0,0.0,0.0
8171,0.0002003058710691,0.0001918442126683,0,0.0,0.0
8172,2.7265906065160607e-05,0.0002844370883097,0,0.0,0.0
8173,9.25846860253476e-05,0.0003378220118775,0,0.0,0.0
8174,9.115335432095991e-05,0.0001970649412827,0,0.0,0.0
8175,0.0001403340670073,0.0002045527018286,0,0.0,0.0
8176,0.0001080104294899,7.870042682908862e-05,0,0.0,0.0
8177,6.941732077421122e-05,0.0001771437087702,0,0.0,0.0
8178,0.0002800250814105,0.0003054554375738,0,0.0,0.0
8179,0.0001292137138682,0.0002662173288033,0,0.0,0.0
8180,3.9911951566394505e-05,1.5597625647150634e-05,0,0.0,0.0
8181,0.0002926604535778,0.0003417451643652,0,0.0,0.0
8182,0.0003686634158946,0.0003470106466039,0,0.0,0.0
8183,0.0004707787155896,0.0005153573239582,0,0.0,0.0
8184,0.0034545680037808,0.0007150467720133,0,0.0,0.0
8185,0.0060680405815044,0.0008448727487521,0,0.0,0.0
8186,0.0032978204532801,0.0005236172229118,0,0.0,0.0
8187,0.0011111066461302,0.0002289651092656,0,0.0,0.0
8188,0.0021485305969091,0.000497092556846,0,0.0,0.0
8189,0.0038560701222982,0.0002717922995576,0,0.0,0.0
8190,0.0021950897315747,0.0002796644206166,0,0.0,0.0
8191,0.0014382265065891,0.0004112516055633,0,0.0,0.0
8192,0.000821316931652,0.0001892440316762,0,0.0,0.0
8193,0.0011248862538635,3.5932028264807616e-05,0,0.0,0.0
8194,0.0009964356182964,0.0001832332990107,0,0.0,0.0
8195,0.0019135035192928,0.0003971277478545,0,0.0,0.0
8196,0.0021682571658642,0.0005960561756538,0,0.0,0.0
8197,0.004106190611312,0.0004632863914903,0,0.0,0.0
8198,0.0042278560916787,0.0007848376579842,0,0.0,0.0
8199,0.0013847116153316,0.0002701829519485,0,0.0,0.0
8200,0.000604895940333,0.0001559016701343,0,0.0,0.0
8201,0.0001487046583029,8.591366366639791e-05,0,0.0,0.0
8202,0.0001751722638344,3.781355169556799e-05,0,0.0,0.0
8203,5.762597224330368e-05,0.0001007326857444,0,0.0,0.0
8204,0.0001123120863336,9.757958616586878e-05,0,0.0,0.0
8205,0.0002551924350612,0.0001837211546411,0,0.0,0.0
8206,0.0002989696546239,4.6182867602126806e-05,0,0.0,0.0
8207,0.0001707113504541,0.0002611349030833,0,0.0,0.0
8208,0.0002087920689929,0.0009882984350214,0,0.0,0.0
8209,0.0003485043934905,0.0002326425497602,0,0.0,0.0
8210,0.0001156308313179,0.0002526825608517,0,0.0,0.0
8211,0.0002954701211855,5.331513180896447e-05,0,0.0,0.0
8212,0.0001666944236667,8.07593399209056e-05,0,0.0,0.0
8213,5.019456389588453e-05,0.0001431782615927,0,0.0,0.0
8214,4.774385565389148e-05,0.0001638466093995,0,0.0,0.0
8215,0.0002110846085946,0.000136204480299,0,0.0,0.0
8216,0.0003016477371903,0.0002498113939695,0,0.0,0.0
8217,0.0002960137011141,3.4655100757529794e-05,0,0.0,0.0
8218,0.0001006563077378,0.0003595495873124,0,0.0,0.0
8219,0.0001765677080425,7.722290367452963e-05,0,0.0,0.0
8220,0.0001029726651525,0.000207562970874,0,0.0,0.0
8221,1.582786838584679e-05,6.951855526617156e-06,0,0.0,0.0
8222,5.289160598640923e-06,0.0001805523417672,0,0.0,0.0
8223,4.065485220098309e-05,4.514885041420096e-05,0,0.0,0.0
8224,0.0001083316988789,2.4561146012035224e-05,0,0.0,0.0
8225,0.0010122023418666,0.0001362343676913,0,0.0,0.0
8226,0.0043737786371155,0.0005253406909242,0,0.0,0.0
8227,0.0020309535923832,0.000465170496606,0,0.0,0.0
8228,0.0008651087790848,0.0003575739525489,0,0.0,0.0
8229,0.0007994219175168,0.0003124323203863,0,0.0,0.0
8230,0.0006857949965614,0.0008123853091677,0,0.0,0.0
8231,0.0001473386171264,0.0002025812522378,0,0.0,0.0
8232,2.4939656360423372e-05,0.000630102868785,0,0.0,0.0
8233,0.0001889590023907,0.0007081041894835,0,0.0,0.0
8234,0.00037726285666,0.0008020769906596,0,0.0,0.0
8235,0.0011287909387035,0.0005570656669717,0,0.0,0.0
8236,0.0018516594306259,0.0006384640343133,0,0.0,0.0
8237,0.0009274245472435,0.0004963598617775,0,0.0,0.0
8238,0.0009470147598098,0.0005675451290841,0,0.0,0.0
8239,0.0005277287680346,0.0003461228435868,0,0.0,0.0
8240,0.0009494021175414,0.000326934384903,0,0.0,0.0
8241,0.0011761257488793,0.0004505887765807,0,0.0,0.0
8242,0.0007253367339761,0.0008477354629421,0,0.0,0.0
8243,0.0015218133167406,0.0011245525318386,0,0.0,0.0
8244,0.00264329397189,0.0015674474577788,0,0.0,0.0
8245,0.0025136917982516,0.0017728480687542,0,0.0,0.0
8246,0.0015261096017292,0.0015777276898557,0,0.0,0.0
8247,0.0015034946454733,0.0015749368421639,0,0.0,0.0
8248,0.0029378810078133,0.0012448649932982,0,0.0,0.0
8249,0.0031111522607709,0.0006754361627294,0,0.0,0.0
8250,0.0011381741588234,0.0008158850222121,0,0.0,0.0
8251,0.001929422347552,0.0005573022735445,0,0.0,0.0
8252,0.0037165977948844,0.0005140955434957,0,0.0,0.0
8253,0.0027987816254797,0.0012579855987439,0,0.0,0.0
8254,0.002440696279338,0.0013438469563547,0,0.0,0.0
8255,0.0018666952398188,0.0006106477256673,0,0.0,0.0
8256,0.0012150212359558,0.0004168966666827,0,0.0,0.0
8257,0.0015137777420173,0.0004471662075639,0,0.0,0.0
8258,0.0018827335018646,0.0010481400056148,0,0.0,0.0
8259,0.0010827947885044,0.0008041271988887,0,0.0,0.0
8260,0.0007458313087474,0.0006006409653089,0,0.0,0.0
8261,0.0004958465729177,8.601170786798973e-05,0,0.0,0.0
8262,0.0002795020444824,0.000254235182983,0,0.0,0.0
8263,0.0002254598539359,0.0002447234117833,0,0.0,0.0
8264,0.0002748412769847,0.000135101961217,0,0.0,0.0
8265,0.0013602189185984,0.0004085023199426,0,0.0,0.0
8266,0.0017459380438191,0.0013769158379581,0,0.0,0.0
8267,0.001290342247814,0.0019231585214494,0,0.0,0.0
8268,0.0012759474795507,0.0016851024061159,0,0.0,0.0
8269,0.0010063130738412,0.0009686509252991,0,0.0,0.0
8270,0.0009876179934729,0.0007168079955387,0,0.0,0.0
8271,0.0013836905837892,0.0006465470768672,0,0.0,0.0
8272,0.0003076773086931,0.0005767239550777,0,0.0,0.0
8273,0.0002968592728628,0.0005073429642342,0,0.0,0.0
8274,0.0014771005470376,0.0004383821020391,0,0.0,0.0
8275,0.0028235608544332,0.0003698503445977,0,0.0,0.0
8276,0.0007939479144109,0.0003017323021402,0,0.0,0.0
8277,0.0005839160403152,0.0002340141715154,0,0.0,0.0
8278,0.0028297956704252,0.0001666945686449,0,0.0,0.0
8279,0.0021930343145858,9.424999028369204e-05,0,0.0,0.0
8280,0.0006279181864784,1.7200947835068043e-05,0,0.0,0.0
8281,0.0001549810476235,0.0001027128687436,0,0.0,0.0
8282,0.0002484282808404,0.0001562654640893,0,0.0,0.0
8283,0.0005303659847687,0.0002128278117913,0,0.0,0.0
8284,0.0004159122236076,0.0003636697068269,0,0.0,0.0
8285,0.0007345543409604,0.0007616299979979,0,0.0,0.0
8286,0.0012541822369529,0.0013262681155489,0,0.0,0.0
8287,0.0017080472766944,0.0018159717322943,0,0.0,0.0
8288,0.0022191129153598,0.0021763340673985,0,0.0,0.0
8289,0.003882044991201,0.0024143766504156,0,0.0,0.0
8290,0.0069504081304026,0.0025437455519709,0,0.0,0.0
8291,0.0067646455102778,0.0027342458770519,0,0.0,0.0
8292,0.0051402218113341,0.0031228524440372,0,0.0,0.0
8293,0.0057832941207852,0.0022395864370019,0,0.0,0.0
8294,0.0038208849139614,0.0009878229317494,0,0.0,0.0
8295,0.0026508691400617,0.0013178985852745,0,0.0,0.0
8296,0.0055634758824829,0.0024070502348984,0,0.0,0.0
8297,0.003185566109056,0.0010606136998891,0,0.0,0.0
8298,0.0022521380778807,0.0007307451076151,0,0.0,0.0
8299,0.0037110511261618,0.0017267115349541,0,0.0,0.0
8300,0.0043119903069559,0.0036260497804873,0,0.0,0.0
8301,0.0058330758387598,0.0035347165815908,0,0.0,0.0
8302,0.0055467320139894,0.0040915608354099,0,0.0,0.0
8303,0.0054406841321385,0.0044115717316174,0,0.0,0.0
8304,0.004655609146444,0.0037485753595742,0,0.0,0.0
8305,0.0024929333406855,0.0038864469787055,0,0.0,0.0
8306,0.0035681035747993,0.0035589050866859,0,0.0,0.0
8307,0.0030742644154177,0.0022530655486976,0,0.0,0.0
8308,0.0013679939863856,0.0004228606883977,0,0.0,0.0
8309,0.0005608352862499,0.0005591200422997,0,0.0,0.0
8310,0.000784679527246,0.0007985261586491,0,0.0,0.0
8311,0.0004125125355519,0.0008194345140583,0,0.0,0.0
8312,0.0003873951709235,0.0006098026558995,0,0.0,0.0
8313,0.0002874064723903,0.0001446492393307,0,0.0,0.0
8314,0.0005797947190267,8.087775427458254e-06,0,0.0,0.0
8315,7.720736016366154e-05,1.724274686443954e-05,0,0.0,0.0
8316,0.0002883801765209,7.340070399084134e-05,0,0.0,0.0
8317,0.0002953218954324,6.857196551871097e-05,0,0.0,0.0
8318,0.0003958320896703,5.621599739416123e-05,0,0.0,0.0
8319,0.0001631953815325,0.0001177438643715,0,0.0,0.0
8320,9.44648192879702e-05,0.0005300840130153,0,0.0,0.0
8321,0.0002607963268017,0.0001969349046382,0,0.0,0.0
8322,4.17188356623219e-05,4.817002883929643e-05,0,0.0,0.0
8323,7.911186472501619e-06,3.2152763408223884e-05,0,0.0,0.0
8324,2.6792649226421413e-05,0.0001127156095788,0,0.0,0.0
8325,6.242478365797372e-05,0.0001843861584374,0,0.0,0.0
8326,3.390527324326631e-05,0.0004116657410007,0,0.0,0.0
8327,4.887383573630543e-05,0.0001106003325053,0,0.0,0.0
8328,0.0002681971385611,0.0001062607773702,0,0.0,0.0
8329,1.5682751378543738e-05,0.0002432503526852,0,0.0,0.0
8330,0.0001026395486478,0.0002887181250752,0,0.0,0.0
8331,0.0001397698971338,1.4049165156776791e-05,0,0.0,0.0
8332,0.0002521477658656,0.000263071434433,0,0.0,0.0
8333,0.0010585711920101,7.18525617813632e-05,0,0.0,0.0
8334,0.0024227993466711,0.0006665884183247,0,0.0,0.0
8335,0.0028769159101389,0.0007926798143721,0,0.0,0.0
8336,0.0019112331510848,0.00025666938746,0,0.0,0.0
8337,0.0013669482864433,0.0005651540475731,0,0.0,0.0
8338,0.0014866369318092,0.0001185023015096,0,0.0,0.0
8339,0.0020679671391621,0.000408915923012,0,0.0,0.0
8340,0.0020825275125921,0.0012451197454228,0,0.0,0.0
8341,0.0016869990007427,0.0015663100524811,0,0.0,0.0
8342,0.0029525077171083,0.0018748693299229,0,0.0,0.0
8343,0.0015787813323282,0.0021359368296191,0,0.0,0.0
8344,0.0018500844331608,0.0021305741010944,0,0.0,0.0
8345,0.0025269101330687,0.0010416153838913,0,0.0,0.0
8346,0.0028588227179029,0.0010225210396359,0,0.0,0.0
8347,0.003319860797149,0.0010091654319734,0,0.0,0.0
8348,0.0022882621747389,0.0017200076308643,0,0.0,0.0
8349,0.0018251533298786,0.0021255202368756,0,0.0,0.0
8350,0.0023947191857405,0.0025202535911356,0,0.0,0.0
8351,0.0018681651514955,0.0024249130576365,0,0.0,0.0
8352,0.0011865744489769,0.0020850756768945,0,0.0,0.0
8353,0.000214520686087,0.0026374304380658,0,0.0,0.0
8354,1.6391074925451493e-05,0.0021464283195061,0,0.0,0.0
8355,3.091721084374772e-05,0.001034397383963,0,0.0,0.0
8356,4.652367918132509e-05,0.0007588972786737,0,0.0,0.0
8357,6.406667107582954e-05,0.0007083364950825,0,0.0,0.0
8358,8.356062872934503e-05,0.0006617998682135,0,0.0,0.0
8359,0.0001049964097449,0.0006180237893768,0,0.0,0.0
8360,0.0001283634988394,0.0005747623713212,0,0.0,0.0
8361,0.0001536974319321,0.0005299390393487,0,0.0,0.0
8362,0.0001809638442857,0.0004817224184167,0,0.0,0.0
8363,0.0002101736139135,0.0004285268160396,0,0.0,0.0
8364,0.0002413405631138,0.0003690127294408,0,0.0,0.0
8365,0.0002744572464616,0.0003020929649611,0,0.0,0.0
8366,0.0003095175813889,0.0002268663316477,0,0.0,0.0
8367,0.0003465175798816,0.0001342054807076,0,0.0,0.0
8368,0.0003854698046972,0.0004101898394929,0,0.0,0.0
8369,0.0004263663711448,0.002118235576923,0,0.0,0.0
8370,0.0004692240638694,0.0024170742751646,0,0.0,0.0
8371,0.0005140160860044,0.0023048416472206,0,0.0,0.0
8372,0.0005607582293253,0.0036458760880084,0,0.0,0.0
8373,0.0006094451447552,0.0047852628920813,0,0.0,0.0
8374,0.0013130294853068,0.0048380109349362,0,0.0,0.0
8375,0.0041948909158399,0.0049582124590301,0,0.0,0.0
8376,0.0062568083155479,0.0052389464908795,0,0.0,0.0
8377,0.007994366191028,0.0038233477775056,0,0.0,0.0
8378,0.005021160960452,0.0013090119503552,0,0.0,0.0
8379,0.0029823416586414,0.0004658778271344,0,0.0,0.0
8380,0.0027887697553639,0.0002188346737799,0,0.0,0.0
8381,0.0022695451449364,0.0002727849149017,0,0.0,0.0
8382,0.0014719180525364,0.0008469707458218,0,0.0,0.0
8383,0.0026753861101572,0.0008228777279317,0,0.0,0.0
8384,0.0003692347643641,0.0004619209506547,0,0.0,0.0
8385,0.0022189567084974,0.0001222088205327,0,0.0,0.0
8386,0.0020104915969813,0.0002335993246472,0,0.0,0.0
8387,0.0044722602006009,0.0005903885303959,0,0.0,0.0
8388,0.0054532523227378,0.0010129159078562,0,0.0,0.0
8389,0.0044758738848726,0.0008648634293162,0,0.0,0.0
8390,0.0012674580058801,0.0007611653885231,0,0.0,0.0
8391,0.001195947562181,0.001144078928352,0,0.0,0.0
8392,0.0019950232589391,0.0006830705835488,0,0.0,0.0
8393,0.0046489797579087,0.000898752078603,0,0.0,0.0
8394,0.0020797724646653,0.0007845904051852,0,0.0,0.0
8395,0.0007160319155579,0.0002977842921896,0,0.0,0.0
8396,0.0008804153857737,0.0001672759493898,0,0.0,0.0
8397,0.0026326885774385,3.342444848320954e-05,0,0.0,0.0
8398,0.0075766186817776,0.0003315501302834,0,0.0,0.0
8399,0.0022300215139309,0.0004733616398213,0,0.0,0.0
8400,0.0018613402347125,0.0002548719221102,0,0.0,0.0
8401,0.0014689084857337,0.0003128091672643,0,0.0,0.0
8402,0.0005556093758834,0.0002995651233903,0,0.0,0.0
8403,0.0002737758000214,0.0004171089339439,0,0.0,0.0
8404,0.0001632759973314,0.0003868611019243,0,0.0,0.0
8405,8.93555053171551e-05,0.000239612368636,0,0.0,0.0
8406,9.783229603883648e-05,0.0001063300328491,0,0.0,0.0
8407,0.0005165857020768,0.0001682579887408,0,0.0,0.0
8408,0.0005289808555241,0.0004623501971846,0,0.0,0.0
8409,0.0002585995968819,0.0005569797735462,0,0.0,0.0
8410,0.0003747106108193,0.0003525160849895,0,0.0,0.0
8411,0.0019892807794261,0.0004363152134656,0,0.0,0.0
8412,0.0036121492316094,0.0007478912515581,0,0.0,0.0
8413,0.0008143141306791,0.0014004717824649,0,0.0,0.0
8414,0.0004130312340974,0.0016059303557563,0,0.0,0.0
8415,0.001827168304976,0.0005911232493681,0,0.0,0.0
8416,0.0019035128298158,0.0001406997059426,0,0.0,0.0
8417,5.031076994449423e-05,0.0003621206646931,0,0.0,0.0
8418,0.0018625297685474,0.0004191699935198,0,0.0,0.0
8419,0.0022188359270082,0.0004594741136665,0,0.0,0.0
8420,0.0005691786762024,0.0005813222191789,0,0.0,0.0
8421,8.553893376444517e-05,5.289503177458677e-05,0,0.0,0.0
8422,0.0003762618196606,0.0003817163672289,0,0.0,0.0
8423,3.7412588579258526e-05,8.493990224783953e-05,0,0.0,0.0
8424,0.0002877955422697,0.0001390137556312,0,0.0,0.0
8425,0.0001778948859573,0.0002248135763417,0,0.0,0.0
8426,0.0002778098367333,0.0007362430566515,0,0.0,0.0
8427,0.0007506862413927,0.0029657992514449,0,0.0,0.0
8428,0.0016238278037918,0.0031865301662998,0,0.0,0.0
8429,0.0030317984777021,0.0024679638386863,0,0.0,0.0
8430,0.0051792514304671,0.0037116975674861,0,0.0,0.0
8431,0.0054977891950042,0.003114446657448,0,0.0,0.0
8432,0.004757728158588,0.0007904168582236,0,0.0,0.0
8433,0.0036296821927274,0.0004110898312832,0,0.0,0.0
8434,0.0026207089792768,0.0012866449019052,0,0.0,0.0
8435,0.0015907759018444,0.0013573038114624,0,0.0,0.0
8436,0.0031952820398896,0.0011573968402883,0,0.0,0.0
8437,0.0054749147477954,0.0016400888714206,0,0.0,0.0
8438,0.0061496210575861,0.0011769696807723,0,0.0,0.0
8439,0.005340008948103,0.0015243449746558,0,0.0,0.0
8440,0.0047561789256881,0.0016422077512388,0,0.0,0.0
8441,0.003975595591798,0.0020542447874056,0,0.0,0.0
8442,0.0028195397313672,0.0011282610699732,0,0.0,0.0
8443,0.003284564020934,0.0011606631152592,0,0.0,0.0
8444,0.0057210542574027,0.0013150231333836,0,0.0,0.0
8445,0.0071826585541401,0.0017232356900329,0,0.0,0.0
8446,0.0039662586400883,0.0005052702108746,0,0.0,0.0
8447,0.0027784371643561,0.0002938781907683,0,0.0,0.0
8448,0.0025305494652172,0.0006544589436205,0,0.0,0.0
8449,0.0017633695684883,0.0008752434435753,0,0.0,0.0
8450,0.0011203766122107,0.0006578036535045,0,0.0,0.0
8451,0.0012837976226582,0.0007245493432441,0,0.0,0.0
8452,0.0014497305880004,0.0007585705030874,0,0.0,0.0
8453,0.0012017319287206,0.0009426744200569,0,0.0,0.0
8454,0.0012926094280813,0.0006669792812588,0,0.0,0.0
8455,0.0013534049770098,0.0006400846282334,0,0.0,0.0
8456,0.0026819526976914,0.000683610115189,0,0.0,0.0
8457,0.0027379301443814,0.0009808247931778,0,0.0,0.0
8458,0.0030321453513916,0.0017326095845905,0,0.0,0.0
8459,0.003113965421676,0.00266806517423,0,0.0,0.0
8460,0.0055849607575009,0.0035155631685528,0,0.0,0.0
8461,0.0057971262330645,0.0042376778777489,0,0.0,0.0
8462,0.004363524161445,0.0041768037994431,0,0.0,0.0
8463,0.0043821217667471,0.0035832213937523,0,0.0,0.0
8464,0.0040588662007566,0.0035221886401867,0,0.0,0.0
8465,0.0042594770692367,0.0040034410865374,0,0.11211861,0.0
8466,0.0047425463396907,0.0047138539659784,0,0.2820887,0.0
8467,0.0048119864649277,0.0048774233615093,0,0.5537764,0.0
8468,0.0048093787866227,0.0053803495592286,0,0.68696135,0.0
8469,0.0036809776121357,0.0040393564805972,0,0.760894,0.0
8470,0.0023431232790346,0.0034112858828173,0,0.82034814,0.0
8471,0.0029614803164252,0.0034975394481681,0,0.8890536,0.0
8472,0.0032908618219572,0.0035661197778908,0,0.9361316,0.0
8473,0.0019167819909815,0.0028205438964914,0,0.9532698,0.0
8474,0.0011493577700066,0.0022827198280684,0,0.9591922,0.0
8475,0.0011028596266241,0.0018039201316433,0,0.96072733,0.0
8476,0.0015338486258299,0.0023267391550551,0,0.962142,0.0
8477,0.0013998337559335,0.0022613106093794,0,0.9643574,0.0
8478,0.001792297427102,0.0023199708440404,0,0.9674007,0.0
8479,0.0024727667442643,0.0018084731984978,0,0.9709443,0.0
8480,0.0023104235204083,0.0024132492753533,0,0.9738675,0.0
8481,0.001695783532381,0.0033041633634567,0,0.9754976,0.0
8482,0.0012108427637597,0.0031394617265759,0,0.9765771,0.0
8483,0.0010743714587689,0.0025090220777457,0,0.97725433,0.0
8484,0.0023001701741575,0.003331617585133,0,0.9772529,0.0
8485,0.0028412767576585,0.0035451028238061,0,0.976402,0.0
8486,0.0037395778052133,0.0028175339481939,0,0.9750774,0.0
8487,0.0035676248734107,0.0024727449438881,0,0.97206074,0.0
8488,0.0020246873875989,0.0018889301385923,0,0.9688682,0.0
8489,0.0006855201506984,0.0011266650186401,0,0.9670506,0.0
8490,0.0004640722533902,0.0007983140702078,0,0.9652017,0.0
8491,9.110004971491596e-05,0.0002599709075647,0,0.9642483,0.0
8492,0.0001962222938398,9.191412547630076e-05,0,0.96448606,0.0
8493,0.0001417338188028,7.817607176925659e-05,0,0.9656465,0.0
8494,0.0008985339353696,0.0002565016534232,0,0.9670397,0.0
8495,0.0014409934537733,0.0008629953662588,0,0.96996665,0.0
8496,0.0021237896794309,0.0004165363844739,0,0.9736799,0.0
8497,0.0022136141826306,3.0153744587951646e-05,0,0.9767943,0.0
8498,0.0019195823755946,0.0002950323524217,0,0.9786535,0.0
8499,0.0027507931298722,0.0007416363233258,0,0.9795528,0.0
8500,0.0008164306482412,0.0004117311626055,0,0.97977376,0.0
8501,0.0004196170361311,0.0005749578096097,0,0.97985005,0.0
8502,0.0007259244649519,0.0006521923215972,0,0.9797063,0.0
8503,0.0008597556638069,0.0004055585963019,0,0.9793674,0.0
8504,0.0012924630444923,1.5783703707431663e-05,0,0.97894615,0.0
8505,0.0022772255802472,0.0004375229760266,0,0.9784375,0.0
8506,0.0028418802589928,0.0011503346955745,0,0.97774595,0.0
8507,0.0027101573107504,0.0014710300853768,0,0.97694147,0.0
8508,0.0021255766428962,0.0016399109573458,0,0.9753529,0.0
8509,0.0016216678492497,0.0015822502155662,0,0.9727795,0.0
8510,0.0007274065831655,0.0014486799944801,0,0.96788347,0.0
8511,0.0009509367112267,0.0013788833613068,0,0.96031326,0.0
8512,0.0021379822691644,0.0013064927308149,0,0.95114803,0.0
8513,0.003314542725298,0.0012085813110973,0,0.93854356,0.0
8514,0.0031475145978366,0.0010923465033079,0,0.9233103,0.0
8515,0.0033636072510716,0.0010018342393423,0,0.9086884,0.0
8516,0.0033902352089218,0.0010199255243199,0,0.8795181,0.0
8517,0.0027810375659846,0.0008711790954748,0,0.81683683,0.0
8518,0.0015412466854832,0.0001821370944293,0,0.80325234,0.0
8519,0.0006956935895191,0.0001896178471215,0,0.83818465,0.0
8520,8.453558004532428e-05,0.0010302574493043,0,0.871172,0.0
8521,0.0007907572060718,0.0019925491144987,0,0.93005854,0.0
8522,0.0003293323155779,0.002117871379232,0,0.9572958,0.0
8523,0.0005022033894016,0.0013114496840801,0,0.9660516,0.0
8524,0.0007976519350025,0.000763777836717,0,0.97430617,0.0
8525,0.000541577960269,0.0014675217058515,0,0.97754806,0.0
8526,0.0010521351939998,0.0017163580406099,0,0.9788023,0.0
8527,0.0005924544328857,0.0005473196843545,0,0.98001534,0.0
8528,0.0021440725175943,0.0002918256463656,0,0.9806887,0.0
8529,0.0028806924580991,0.000102204822927,0,0.9810888,0.0
8530,0.0017852042218295,0.0004117741642861,0,0.980906,0.0
8531,0.002221108771928,0.0002628218127378,0,0.9814058,0.0
8532,0.0013692607183719,0.0004607204652333,0,0.9830381,0.0
8533,0.0028589773469649,0.0020154223052226,0,0.9839183,0.0
8534,0.0046145267964455,0.0036648356955162,0,0.98520017,0.0
8535,0.0060150286113197,0.0050179170342716,0,0.9863557,0.0
8536,0.0066393347214119,0.005926069333054,0,0.98622715,0.0
8537,0.0052820289551051,0.0054168659595905,0,0.9853478,0.0
8538,0.0061216863329232,0.0048882322360602,0,0.98414373,0.0
8539,0.0056664206134767,0.0035725993039498,0,0.9826575,0.0
8540,0.0057449021307292,0.0032132145201074,0,0.9799776,0.0
8541,0.0043102583114664,0.0021108168648974,0,0.9746879,0.0
8542,0.0029344445607288,0.0013459403606038,0,0.96730095,0.0
8543,0.0026168471779342,0.0025397599318086,0,0.95548284,0.0
8544,0.0020312508207879,0.0022560890616592,0,0.9413003,0.0
8545,8.949997929646307e-05,0.0010271194298616,0,0.9356319,0.0
8546,0.001374265409083,0.0011943906295981,0,0.9303404,0.0
8547,0.0009526737171781,0.0012086094974812,0,0.935231,0.0
8548,0.0016754887487839,0.0007500864778922,0,0.9492366,0.0
8549,0.0008474810397699,0.0006042056669089,0,0.96126235,0.0
8550,0.0009803103551811,0.0006657178607188,0,0.9670464,0.0
8551,0.0008406178297197,0.0002381553333218,0,0.9719179,0.0
8552,0.001839726756693,0.0003520673719115,0,0.97487855,0.0
8553,0.0010299859996906,0.0004452775349301,0,0.9762242,0.0
8554,0.0006035869594637,0.0001461435989864,0,0.97685397,0.0
8555,0.0006785904341939,4.732414638626698e-05,0,0.97733927,0.0
8556,0.0002068021925603,2.4416247389761032e-05,0,0.97777843,0.0
8557,0.002030004367761,4.264544161959345e-05,0,0.97850513,0.0
8558,0.0038764475891506,6.24232708348445e-05,0,0.9789295,0.0
8559,0.0029537408041814,0.0002344377508233,0,0.97862875,0.0
8560,0.0023731950087764,0.0002825734939389,0,0.9773955,0.0
8561,0.0026330479540649,0.0008535345123846,0,0.9746595,0.0
8562,0.0009997745225594,0.0006257128904591,0,0.97141427,0.0
8563,0.0001425280717192,0.0001195131159033,0,0.9689448,0.0
8564,0.0001014558328961,7.550572677303017e-05,0,0.9647943,0.0
8565,0.0006286375526885,0.0007011131843851,0,0.9638687,0.0
8566,0.0020303873588069,0.0019979839428907,0,0.9640777,0.0
8567,0.0032291422619471,0.0018593392300386,0,0.9625553,0.0
8568,0.0033610098728376,0.0011948237708688,0,0.95884484,0.0
8569,0.0035245727293278,0.0008448267134813,0,0.9464281,0.0
8570,0.0051283356369403,0.0003100789485372,0,0.85812765,0.0
8571,0.0068999966381743,0.0008296370381807,0,0.17394158,0.0
8572,0.0048855670623429,0.0008283628642721,0,0.0,0.0
8573,0.0037569081594266,0.0010349102073199,0,0.0,0.0
8574,0.0038915239849404,0.0016125373314236,0,0.0,0.0
8575,0.0032245684677151,0.0018342786056511,0,0.0,0.0
8576,0.0040293041281815,0.0018779155208419,0,0.0,0.0
8577,0.0062686542884063,0.002028133609916,0,0.0,0.0
8578,0.0074030638584052,0.0028101454362507,0,0.0,0.0
8579,0.0068392369079637,0.0033634743870952,0,0.0,0.0
8580,0.0081475374152807,0.0037117434937956,0,0.0,0.0
8581,0.0085882044660956,0.0056569423073312,0,0.0,0.0
8582,0.0090109921776138,0.0091504057905573,0,0.0,0.0
8583,0.009213817723729,0.0107034180158421,0,0.0,0.0
8584,0.0084418408939136,0.0111781458804153,0,0.0,0.0
8585,0.0083702427582257,0.0083340473853415,0,0.0,0.0
8586,0.0080728733065938,0.0070401573305597,0,0.0,0.0
8587,0.0065563790970773,0.0066530144144772,0,0.0,0.0
8588,0.0079243698499846,0.0065345723507635,0,0.0,0.0
8589,0.0071596012819825,0.0081401149588944,0,0.0,0.0
8590,0.0077857277694679,0.0074280848815458,0,0.0,0.0
8591,0.0079953789448291,0.0076327914154628,0,0.0,0.0
8592,0.0060846761356746,0.006705737839102,0,0.0,0.0
8593,0.0074767964295763,0.0054878779835772,0,0.0,0.0
8594,0.0063990902474401,0.005870343524903,0,0.0,0.0
8595,0.0061495778469033,0.006632770976988,0,0.0,0.0
8596,0.005732478079594,0.005437968972755,0,0.0,0.0
8597,0.0034067782698659,0.0033911716096329,0,0.0,0.0
8598,0.0023559874984448,0.0028107005290316,0,0.0,0.0
8599,0.0016177921565819,0.0029431630214412,0,0.0,0.0
8600,0.0005964947583446,0.0031097793366868,0,0.0,0.0
8601,0.001581229979203,0.0016945037404609,0,0.0,0.0
8602,0.0006407066441354,0.0002396458441164,0,0.0,0.0
8603,0.0008237786590961,0.0001960402451913,0,0.0,0.0
8604,0.002040220827257,0.0003740590673542,0,0.0,0.0
8605,0.0011221300904429,0.0001043171229291,0,0.0,0.0
8606,0.0002595135247755,6.779558224357614e-05,0,0.0,0.0
8607,0.0001396228566365,0.0001671577176386,0,0.0,0.0
8608,0.0003151649007429,8.482295218907391e-05,0,0.0,0.0
8609,0.000115286131737,8.961089139511198e-05,0,0.0,0.0
8610,0.0003352489112885,0.0001296278040646,0,0.0,0.0
8611,0.0013156582533913,0.0001714181953144,0,0.0,0.0
8612,0.0004200194663844,0.0003264184809307,0,0.0,0.0
8613,0.0004802473661855,0.0002669163476216,0,0.0,0.0
8614,0.0006517845439424,0.0003348196763923,0,0.0,0.0
8615,0.0004355534003754,0.0003266146918934,0,0.0,0.0
8616,0.0007106499143264,0.0002512517264638,0,0.0,0.0
8617,0.0020230354810894,0.000232185324205,0,0.0,0.0
8618,0.0030704440965603,0.0001829552921964,0,0.0,0.0
8619,0.0026774859426817,0.0001998289706741,0,0.0,0.0
8620,0.0026598353852544,0.0005834282145053,0,0.0,0.0
8621,0.0014107891071751,0.0002867588214545,0,0.0,0.0
8622,0.0010617462274998,0.000142495086283,0,0.0,0.0
8623,0.0019893137672387,0.0001840403358871,0,0.0,0.0
8624,0.0011813146347513,0.0001714073564963,0,0.0,0.0
8625,0.0011069728046311,0.000127573785147,0,0.0,0.0
8626,0.0018218275188756,0.0006566597312253,0,0.0,0.0
8627,0.0036173605662497,0.0006808159565978,0,0.0,0.0
8628,0.0044633229320575,0.0004038262973475,0,0.0,0.0
8629,0.0036291873610148,0.0004552418168348,0,0.0,0.0
8630,0.0020681031743669,0.000278506482927,0,0.0,0.0
8631,0.0011547884300865,0.0005562287194108,0,0.0,0.0
8632,0.0004381937381418,0.0006678685990678,0,0.0,0.0
8633,0.0001206897816852,0.0007910166635817,0,0.0,0.0
8634,0.0006276081248329,0.0001964322528512,0,0.0,0.0
8635,0.0002798524218817,0.0003700831262614,0,0.0,0.0
8636,0.00098129489754,0.000288656423369,0,0.0,0.0
8637,0.0010465298728045,0.0004596524525307,0,0.0,0.0
8638,0.0005645862084116,0.0006361615612949,0,0.0,0.0
8639,0.0003106706127022,0.0004530891811187,0,0.0,0.0
8640,0.000496225471137,0.000439028318328,0,0.0,0.0
8641,0.0004368856270077,0.0003471112291972,0,0.0,0.0
8642,0.000348103309139,0.0004716223814334,0,0.0,0.0
8643,0.0006553508902504,0.0002456790317461,0,0.0,0.0
8644,0.0007220921003987,0.0001000726404669,0,0.0,0.0
8645,0.0008746700589209,0.0002231168257196,0,0.0,0.0
8646,0.0005362852964766,0.0002787177545807,0,0.0,0.0
8647,0.0005734647804161,0.0001385383891316,0,0.0,0.0
8648,0.000447933120545,0.0002587392723161,0,0.0,0.0
8649,0.000645569842019,0.000256798835256,0,0.0,0.0
8650,0.0004445672777163,0.0002206472465175,0,0.0,0.0
8651,0.0002459521252169,7.110222791775188e-05,0,0.0,0.0
8652,0.0001394207128307,1.6999648868719647e-05,0,0.0,0.0
8653,2.9044212771205167e-05,7.069708370617652e-05,0,0.0,0.0
8654,0.0001241342575077,1.9433589651033592e-05,0,0.0,0.0
8655,6.180203648932034e-05,9.451271374320544e-06,0,0.0,0.0
8656,6.550492480379218e-05,3.478501209797907e-05,0,0.0,0.0
8657,0.0002837013755928,1.4477854297328227e-05,1,0.0,0.0
8658,0.0001040769840982,5.6351532433629695e-06,1,0.0,0.0
8659,0.0001908423199576,7.314008865336466e-06,1,0.0,0.0
8660,5.0142029463669306e-05,4.847916689245556e-06,1,0.0,0.0
8661,1.656261643488644e-05,3.802340455661951e-05,1,0.0,0.0
8662,5.984967712047832e-05,7.296975575408904e-05,1,0.0,0.0
8663,3.588448666820016e-05,2.081318113494933e-05,0,0.0,0.0
8664,0.0001554891070625,6.476735740180698e-06,0,0.0,0.0
8665,0.0001245235942491,1.5841790339993554e-05,0,0.0,0.0
8666,3.0493416009815095e-05,1.8702804365266327e-05,0,0.0,0.0
8667,2.985871305626964e-05,1.8883780273369678e-05,0,0.0,0.0
8668,0.0001182776407651,9.687045376853708e-05,0,0.0,0.0
8669,5.07618361248039e-05,9.010868244389322e-05,0,0.0,0.0
8670,1.2907832864854684e-05,2.776894555126639e-05,0,0.0,0.0
8671,1.0245301016070478e-05,1.6992532183429587e-05,0,0.0,0.0
8672,7.220681643882751e-05,1.4879031854498724e-05,0,0.0,0.0
8673,0.0002186781553478,2.460583068827592e-05,0,0.0,0.0
8674,0.0004116863059968,0.0001164811752267,0,0.0,0.0
8675,0.0008485200714879,0.0002649773975637,0,0.0,0.0
8676,0.0011559413334876,0.0001504779584929,0,0.0,0.0
8677,0.0013383172988462,0.0001885455822252,0,0.0,0.0
8678,0.0034706470714662,0.0001569986859946,0,0.0,0.0
8679,0.003052802456709,0.0001512287974203,0,0.0,0.0
8680,0.0022519740395768,0.0004397513903185,0,0.0,0.0
8681,0.0038724567190304,0.0005994612849048,0,0.0,0.0
8682,0.0038929753351637,0.0004978820653314,0,0.0,0.0
8683,0.0037303730862515,0.0004487170443266,0,0.0,0.0
8684,0.0026577038174522,0.0004007029549306,0,0.0,0.0
8685,0.0030353456430425,0.000395793745767,0,0.0,0.0
8686,0.0020127355278352,0.000600160539044,0,0.0,0.0
8687,0.0013363722688064,0.0005737310974493,0,0.0,0.0
8688,0.0013448745769109,0.000510518063383,0,0.0,0.0
8689,0.0011194265753824,0.0003820579203009,0,0.0,0.0
8690,0.0002663177067425,0.0003197591268803,0,0.0,0.0
8691,0.000178702126852,0.0002057535188209,0,0.0,0.0
8692,0.0007539096220235,8.437112887497645e-05,0,0.0,0.0
8693,0.0003412088236965,0.0001679592197021,0,0.0,0.0
8694,6.961950538150705e-05,5.276019434320845e-05,0,0.0,0.0
8695,0.0002148497801968,5.9261205396923456e-05,0,0.0,0.0
8696,0.0003877699965469,0.0002302021113387,0,0.0,0.0
8697,0.0002694249877795,0.0001005663559539,0,0.0,0.0
8698,0.000352916880201,0.0001767267216264,0,0.0,0.0
8699,0.0009470005162875,0.0001628150023246,0,0.0,0.0
8700,0.0008251268777446,0.0004938548863503,0,0.0,0.0
8701,0.0010564624183851,0.0003824277807213,0,0.0,0.0
8702,0.0015776750473027,0.0002773682185528,0,0.0,0.0
8703,0.001273373157705,0.0004205379012016,0,0.0,0.0
8704,0.0011966786461936,0.000398831771965,0,0.0,0.0
8705,0.0003137664117963,7.299290146014749e-05,0,0.0,0.0
8706,0.0002416777981093,8.053961430902082e-05,0,0.0,0.0
8707,0.0009240210376781,0.0001551383611014,0,0.0,0.0
8708,0.0029263577552226,0.0003026912836221,0,0.0,0.0
8709,0.0046662204662803,0.0005646537680824,0,0.0,0.0
8710,0.0041508655653893,0.0001360474274665,0,0.0,0.0
8711,0.0021398600348997,0.0003348509220564,0,0.0,0.0
8712,0.0022422552518927,0.0013387952669096,0,0.0,0.0
8713,0.0040915590440855,0.002399401753109,0,0.0,0.0
8714,0.0062410326987654,0.0043558121484825,0,0.0,0.0
8715,0.0079463703847738,0.0064156083052217,0,0.0,0.0
8716,0.0081371356162749,0.007044226653257,0,0.0,0.0
8717,0.007680842319972,0.0075185317591297,0,0.0,0.0
8718,0.007986919173041,0.0071131182408987,0,0.0,0.0
8719,0.0074077892696572,0.0063711672986037,0,0.0,0.0
8720,0.0066538384644045,0.0065259343930275,0,0.0,0.0
8721,0.0060273963646217,0.0068780482413649,0,0.0,0.0
8722,0.005925668555407,0.008188564414975,0,0.0,0.0
8723,0.0058645674801924,0.0086670152454458,0,0.0,0.0
8724,0.0061076698879491,0.0071263166744115,0,0.0,0.0
8725,0.0056335680576458,0.0064414831710062,0,0.0,0.0
8726,0.0055709612613596,0.0058641924212862,0,0.0,0.0
8727,0.0059865440569643,0.0054711660595519,0,0.0,0.0
8728,0.0042292963584319,0.0053413955216482,0,0.0,0.0
8729,0.0041483425669066,0.0039401689634543,0,0.0,0.0
8730,0.0036752402221987,0.0035755038788279,0,0.0,0.0
8731,0.0024028693880837,0.0024622734896879,0,0.0,0.0
8732,0.00163691695079,0.0027078627874041,0,0.0,0.0
8733,0.004031543104423,0.0020348537457784,0,0.0,0.0
8734,0.003609292849418,0.0007782185237436,0,0.0,0.0
8735,0.0017013987066247,0.0005594178742557,0,0.0,0.0
8736,0.0018032384558963,0.0011191522053645,0,0.0,0.0
8737,0.0022351727482671,0.000726290946419,0,0.0,0.0
8738,0.0027072990061364,0.0002034994935995,0,0.0,0.0
8739,0.0028978516993887,0.000370332536065,0,0.0,0.0
8740,0.002934811700325,0.0006841341580617,0,0.0,0.0
8741,0.001636641914224,0.0003060114143634,0,0.0,0.0
8742,0.0025106518893199,0.0006545203736892,0,0.0,0.0
8743,0.0038746352592317,0.0016244017166608,0,0.0,0.0
8744,0.0051847423863687,0.0019640892185269,0,0.0,0.0
8745,0.0049431883749776,0.0020530014678464,0,0.0,0.0
8746,0.0050061676869551,0.0026200257700871,0,0.0,0.0
8747,0.0029449440072692,0.0027437624404876,0,0.0,0.0
8748,0.0019987409660081,0.0019700038950646,0,0.0,0.0
8749,0.0027177239391698,0.0012038774581618,0,0.0,0.0
8750,0.001278072611214,0.0003047385183476,0,0.0,0.0
8751,0.0003361290317957,0.0005072408215581,0,0.0,0.0
8752,0.0011107042163957,0.0005649773992028,0,0.0,0.0
8753,0.0027651441719444,5.28770231867906e-05,0,0.0,0.0
8754,0.0014993451380354,0.0006761005872023,0,0.0,0.0
8755,0.0009710583158556,0.0008253034691145,0,0.0,0.0
8756,0.0008729293605063,0.0001822050952241,0,0.0,0.0
8757,0.0003567347714249,0.0001407875862936,0,0.0,0.0
8758,0.0001607067751683,0.0001583569920005,0,0.0,0.0
8759,7.042630310943709e-05,6.244936825909998e-05,0,0.0,0.0
8760,0.0005288296119248,0.0001226065495807,0,0.0,0.0
8761,0.0010136770517496,0.0002231128472265,0,0.0,0.0
8762,0.0008729280042242,0.0005532810940893,0,0.0,0.0
8763,0.0004268413830507,0.0004036494261201,0,0.0,0.0
8764,0.0007073633411128,0.0001868336019815,0,0.0,0.0
8765,0.0005473391315641,2.4817260033430487e-05,0,0.0,0.0
8766,0.0004540409725698,7.316608905534948e-05,0,0.0,0.0
8767,0.0006965220241517,0.0001163963207775,0,0.0,0.0
8768,0.0004267688492829,2.879422520801581e-05,0,0.0,0.0
8769,2.085385514092381e-05,3.643377340158295e-05,0,0.0,0.0
8770,0.0004145631999257,0.0001798636340751,0,0.0,0.0
8771,0.0009835851157423,0.0002101994581922,0,0.0,0.0
8772,0.0006056842136177,0.0001082592259372,0,0.0,0.0
8773,0.0003487596563348,0.0002346662478511,0,0.0,0.0
8774,0.0005861284107681,8.756526912973817e-05,0,0.0,0.0
8775,0.0001306427777207,0.0001298419141141,0,0.0,0.0
8776,0.0011512754505442,0.0002860369825608,0,0.0,0.0
8777,0.0009176270832901,0.0010532900408232,0,0.0,0.0
8778,0.0004192298146684,0.0021788123370649,0,0.0,0.0
8779,0.0005980409708452,0.0020991139048753,0,0.0,0.0
8780,0.0004918887342918,0.0006909281846612,0,0.0,0.0
8781,0.0006963907269224,0.0005628879319106,0,0.0,0.0
8782,0.0010459999813716,0.0006513688107424,0,0.0,0.0
8783,0.0018706985615724,0.0005201390414759,0,0.0,0.0
8784,0.0012258611394079,0.0012107877444457,0,0.0,0.0
8785,0.002599790570262,0.0016915345796595,0,0.0,0.0
8786,0.0031766212633707,0.001010609833162,0,0.0,0.0
8787,0.006636863644915,0.0010264866639314,0,0.0,0.0
8788,0.008735768290891,0.0014006480906305,0,0.0,0.0
8789,0.0065798942139307,0.0009382547696612,0,0.0,0.0
8790,0.00440449083227,0.0004888774996969,0,0.0,0.0
8791,0.0028495362106402,0.0001691420523748,0,0.0,0.0
8792,0.0018124491263118,0.0002882730926183,0,0.0,0.0
8793,0.0010404191139076,0.0004158943659866,0,0.0,0.0
8794,0.0020371570047332,0.0005808600539529,0,0.0,0.0
8795,0.0023123718221208,0.0006022503796545,0,0.0,0.0
8796,0.0040989263938615,0.0006363939849844,0,0.0,0.0
8797,0.0041019394337424,0.0006804714116417,0,0.0,0.0
8798,0.005773468226972,0.0007784680159349,0,0.0,0.0
8799,0.0061316337724773,0.0004816082463339,0,0.0,0.0
8800,0.0036522807150554,0.0011013436929283,0,0.0,0.0
8801,0.0036241835289906,0.00085041118533,0,0.0,0.0
8802,0.002642292616322,0.0004067738076528,0,0.0,0.0
8803,0.0009043237802837,0.0002484758640023,0,0.0,0.0
8804,0.0005776387474616,0.0001083825047721,0,0.0,0.0
8805,5.820315522886459e-05,0.0002737278556471,0,0.0,0.0
8806,0.0003409560311339,8.839468116402778e-05,0,0.0,0.0
8807,0.0005242513890034,8.51583167285832e-05,0,0.0,0.0
8808,0.0002800982768241,0.0001158712965831,0,0.0,0.0
8809,0.0005048397391682,0.0001925400178228,0,0.0,0.0
8810,0.0005154597775248,0.0001551507471789,0,0.0,0.0
8811,0.0003193815734465,2.614013667855624e-05,0,0.0,0.0
8812,0.0005558557593224,0.0002023534605149,0,0.0,0.0
8813,0.0020695627942292,0.0006350614859608,0,0.0,0.0
8814,0.0017804134671419,0.0006624393888314,0,0.0,0.0
8815,0.0012189566485327,0.0007341974605974,0,0.0,0.0
8816,0.0012986804080287,0.0006400307472375,0,0.0,0.0
8817,0.0021955004369461,0.0011928500211966,0,0.0,0.0
8818,0.0014551107473804,0.001091109248022,0,0.0,0.0
8819,0.0002825123042271,0.0005026800845837,0,0.0,0.0
8820,0.0007667187403249,0.0002021424052827,0,0.0,0.0
8821,0.0001290303175452,0.0001394224098748,0,0.0,0.0
8822,0.0006736890713507,0.0004730084607818,0,0.0,0.0
8823,0.0013383990731169,0.0004107103798372,0,0.0,0.0
8824,0.0019844590870466,0.0003176994550069,0,0.0,0.0
8825,0.0023171375361696,0.0003116638355184,0,0.0,0.0
8826,0.0018936198090909,0.0004965084022199,0,0.0,0.0
8827,0.0019912540809109,0.0006442644755905,0,0.0,0.0
8828,0.0031848260264877,0.0007233655659542,0,0.0,0.0
8829,0.002997573064147,0.0003256477074155,0,0.0,0.0
8830,0.0024725123541135,0.000545006866518,0,0.0,0.0
8831,0.0021209479467654,0.0006344838964984,0,0.0,0.0
8832,0.0027947239585183,0.0016768443909019,0,0.0,0.0
8833,0.0037170523628774,0.0024706598812028,0,0.0,0.0
8834,0.0052065916151725,0.0038670629353605,0,0.0,0.0
8835,0.0063031842688585,0.004531946553433,0,0.0,0.0
8836,0.006266999452691,0.0036067118987541,0,0.0,0.0
8837,0.0061575929328918,0.0043972792107582,0,0.0,0.0
8838,0.0066686062559219,0.0067420713235594,0,0.0,0.0
8839,0.0060460768571661,0.0072276411095989,0,0.0,0.0
8840,0.0052381594252385,0.0057365173389992,0,0.0,0.0
8841,0.0042587985910383,0.0050047657443355,0,0.0,0.115935504
8842,0.0029011508596114,0.0044060078956698,0,0.0,0.16514818
8843,0.0035289682033149,0.0020529621159007,0,0.0,0.29133365
8844,0.0048066806161559,0.0008331578434683,0,0.0,0.5385817
8845,0.002455556951582,0.0025006919968693,0,0.0,0.71743757
8846,0.0015282353644987,0.0012152907032605,0,0.0,0.8077137
8847,0.0015920130887629,0.0003054438842827,0,0.0,0.85978603
8848,0.0001510095887105,0.0004464642353443,0,0.0,0.86554676
8849,0.0021360946349352,0.0001778202205744,0,0.0,0.85089844
8850,0.0015824154002829,0.0002405243917083,0,0.0,0.83100456
8851,0.0012544251649739,0.000387585190331,0,0.0,0.7913331
8852,0.0025495633341934,0.0009800917006397,0,0.0,0.7362069
8853,0.0023075937919957,0.0011347277134703,0,0.0,0.6820891
8854,0.0012400598879325,0.0004408175074347,0,0.0,0.6514552
8855,0.0005915237840223,0.0001519662366933,0,0.0,0.6349693
8856,0.0024154671398141,0.0011831522371225,0,0.0,0.65111625
8857,0.0029681098911384,0.0022522809632354,0,0.0,0.7446377
8858,0.0031915197897289,0.002364223517898,0,0.0,0.84559214
8859,0.0025289327439297,0.0013228171436888,0,0.0,0.90716046
8860,0.0026629332900682,0.0006664666387524,0,0.0,0.93482846
8861,0.000753070559535,0.0013488016551807,0,0.0,0.9486442
8862,0.001036415023497,0.0015607822623972,0,0.0,0.9572254
8863,0.0014528202343972,0.0016783950613773,0,0.0,0.9617037
8864,0.0007075776225172,0.0015689833660704,0,0.0,0.9638547
8865,0.0010495975052417,0.0021632504433833,0,0.0,0.96468294
8866,0.0015745010996071,0.0012971350294701,0,0.0,0.9651669
8867,0.0011545749568057,0.0010367826518331,0,0.0,0.96413654
8868,0.0007307821108681,0.0013118237924377,0,0.0,0.9625528
8869,0.0001922078761319,0.0005482953325894,0,0.0,0.960883
8870,0.0003003671395406,0.0002475107653157,0,0.0,0.9592835
8871,0.0008832485765247,5.308218843389629e-05,0,0.0,0.9581104
8872,0.001478983470544,0.0002171106297605,0,0.0,0.9576236
8873,0.0005085650107699,0.0002444832581306,0,0.0,0.9578586
8874,0.0001729333861141,0.000589069861331,0,0.0,0.9576979
8875,0.0001838437114369,5.278054251420833e-05,0,0.0,0.9579883
8876,0.0001591414707503,0.0004889325831329,0,0.0,0.9577693
8877,0.0006401476128155,0.0003500486890487,0,0.0,0.9560299
8878,0.0007436909121222,0.0002322070296208,0,0.0,0.9539937
8879,0.000346221373732,9.806241598567456e-05,0,0.0,0.95228463
8880,0.0010408646143243,0.000167335543371,0,0.0,0.9512845
8881,2.305959072909893e-05,0.0001382303256706,0,0.0,0.9511237
8882,0.0010167477392173,8.443185795199582e-05,0,0.0,0.9525034
8883,0.0003337542975005,9.755548568340092e-05,0,0.0,0.9538727
8884,0.0005173828235927,0.0002838539260054,0,0.0,0.9549448
8885,0.0006310942356189,0.0001704505621779,0,0.0,0.95568645
8886,0.0002608749724643,0.0001754565744089,0,0.0,0.9548727
8887,0.0006161049146468,0.0001936257494197,0,0.0,0.95401335
8888,0.000601315240863,8.425862659643093e-05,0,0.0,0.95159
8889,0.0006710162931683,0.0002760079321814,0,0.0,0.946314
8890,0.0012359142582994,0.0008481483221871,0,0.0,0.9392456
8891,0.0013758955985519,0.0009448367646999,0,0.0,0.92157257
8892,0.0024524109381472,0.0007333289306732,0,0.0,0.8729079
8893,0.0022895078820794,0.0002950079400088,0,0.0,0.75747657
8894,0.0021763056057891,0.0002239370327037,0,0.0,0.5407764
8895,0.0028306939655559,0.0004236390397946,0,0.0,0.3060104
8896,0.0018649332122168,0.0003191290885238,0,0.0,0.17760782
8897,0.000835305419862,0.000189095340767,0,0.0,0.102726005
8898,0.0021163783692992,0.0011869674601882,0,0.0,0.0
8899,0.0018896903142217,0.0023810274772899,0,0.0,0.0
8900,0.0016851674197751,0.001509922396453,0,0.0,0.0
8901,0.0024312933560635,0.0012784797010871,0,0.0,0.0
8902,0.001439131934986,0.0010561333127027,0,0.0,0.0
8903,0.0005698336310251,0.0006283247892035,0,0.0,0.0
8904,0.0005159278954374,0.0005036260421008,0,0.0,0.0
8905,0.0011825628734754,0.0007604077717253,0,0.0,0.0
8906,0.0015612793062452,0.0010033490682817,0,0.0,0.0
8907,0.0010901169264612,0.0003327187933092,0,0.0,0.0
8908,0.0013260796001325,0.0004978281577864,0,0.0,0.0
8909,0.0007997864866694,0.0007143696832576,0,0.0,0.0
8910,0.000368200860833,0.0005787143546591,0,0.0,0.0
8911,0.0001554286933139,0.0002993761948403,0,0.0,0.0
8912,4.897271002775989e-05,0.0001142971594576,0,0.0,0.0
8913,0.0002245603087788,0.0002966921073815,0,0.0,0.0
8914,0.0001479377561925,0.000555591574325,0,0.0,0.0
8915,0.0001080163269233,0.0003103469300833,0,0.0,0.0
8916,0.0003108711110085,0.0001314833878546,0,0.0,0.0
8917,0.0006820196551702,0.0001330279877587,0,0.0,0.0
8918,0.0010354368131602,0.0001985426748122,0,0.0,0.0
8919,0.0005282455865162,0.0003291502356768,0,0.0,0.0
8920,0.0002858351919358,0.0003620615933701,0,0.0,0.0
8921,0.0006850069533553,0.0003276020632082,0,0.0,0.0
8922,0.0003015098145748,0.0003179986509022,0,0.0,0.0
8923,0.0017870390500832,0.0002354841316878,0,0.0,0.0
8924,0.0029300041533442,0.0006239853129248,0,0.0,0.22993577
8925,0.0032316760854748,0.0008971537746488,0,0.0,0.47456416
8926,0.0034800339991634,0.0007923492345281,0,0.0,0.7520044
8927,0.0031594772922146,0.0003913236284947,0,0.0,0.8836417
8928,0.0037723638767624,0.0002578459826046,0,0.0,0.92519575
8929,0.0029359773148915,0.0001502468773779,0,0.0,0.94179904
8930,0.0018408459944027,7.588029862299233e-05,0,0.0,0.9506578
8931,0.0011241873778931,0.0002191845100054,0,0.0,0.9563902
8932,0.0011782989215745,0.0003356414812348,0,0.0,0.9615065
8933,0.000545190862523,0.0005918761031255,0,0.0,0.9648015
8934,0.0002243303929636,0.0008037626113076,0,0.0,0.9669369
8935,0.0004557632556133,0.0002466294171391,0,0.0,0.9685259
8936,0.0003039597071185,0.0001709937581597,0,0.0,0.9689471
8937,0.0012969483478754,0.0001542138026213,0,0.0,0.96829325
8938,0.0031037974476237,0.0001176317714844,0,0.0,0.96809506
8939,0.0022232492694919,0.0002686956188505,0,0.0,0.9691901
8940,0.0007152190772635,0.0004024892296333,0,0.0,0.97103024
8941,0.0007880244876034,0.0007613768292297,0,0.0,0.97271276
8942,0.0008857155007887,0.0006131880930428,0,0.0,0.9737677
8943,0.0013708652006798,0.0009753671369525,0,0.0,0.9744597
8944,0.0003106940203185,0.0005969803320404,0,0.0,0.9749691
8945,0.0001182502144662,0.0003399010711055,0,0.0,0.97583413
8946,0.0005563876123882,0.0005248882489457,0,0.0,0.976943
8947,0.0008326418527724,7.484227953460801e-05,0,0.0,0.9778401
8948,0.0004369437489614,0.0004052960885221,0,0.0,0.9792658
8949,0.0004680535789329,0.0010426582742495,0,0.0,0.98055744
8950,0.0012432099008033,0.0004254433333233,0,0.0,0.9814489
8951,0.0027326123912314,0.000525684500191,0,0.0,0.98161346
8952,0.002832140115886,0.0017707280231848,0,0.0,0.98088855
8953,0.0014973027503789,0.001781510326309,0,0.0,0.9795711
8954,0.001283185904669,0.000738968663284,0,0.0,0.97829825
8955,0.0006613381641721,0.0008808005401105,0,0.0,0.9771907
8956,0.0009366721585759,0.0007977702595179,0,0.0,0.9758652
8957,0.00029598440536,0.0004256577592354,0,0.0,0.9753065
8958,0.0007987032020073,0.0004501065467415,0,0.0,0.9747531
8959,0.0021441839264663,0.0004160865004166,0,0.0,0.97411484
8960,0.0010980263253316,0.0006560866833014,0,0.0,0.9737359
8961,0.0013860482574373,0.0005407967158982,0,0.0,0.9722115
8962,0.0018339565529217,0.0002134310332247,0,0.0,0.9688594
8963,0.0020214128847012,0.0002290273240499,0,0.0,0.96615326
8964,0.0021978935584412,0.0007866454719372,0,0.0,0.96182764
8965,0.0011844248083808,0.0010512499368226,0,0.0,0.9502384
8966,0.0034811073559682,0.0011356832293995,0,0.0,0.938234
8967,0.0045884261700647,0.0017561311779113,0,0.0,0.892758
8968,0.0060153550847551,0.0018874571775284,0,0.0,0.79378486
8969,0.0025167385756317,0.0012296529219322,0,0.0,0.7156764
8970,0.0008425462900178,0.000704037397523,0,0.0,0.6630641
8971,0.0007881991332892,0.0007002050170329,0,0.0,0.6099474
8972,0.001333355568178,0.0008922048726436,0,0.0,0.57837135
8973,0.0016618659604841,0.000442768626365,0,0.0,0.42952323
8974,0.0015391680415287,0.0005542379744419,0,0.0,0.3130315
8975,0.0008289862433173,0.0003398256658501,0,0.0,0.21420918
8976,0.0012198141992666,0.0007268398000697,0,0.0,0.11878484
8977,0.0007128407856442,0.0007676136809679,0,0.0,0.0
8978,0.0007931636125949,0.0010184613648804,0,0.0,0.0
8979,0.0017628189880332,0.0020601224242203,0,0.0,0.0
8980,0.001796657806039,0.0024834223328864,0,0.0,0.0
8981,0.0014023695668679,0.0026339307710517,0,0.0,0.0
8982,0.0011816567686072,0.0024517960875579,0,0.0,0.0
8983,0.0019014406679715,0.0015940994702055,0,0.0,0.0
8984,0.0027892084972968,0.0015093136495506,0,0.0,0.0
8985,0.0030432152043433,0.0016013574247819,0,0.0,0.0
8986,0.003208535507871,0.0022088189455398,0,0.0,0.0
8987,0.0025387541732024,0.0026847715153056,0,0.0,0.0
8988,0.0019203995836503,0.0019772741776024,0,0.0,0.0
8989,0.00295662640222,0.0024125564818375,0,0.0,0.0
8990,0.005044819743262,0.0042163467948742,0,0.0,0.0
8991,0.0056208376408574,0.0044111742119916,0,0.0,0.0
8992,0.0048674645025811,0.0039970367940363,0,0.0,0.0
8993,0.0035244589577649,0.0045058113198134,0,0.0,0.0
8994,0.0040324221733322,0.0035008245502431,0,0.0,0.0
8995,0.0035257716462844,0.0031522064341582,0,0.0,0.0
8996,0.0041013381907809,0.0036545285788325,0,0.0,0.0
8997,0.0040691059339878,0.0045599001324881,0,0.0,0.0
8998,0.0035912327937333,0.0038787874036867,0,0.0,0.0
8999,0.0036251127447374,0.004489656241908,0,0.0,0.0
9000,0.0044482807515439,0.0049005235912557,0,0.0,0.0
9001,0.0055026030625508,0.005591534191768,0,0.0,0.0
9002,0.0039897511186139,0.0045767671765299,0,0.0,0.0
9003,0.0045801458009459,0.0051077866659769,0,0.0,0.0
9004,0.0041777997079825,0.0051257421248372,0,0.27878773,0.0
9005,0.0044267136598771,0.0041501330851988,0,0.6099724,0.0
9006,0.0041957799922692,0.0044984773081259,0,0.86145437,0.0
9007,0.0033368324787252,0.0027822769456049,0,0.9425216,0.0
9008,0.0033267663775087,0.0038656750712287,0,0.96270996,0.0
9009,0.0026396045629767,0.0041876830673784,0,0.9700652,0.0
9010,0.0018398940670846,0.0021001486135529,0,0.9737365,0.0
9011,0.0017369863215858,0.0009702803626574,0,0.9754022,0.0
9012,0.0010000566697287,0.000329080134395,0,0.9760014,0.0
9013,0.0005651781859615,0.000128422937703,0,0.9748952,0.0
9014,0.0014433679216661,0.0009127039581582,0,0.9702745,0.0
9015,0.0024869201221152,0.0017062227886675,0,0.9600672,0.0
9016,0.0038198978073545,0.002121023624464,0,0.9363329,0.0
9017,0.0052656508173261,0.0025096462089628,0,0.8654672,0.0
9018,0.0048887417053078,0.002189747482417,0,0.6032633,0.0
9019,0.0041472065357907,0.001565963072501,0,0.20182715,0.0
9020,0.003979610971832,0.0012438036326787,0,0.0,0.0
9021,0.0028321747387777,0.0005635728702113,0,0.0,0.0
9022,0.001753038375331,0.0012400098159098,0,0.0,0.0
9023,0.0026011022479621,0.0005470345192355,0,0.0,0.0
9024,0.0041657544090604,0.0004855864330391,0,0.0,0.0
9025,0.0041837112364164,0.0001792488053946,0,0.0,0.0
9026,0.0035530056821054,0.0001663909882475,0,0.0,0.0
9027,0.0011087020636088,0.0003310819926008,0,0.0,0.0
9028,0.0007683237472831,0.0002054860771743,0,0.0,0.0
9029,0.0016157919148141,8.840302295664772e-05,0,0.0,0.0
9030,0.0015551479473369,0.0001514508896271,0,0.0,0.0
9031,0.0023618552232031,0.0004948787495871,0,0.0,0.0
9032,0.0021024806280539,0.0003444398105101,0,0.0,0.0
9033,0.002783792682999,0.0004169901243144,0,0.0,0.0
9034,0.0025789129004056,0.0003863234503197,0,0.0,0.0
9035,0.0018990249274599,0.0004179779440618,0,0.0,0.0
9036,0.0012086500407306,0.0004760805467796,0,0.0,0.0
9037,0.000920613337626,0.0005205958600698,0,0.0,0.0
9038,0.0005019147216915,0.0005432977795957,0,0.0,0.0
9039,0.0016555332405975,0.0005417847482463,0,0.0,0.0
9040,0.0023130983850089,0.0005239978502776,0,0.0,0.0
9041,0.0015170077817183,0.0005448782307498,0,0.0,0.0
9042,0.0013682148091407,0.0007140520876243,0,0.0,0.0
9043,0.0008287785043987,0.0010258680233101,0,0.0,0.0
9044,0.0005861402211573,0.0017689708693787,0,0.0,0.0
9045,0.0011538133195017,0.0016329506830754,0,0.0,0.0
9046,0.0035309552343804,0.0011833583821785,0,0.0,0.0
9047,0.0037857617520299,0.0003122624271847,0,0.0,0.0
9048,0.0038568082216861,0.0001994113812518,0,0.0,0.0
9049,0.0048397189265258,0.0007702155449039,0,0.0,0.0
9050,0.0056850676153102,0.0002028874283535,0,0.0,0.0
9051,0.0038091273486942,0.0010567112081937,0,0.0,0.0
9052,0.0021284771078213,0.0007838700554243,0,0.0,0.0
9053,0.0024030863082474,0.0005545540603724,0,0.0,0.0
9054,0.003562495699078,0.0010340139460611,0,0.0,0.0
9055,0.0028121962665982,0.0014356632034244,0,0.0,0.0
9056,0.001108401689909,0.0015529243345578,0,0.13873032,0.0
9057,0.0007996393240441,0.0011409687095411,0,0.23850694,0.0
9058,0.0018659349375647,0.0013023305540382,0,0.40226343,0.0
9059,0.003772825229202,0.0016211488956344,0,0.6229843,0.0
9060,0.0034022518370403,0.0022747663787202,0,0.8087751,0.0
9061,0.002810882386977,0.0029433727103487,0,0.9013881,0.0
9062,0.0030327961633192,0.0020187647426975,0,0.93779904,0.0
9063,0.0022251227164155,0.0015110794307797,0,0.94787014,0.0
9064,0.0010975686228595,0.0015533644458736,0,0.94374895,0.0
9065,0.0016143739552575,0.0010012084258382,0,0.926022,0.0
9066,0.0019617552137212,0.0001679873363416,0,0.86440694,0.0
9067,0.0025202529726308,0.0003775331793876,0,0.66990864,0.0
9068,0.0034950011961554,0.0013631896420289,0,0.32536674,0.0
9069,0.0059041646536663,0.0024359845516072,0,0.113203585,0.0
9070,0.0063204259115906,0.0021284672568535,0,0.0,0.0
9071,0.0045939291465076,0.0011185851100782,0,0.0,0.0
9072,0.0038764050186621,0.0013820966420476,0,0.0,0.0
9073,0.0030235642979962,0.0015128048928428,0,0.0,0.0
9074,0.0027797858683847,0.0012100631274049,0,0.0,0.0
9075,0.0023531664316977,0.0007261569216054,0,0.0,0.0
9076,0.0008497304841865,0.0005216680458374,0,0.0,0.0
9077,0.0001094563774799,8.294155743164672e-05,0,0.0,0.0
9078,0.0003760389620781,0.0007583709245767,0,0.0,0.0
9079,0.000959624920872,0.0009998591118314,0,0.0,0.0
9080,0.0008610299547204,0.0005930996158261,0,0.0,0.0
9081,0.000192208126345,0.0001801833109573,0,0.0,0.0
9082,0.0002008534427778,9.822916939366116e-05,0,0.0,0.0
9083,0.0004574215402848,0.0001038829667294,0,0.0,0.0
9084,0.0005228819015956,0.000184595631476,0,0.0,0.0
9085,0.000499872035296,0.0001174960807994,0,0.0,0.0
9086,0.0009375766126745,0.0004989714607732,0,0.0,0.0
9087,0.0006612010221599,0.0003115497562319,0,0.0,0.0
9088,0.0005134086028866,0.0002913799748275,0,0.0,0.0
9089,0.0004311944695181,0.0001191951071345,0,0.0,0.0
9090,0.0004039506591592,0.0001741757923773,0,0.0,0.0
9091,0.0007863043480374,0.0001888709981872,0,0.0,0.0
9092,0.0014121017852441,7.800534306280749e-05,0,0.0,0.0
9093,0.0017868711220604,0.0006063398540718,0,0.0,0.0
9094,0.0017545302743506,0.0008655397127324,0,0.0,0.0
9095,0.002088973454427,0.000664455356981,0,0.0,0.0
9096,0.0030637311167359,0.000314538201527,0,0.0,0.0
9097,0.0020857893835175,0.0002272542682992,0,0.0,0.0
9098,0.0013666798060604,0.0004819769459423,0,0.0,0.0
9099,0.0014481997955107,0.0005490159278315,0,0.0,0.0
9100,0.0013078773944826,0.0002779985376394,0,0.0,0.0
9101,0.0007918346126872,0.0003279374946088,0,0.0,0.0
9102,0.0002679829277029,0.0002643934190804,0,0.0,0.0
9103,0.0001229626677287,7.35866113608605e-05,0,0.0,0.0
9104,0.0002650012969653,3.5128981151203075e-05,0,0.0,0.0
9105,0.0003916413924274,7.449208230524192e-05,0,0.0,0.0
9106,0.0007269698428154,0.0001796111207913,0,0.0,0.0
9107,0.0003325053638121,0.0002738627501345,0,0.0,0.0
9108,6.552180278457902e-05,0.0003399125587058,0,0.0,0.0
9109,0.0005259887957209,0.0001653811302191,0,0.0,0.0
9110,0.000427577078987,0.0002393597552068,0,0.0,0.0
9111,0.0004596035857468,0.0001247831852239,0,0.0,0.0
9112,0.0002776476017252,0.0001931770226544,0,0.0,0.0
9113,0.0001746104349872,0.0002991689166452,0,0.0,0.0
9114,0.0004338186078749,0.0004711845329413,0,0.0,0.0
9115,0.0014219691732525,0.000431155179234,0,0.0,0.0
9116,0.001063472701119,0.0002899116932804,0,0.0,0.0
9117,0.0008364623684353,0.0004626435705167,0,0.0,0.0
9118,0.0011596910438607,0.0003228118400137,0,0.0,0.0
9119,0.0013606603709557,0.0002206620046796,0,0.0,0.0
9120,0.0005699510943539,0.0002871958090304,0,0.0,0.0
9121,0.0005934942560197,0.0001130541350589,0,0.0,0.0
9122,0.0014672940336518,0.0001785272959232,0,0.0,0.0
9123,0.0015760608533925,0.0004840224163808,0,0.0,0.0
9124,0.0011050961991312,0.0003786140221911,0,0.0,0.0
9125,0.0010374924031285,0.0005618150671731,0,0.0,0.0
9126,0.0014929781783984,0.0001613133893559,0,0.0,0.0
9127,0.0014234295477271,7.711048174226198e-05,0,0.0,0.0
9128,0.0018793817990285,0.000318994875483,0,0.0,0.0
9129,0.0007666712993787,0.0004061764850141,0,0.0,0.0
9130,0.000803891171099,0.0001760425615726,0,0.0,0.0
9131,0.0003289562955054,3.694240021905842e-05,0,0.0,0.0
9132,5.860424980041425e-05,3.250405658135616e-05,0,0.0,0.0
9133,7.749250440022635e-05,8.1079019323725e-05,0,0.0,0.0
9134,0.0002860008082807,0.0001085490505647,0,0.0,0.0
9135,0.000238677331284,6.391302799369284e-05,0,0.0,0.0
9136,0.0003556929592807,9.838356867962928e-05,0,0.0,0.0
9137,0.0004397098644962,0.0001167910285398,0,0.0,0.0
9138,0.0003656510171593,0.0001911718171746,0,0.0,0.0
9139,0.0010350409064921,0.0001223775313707,0,0.0,0.0
9140,0.0003184834214169,0.0001021590833721,0,0.0,0.0
9141,0.0001901387972271,0.0001380035012424,0,0.0,0.0
9142,0.0002551762382078,0.0001219314085187,0,0.0,0.0
9143,0.0001752191505938,0.0001028252272891,0,0.0,0.0
9144,8.390029886838048e-05,5.30768967663256e-05,0,0.0,0.0
9145,0.0002286731841301,3.684137803370564e-05,0,0.0,0.0
9146,8.525414910821259e-05,1.5325773812106016e-05,0,0.0,0.0
9147,0.0001390613968388,7.893163594428624e-05,0,0.0,0.0
9148,0.0001395762618081,0.0001327408388016,0,0.0,0.0
9149,2.4840476483963013e-05,0.0001143144556937,0,0.0,0.0
9150,8.534385845697657e-05,6.855838470159669e-05,0,0.0,0.0
9151,0.0003295454353426,3.84710585215561e-05,0,0.0,0.0
9152,0.0001368525336182,0.0001204829205242,0,0.0,0.0
9153,0.0001571708430599,5.385704742356337e-05,0,0.0,0.0
9154,0.000135248684031,5.0498615074583744e-05,0,0.0,0.0
9155,0.0003491977651424,7.917343373028812e-05,1,0.0,0.0
9156,0.000215643135987,5.597371607158773e-05,1,0.0,0.0
9157,0.0002839470437169,0.0002246857689802,0,0.0,0.0
9158,0.0004795511828781,0.0002101690352855,0,0.0,0.0
9159,0.0002169941154132,0.000110943722788,0,0.0,0.0
9160,0.00012546742525,0.0001346674499751,0,0.0,0.0
9161,6.421853564433622e-05,0.0001125385073927,0,0.0,0.0
9162,0.0001470409524749,0.0001394319514172,0,0.0,0.0
9163,0.0001944037797641,0.0001687999230783,0,0.0,0.0
9164,0.0002189941519036,0.0001300605164859,0,0.0,0.0
9165,0.0002231180848436,0.0001209991953376,0,0.0,0.0
9166,0.0002708999847132,0.0001816202936293,0,0.0,0.0
9167,0.0002431922738289,7.864708590375841e-05,0,0.0,0.0
9168,0.0001912249875169,0.0001461370701548,0,0.0,0.0
9169,0.0001504248429753,5.470081248998735e-05,0,0.0,0.0
9170,0.0001788824192374,6.740663402242493e-05,0,0.0,0.0
9171,0.0008543329222988,0.0003709911898125,0,0.0,0.0
9172,0.0004464863892003,0.0004035309771285,0,0.0,0.0
9173,0.0006815310992803,8.995088110730187e-05,0,0.0,0.0
9174,0.0013956046961576,0.0001830491224873,0,0.0,0.0
9175,0.0024150873264007,0.0003239643050245,0,0.0,0.0
9176,0.0027144792170148,6.842703360046487e-05,0,0.0,0.0
9177,0.0038083961224133,0.000145612688324,0,0.0,0.0
9178,0.0050171350631763,0.0002313524502605,0,0.0,0.0
9179,0.0035672359883505,0.0001648160529623,0,0.0,0.0
9180,0.0027939559206891,0.0001470185303369,0,0.0,0.0
9181,0.0026275284013122,5.614484580083045e-05,0,0.0,0.0
9182,0.0029519486084855,0.0001824889301098,0,0.0,0.0
9183,0.0025680038773663,0.000431413989245,0,0.0,0.0
9184,0.0018078036649853,0.0004803231163516,0,0.0,0.0
9185,0.0018089583913996,5.857133350192548e-05,0,0.0,0.0
9186,0.0019852620921837,0.0002765365646543,0,0.0,0.0
9187,0.0004997505491945,0.0002280618385275,0,0.0,0.0
9188,0.0021426416580016,0.0001558670631317,0,0.0,0.0
9189,0.002950368748891,0.0001936928160995,0,0.0,0.0
9190,0.0035348388968513,0.0006067456026491,0,0.0,0.0
9191,0.0046402299425577,0.0012879590512371,0,0.0,0.0
9192,0.0036826913071966,0.0007887906340122,0,0.0,0.0
9193,0.0024120327550485,0.0006631645889988,0,0.0,0.0
9194,0.0016772143601789,0.0004678698102863,0,0.0,0.0
9195,0.0008492998236619,0.0005293179999389,0,0.0,0.0
9196,0.0007935893710579,0.0005152275363927,0,0.0,0.0
9197,0.0018926171453306,0.0002776291938428,0,0.0,0.0
9198,0.0018982141908939,0.0005697354576967,0,0.0,0.0
9199,0.0019445499609481,0.0010015890741193,0,0.0,0.0
9200,0.0008189521726304,0.0004417307379799,0,0.0,0.0
9201,7.428886446406102e-05,0.0003444434204976,0,0.0,0.0
9202,0.0008715771386946,0.0002721158393455,0,0.0,0.0
9203,0.0007165769986627,0.0003870279068414,0,0.0,0.0
9204,0.0005184745977618,0.0004675662168379,0,0.0,0.0
9205,0.0010543251194538,0.0005233412539509,0,0.0,0.0
9206,0.0026315168159114,0.0004474193755725,0,0.0,0.0
9207,0.0021349671710331,0.0010936425955007,0,0.0,0.0
9208,0.0023485186003157,0.0016402247285318,0,0.0,0.0
9209,0.0036137283942538,0.0017645176803203,0,0.0,0.0
9210,0.0039628231192272,0.0021221844250018,0,0.0,0.0
9211,0.0026710073127443,0.0023335126187874,0,0.0,0.0
9212,0.0016094595459996,0.0010013621505029,0,0.0,0.0
9213,0.0008404997970277,0.0006765042298478,0,0.0,0.0
9214,0.0004009341225047,0.0008160768132394,0,0.0,0.0
9215,0.0001603271147341,0.0004287250505868,0,0.0,0.0
9216,0.0002666456166101,0.00020487225189,0,0.0,0.0
9217,0.0001312088538759,4.540975706599809e-05,0,0.0,0.0
9218,0.0001924355945647,0.0002171831047094,0,0.0,0.0
9219,0.0001813503809463,0.000188836829767,0,0.0,0.0
9220,0.0002034575851348,4.818844762850695e-05,0,0.0,0.0
9221,0.0001533899962088,7.607551714412114e-05,0,0.0,0.0
9222,5.6008050521901024e-05,8.940345976904861e-05,0,0.0,0.0
9223,6.441183643791306e-05,9.772901859743328e-05,0,0.0,0.0
9224,1.683170325377295e-05,5.538511353469095e-05,0,0.0,0.0
9225,7.077769344308592e-06,8.710439762083464e-05,0,0.0,0.0
9226,2.5223628528237312e-05,7.280600943222585e-05,0,0.0,0.0
9227,1.8137166397910204e-05,2.240293567694411e-05,0,0.0,0.0
9228,6.610250070148465e-05,4.580464220584156e-05,0,0.0,0.0
9229,3.3572061798572454e-05,5.900485323487794e-05,0,0.0,0.0
9230,7.31152689478802e-05,8.681831735141842e-06,0,0.0,0.0
9231,8.263710214920953e-05,3.608412243222752e-05,0,0.0,0.0
9232,7.056208938929073e-05,9.111017654187988e-05,0,0.0,0.0
9233,8.559423273918984e-06,0.0001339882439567,0,0.0,0.0
9234,7.262212248026387e-05,8.921953942818193e-05,0,0.0,0.0
9235,5.0231580484796265e-05,1.5390584575964438e-05,0,0.0,0.0
9236,0.0001747524509047,4.704562656263628e-05,0,0.0,0.0
9237,0.0002397978438653,0.0002047695840234,0,0.0,0.0
9238,5.343610072099507e-05,0.0002589622065083,0,0.0,0.0
9239,4.682577422339277e-05,0.0006432821574187,0,0.0,0.0
9240,0.0003135216385169,0.0008198794910564,0,0.0,0.0
9241,0.000786898919377,0.0006291052032868,0,0.0,0.0
9242,0.001548520336274,0.0010490997514573,0,0.0,0.0
9243,0.0032822120997667,0.0010885462222151,0,0.0,0.0
9244,0.0035028079382883,0.0011803141533502,0,0.0,0.0
9245,0.0020566339607741,0.0015082887204418,0,0.0,0.0
9246,0.0010498285224793,0.0012728732510449,0,0.0,0.0
9247,0.0013047792281137,0.0014166700101375,0,0.0,0.0
9248,0.0017152927285109,0.0019024760555969,0,0.0,0.0
9249,0.0012760246152006,0.0022251826532201,0,0.0,0.0
9250,0.0005372165617071,0.0018586909869592,0,0.0,0.0
9251,0.0007675528086057,0.0010855994107106,0,0.0,0.0
9252,0.002573599380356,0.0016603917137578,0,0.0,0.0
9253,0.0038332400404207,0.002673333841755,0,0.0,0.0
9254,0.0038777570322653,0.0034498798074578,0,0.0,0.0
9255,0.004424574976332,0.0042234421973075,0,0.0,0.0
9256,0.004481118320868,0.0033640892528549,0,0.0,0.0
9257,0.003431132576052,0.0030019721508268,0,0.0,0.0
9258,0.0017771869938322,0.0026439402144335,0,0.0,0.0
9259,0.0017875099624208,0.0014882731326218,0,0.0,0.0
9260,0.004490374020261,7.879346044512866e-05,0,0.0,0.0
9261,0.0037191390493365,0.0011489560756437,0,0.0,0.0
9262,0.0026067954914024,0.0016568731283585,0,0.0,0.0
9263,0.0029707402411048,0.0019657009368135,0,0.0,0.0
9264,0.0019407660440791,0.0017070104265723,0,0.0,0.0
9265,0.0021952387063914,0.0011472079276857,0,0.0,0.0
9266,0.0031649938699384,0.0011153843392409,0,0.0,0.0
9267,0.0024516336188526,0.0007950978913355,0,0.0,0.0
9268,0.0022913244099114,0.0004589759752745,0,0.0,0.0
9269,0.0022732496803227,0.0003659910094066,0,0.0,0.0
9270,0.0021087390927437,0.0003276238283374,0,0.0,0.0
9271,0.0024535820888689,0.0002860398910746,0,0.0,0.0
9272,0.0043445951036865,0.000241227641662,0,0.0,0.0
9273,0.0053614796562457,0.0001931733355397,0,0.0,0.0
9274,0.0040298709398523,0.0001418673538461,0,0.0,0.0
9275,0.0022205891704657,8.230668464022244e-05,0,0.0,0.0
9276,0.0015789488681514,1.462707026921415e-05,0,0.0,0.0
9277,0.0012470275872148,4.157311754021898e-05,0,0.0,0.0
9278,0.0008485730236749,0.0001104093687618,0,0.0,0.0
9279,4.362497298422907e-05,0.0001551929412567,0,0.0,0.0
9280,0.0007524133811092,0.0002248473272213,0,0.0,0.0
9281,0.000380343648134,0.0003148120947036,0,0.0,0.0
9282,0.0004457846929536,0.0003587105454344,0,0.0,0.0
9283,0.0006410574185952,0.0003404030796693,0,0.0,0.0
9284,0.0007674164162043,0.0002602719938334,0,0.0,0.0
9285,0.0010632692363182,0.0001396014360068,0,0.0,0.0
9286,0.0005123559529361,6.694025100033696e-05,0,0.0,0.0
9287,0.0002341760125994,5.607952395620093e-05,0,0.0,0.0
9288,0.0010761276471011,5.375568174770243e-05,0,0.0,0.0
9289,0.000697333986029,5.1545682814216994e-05,0,0.0,0.0
9290,0.0004045605649601,4.9491017651935656e-05,0,0.0,0.0
9291,0.0003883913247645,4.76369442372396e-05,0,0.0,0.0
9292,0.0003905828864756,4.603959954059109e-05,0,0.0,0.0
9293,0.0003898204532379,4.475031384181178e-05,0,0.0,0.0
9294,0.000386105526981,4.382857225354858e-05,0,0.0,0.0
9295,0.0003794264150578,4.3334649845407184e-05,0,0.0,0.0
9296,0.0003698048809092,4.33206506366299e-05,0,0.0,0.0
9297,0.0003572282538651,4.381476780703937e-05,0,0.0,0.0
9298,0.0003417152416843,4.483658516911277e-05,0,0.0,0.0
9299,0.0003232513757734,4.639879174364495e-05,0,0.0,0.0
9300,0.0003018803313087,4.848342246009176e-05,0,0.0,0.0
9301,0.000277591072305,5.1055872918051615e-05,0,0.0,0.0
9302,0.0002504159978487,5.408370043860439e-05,0,0.0,0.0
9303,0.0002204176809155,5.7531944889249765e-05,0,0.0,0.0
9304,0.0001876601321775,6.137066576316964e-05,0,0.0,0.0
9305,0.0001523362812926,6.555494046063656e-05,0,0.0,0.0
9306,0.0001148986475207,7.004527159624373e-05,0,0.0,0.0
9307,7.338079452288045e-05,7.481912190704818e-05,0,0.0,0.0
9308,0.0007533288616435,0.0001233593535537,0,0.0,0.0
9309,0.0031082784678109,0.0003428458950589,0,0.0,0.0
9310,0.0018278531235081,0.0005203379264674,0,0.0,0.0
9311,0.0023410370707409,0.0004440564521638,0,0.0,0.0
9312,0.0035816111036117,0.0011767459913942,0,0.0,0.0
9313,0.0037742823583148,0.0017772085501679,0,0.0,0.0
9314,0.0028405434741824,0.0013147938107768,0,0.0,0.0
9315,0.0022383492596991,0.0004848458866541,0,0.0,0.0
9316,0.0014773328199879,0.000614928364934,0,0.0,0.0
9317,0.0021809607571558,0.0009194634435177,0,0.0,0.0
9318,0.0012267432204024,0.0008789061569498,0,0.0,0.0
9319,0.0017893831899016,0.0009882619689593,0,0.0,0.0
9320,0.0014569540122062,0.0012395145738688,0,0.0,0.0
9321,0.0031773733869499,0.001679221715319,0,0.0,0.0
9322,0.0017471792115221,0.0016025382539444,0,0.0,0.0
9323,0.0008188862096213,0.0008477655151773,0,0.0,0.0
9324,0.0003970661576465,0.0001964043588446,0,0.0,0.0
9325,0.0001424185068687,0.000234870286926,0,0.0,0.0
9326,0.0002014152698848,6.397523609296944e-05,0,0.0,0.0
9327,0.0013115220573726,0.000180767236508,0,0.0,0.0
9328,0.0042146045424111,0.000601103365816,0,0.0,0.0
9329,0.0053122017595271,0.0006501547790452,0,0.0,0.0
9330,0.0050185799536479,0.0003484496212305,0,0.0,0.0
9331,0.0033878420562706,0.0006213827412364,0,0.0,0.0
9332,0.002646679092561,0.0006842378931753,0,0.0,0.0
9333,0.0025873588873607,0.0016857019535721,0,0.0,0.0
9334,0.0024017646429946,0.0016331655044555,0,0.0,0.0
9335,0.0013569639064908,0.000651454603374,0,0.0,0.0
9336,0.0004193089248226,0.0006789243819384,0,0.0,0.0
9337,0.0013072821721588,1.4336544410882533e-05,0,0.0,0.0
9338,0.0001035910846083,0.000864497105989,0,0.0,0.0
9339,0.00136557614964,0.0009471215328376,0,0.0,0.0
9340,0.0015194587231914,0.0003788073822937,0,0.0,0.0
9341,0.0023517690899161,5.5530818048265634e-05,0,0.0,0.0
9342,0.0024515783112557,0.0002829098672099,0,0.0,0.0
9343,0.0017812249260901,0.0007064439503273,0,0.0,0.0
9344,0.0006763690947176,0.0009504786955703,0,0.0,0.0
9345,0.0021535008279408,0.0011370160187295,0,0.0,0.0
9346,0.0015318396539331,0.0011441683122942,0,0.0,0.0
9347,0.0013828198032224,0.0009240689108821,0,0.0,0.0
9348,0.0029267195806398,0.0006232496338155,0,0.0,0.0
9349,0.0028463564033239,0.0003911283532633,0,0.0,0.0
9350,0.0033390137901282,0.0009050393582271,0,0.0,0.0
9351,0.002320954720167,0.0010991237781546,0,0.0,0.0
9352,0.0025236614816064,0.0003592551485528,0,0.0,0.0
9353,0.0022562864454446,0.0012854931975043,0,0.0,0.0
9354,0.0008492496863676,0.0015221909224867,0,0.0,0.0
9355,0.0005932692421904,0.000756600632693,0,0.0,0.0
9356,0.0009240988153166,0.0008373233435567,0,0.0,0.0
9357,0.0008569832885428,0.0002352190993088,0,0.0,0.0
9358,0.0008352106085072,0.0001773180761606,0,0.0,0.0
9359,0.0017999488851409,0.0004981453749155,0,0.0,0.0
9360,0.0018827634952482,0.0002108835964981,0,0.0,0.0
9361,0.0013909852774796,0.0001551392811149,0,0.0,0.0
9362,0.0025717909338793,0.0001634404315024,0,0.0,0.0
9363,0.0043266231672644,0.000225775823698,0,0.0,0.0
9364,0.0031866064520352,0.0007446306315086,0,0.0,0.0
9365,0.0022165060079901,0.0005154164169034,0,0.0,0.0
9366,0.0011475261413493,0.0003656703271341,0,0.0,0.0
9367,0.0021686319350069,0.0007404664634776,0,0.0,0.0
9368,0.001989537539023,0.0005131717151267,0,0.0,0.0
9369,0.0031784016722174,0.0006790715764613,0,0.0,0.0
9370,0.0028779335150446,0.0009696649388975,0,0.0,0.0
9371,0.002632638730266,0.0012264995255483,0,0.0,0.0
9372,0.0020311560952091,0.0010608918126227,0,0.0,0.0
9373,0.0012643101980991,0.0008344763787851,0,0.0,0.0
9374,0.0012095480674523,0.0009046587341432,0,0.0,0.0
9375,0.0007694736168186,0.0005553411548723,0,0.0,0.0
9376,0.0004893291706389,0.0004179273184316,0,0.0,0.0
9377,0.000743217545843,0.0002627509095443,0,0.0,0.0
9378,0.0009197917093067,0.0003805592825768,0,0.0,0.0
9379,0.0005422712113734,0.0004643429137576,0,0.0,0.0
9380,0.0005687736131481,0.0003054586688605,0,0.0,0.0
9381,0.0008332491617888,0.0002261193819516,0,0.0,0.0
9382,0.0005654379552776,0.000230517207222,0,0.0,0.0
9383,0.0001761599130523,0.0001254645622487,0,0.0,0.0
9384,4.537241056658915e-05,9.018488391362683e-06,0,0.0,0.0
9385,0.0003624044643597,6.370936379950716e-05,0,0.0,0.0
9386,0.0004161452488785,0.0001025183629695,0,0.0,0.0
9387,0.0002316713603818,0.0001854804476662,0,0.0,0.0
9388,0.0007232337498661,0.0003649181185273,0,0.0,0.0
9389,0.0003218191804106,0.0004552414505746,0,0.0,0.0
9390,0.0002157804601406,0.0003940686055544,0,0.0,0.0
9391,0.0006866696183318,0.0003248110213292,0,0.0,0.0
9392,0.0007322594186504,0.0003242697601125,0,0.0,0.0
9393,0.0004813657530539,0.0016975683537742,0,0.0,0.0
9394,0.0002881558030949,0.0020361285249174,0,0.0,0.0
9395,0.0009026910330465,0.0016679276787022,0,0.0,0.0
9396,0.0021618694121832,0.0012028226248629,0,0.0,0.0
9397,0.0023521267314039,0.0015116963214009,0,0.0,0.0
9398,0.00216196764751,0.0014349468100774,0,0.0,0.0
9399,0.00214402236391,0.0015291313963895,0,0.0,0.0
9400,0.0034746231152278,0.0028017615879722,0,0.0,0.0
9401,0.004283289456066,0.0035093294681328,0,0.0,0.0
9402,0.0044266609360067,0.0035152530818508,0,0.32532737,0.0
9403,0.0041088121334917,0.0034363235957322,0,0.70440716,0.0
9404,0.0030623510284235,0.0034537292457935,0,0.8118266,0.0
9405,0.0032128925507173,0.0030470113007655,0,0.834194,0.0
9406,0.0028010286627075,0.0026329354469266,0,0.84488493,0.0
9407,0.0017543518199042,0.0022290500138852,0,0.83573174,0.0
9408,0.0023558241559179,0.0009179118573798,0,0.8141214,0.0
9409,0.0025989009946382,0.0012902877872971,0,0.80691457,0.0
9410,0.0022134687337411,0.0020380036078248,0,0.82217485,0.0
9411,0.0014587225173902,0.0018415137646917,0,0.84831774,0.0
9412,0.0013743617545332,0.0023520771081016,0,0.88486564,0.0
9413,0.0013897407390988,0.0015766484463487,0,0.91387117,0.0
9414,0.0015733099344434,0.0006093992492299,0,0.93127173,0.0
9415,0.002311157174047,0.0004135134831552,0,0.9403281,0.0
9416,0.0017366038236531,0.0005029124641944,0,0.9428828,0.0
9417,0.0009189901506657,0.0001793781570876,0,0.9431413,0.0
9418,0.000766578819948,0.0001590162883723,0,0.9412146,0.0
9419,0.0006618088348423,0.0003792851792579,0,0.941802,0.0
9420,0.0002066781889384,0.0004894373669198,0,0.94284,0.0
9421,7.505104788848916e-05,0.0008209857426128,0,0.94188064,0.0
9422,0.0006298041886332,0.0003808128203946,0,0.941445,0.0
9423,0.0020689373015211,0.0001631384430628,0,0.9393584,0.0
9424,0.0013703358200509,0.0003782975600642,0,0.93596226,0.0
9425,0.0005947116878238,0.0006599013171972,0,0.93451375,0.0
9426,0.0008636426865759,0.0007688386615466,0,0.93271196,0.0
9427,0.0010826631392025,8.301373556269361e-05,0,0.92425054,0.0
9428,0.0023170997978689,0.0008559958055341,0,0.8920116,0.0
9429,0.0032289120770503,0.0008722191179884,0,0.75927275,0.0
9430,0.0023525183170275,0.000426152720242,0,0.52407354,0.0
9431,0.0018637894520584,8.21465756500157e-05,0,0.35732967,0.0
9432,0.0025548377824225,0.000248025696423,0,0.20175135,0.0
9433,0.0015664464064037,0.0002876185638677,0,0.0,0.0
9434,0.0017274887828046,0.0006138795538317,0,0.0,0.0
9435,0.0020224017958005,0.0006088918712714,0,0.0,0.0
9436,0.00189570085584,0.0009223800105868,0,0.0,0.0
9437,0.0038031893250118,0.0011198196395234,0,0.0,0.0
9438,0.003907017527127,0.0003663735635753,0,0.0,0.0
9439,0.002043196526373,0.0003090579883517,0,0.0,0.0
9440,0.0023197900245201,0.0012506606809981,0,0.0,0.0
9441,0.0020059190074976,0.0004912932380032,0,0.0,0.0
9442,0.0035525272532344,0.0003863800173695,0,0.0,0.0
9443,0.0051390669488829,0.0002187676557198,0,0.0,0.0
9444,0.0020584915692098,0.000105616572388,0,0.0,0.0
9445,0.0006875032829196,0.0001801876663292,0,0.0,0.0
9446,0.0017830536315103,0.000458278749936,0,0.0,0.0
9447,0.0005373814099419,0.0011388544920781,0,0.0,0.0
9448,4.254190136946296e-05,0.0008584551942286,0,0.0,0.0
9449,0.0003580295548981,0.0002339585163402,0,0.0,0.0
9450,0.0008511328241978,0.000171139579636,0,0.0,0.0
9451,0.0011992950003878,0.0004360031533448,0,0.0,0.0
9452,0.0004215633016906,0.0003566480041188,0,0.0,0.0
9453,0.000500847119668,0.0003907515665958,0,0.0,0.0
9454,0.0008427861659681,0.000600809857923,0,0.0,0.0
9455,0.0011383602591277,0.0001501585087035,0,0.0,0.0
9456,0.0013733012761422,0.0004082172228501,0,0.0,0.0
9457,0.001546072078703,0.0001017898661786,0,0.0,0.0
9458,0.0016561769910678,0.000433477180436,0,0.0,0.0
9459,0.0017034366676974,0.001774273871747,0,0.0,0.0
9460,0.0016878269146479,0.0006252038626726,0,0.0,0.0
9461,0.0016094454831319,0.000251436881343,0,0.0,0.0
9462,0.0014685604672554,0.0002613730703673,0,0.0,0.0
9463,0.0012657899224431,1.7819188664012357e-05,0,0.0,0.0
9464,0.0010027507260858,0.0003712707084156,0,0.0,0.0
9465,0.0006534606026173,0.0004283342151434,0,0.0,0.0
9466,0.0002945043590825,0.0008097604889436,0,0.0,0.0
9467,0.0003161995697965,0.0010992431443709,0,0.0,0.0
9468,0.000815818144962,0.0002444946858435,0,0.0,0.0
9469,0.0012494160240713,0.0001379981929545,0,0.0,0.0
9470,0.0015338081677072,0.0002801676682502,0,0.0,0.0
9471,0.0016989865372847,9.44887050098093e-05,0,0.0,0.0
9472,0.0017436306692102,0.0007128669032511,0,0.0,0.0
9473,0.0017302540342837,0.000460581162664,0,0.0,0.0
9474,0.002221282636172,0.0002106752236114,0,0.0,0.0
9475,0.0033554324931731,0.0001897287165492,0,0.0,0.0
9476,0.0016308848455394,0.000593879159818,0,0.0,0.0
9477,0.0010642669364771,0.0009856068919587,0,0.0,0.0
9478,0.0006428016665681,0.0011820504257159,0,0.0,0.0
9479,0.0002999043059288,0.0001885432174033,0,0.0,0.0
9480,0.0017566413061409,0.0004232840786246,0,0.0,0.0
9481,0.0039512217175592,0.0004414492737342,0,0.0,0.0
9482,0.002747980116205,0.0004794730632311,0,0.0,0.0
9483,0.0019884082915731,0.0004643097560711,0,0.0,0.0
9484,0.001604859914152,0.0006248968646661,0,0.0,0.0
9485,0.0014016433735605,0.0005936541318761,0,0.0,0.0
9486,0.0016502114579827,0.0007987524289745,0,0.0,0.0
9487,0.0023594107223081,0.0004815843420735,0,0.0,0.0
9488,0.0024359728084874,0.0003448457329496,0,0.0,0.0
9489,0.0035467153452761,0.0013996084810064,0,0.0,0.0
9490,0.0033876775614614,0.0011848972856123,0,0.0,0.0
9491,0.0022378945531156,0.0012636293570491,0,0.0,0.0
9492,0.0008602803871993,0.0013168098720384,0,0.16434465,0.0
9493,0.0008988584379578,0.0008857954297368,0,0.36381844,0.0
9494,0.0016461007511895,0.0007031840601985,0,0.6354542,0.0
9495,0.0020242474955816,0.0007203345228193,0,0.84646064,0.0
9496,0.0026197298438495,0.001041518674384,0,0.9211517,0.0
9497,0.0026543843211746,0.0003901744919143,0,0.9408021,0.0
9498,0.0016263181480581,0.0001432094186645,0,0.94596654,0.0
9499,0.0013606369056156,0.0005334815985856,0,0.9462378,0.0
9500,0.0005446084175046,0.0005367443384408,0,0.94489056,0.0
9501,0.0005801788395604,0.00010173243104,0,0.9459074,0.0
9502,0.0007930514436862,0.0001261488852955,0,0.94494027,0.0
9503,0.0006707235740576,0.0001355169350279,0,0.9436891,0.0
9504,0.0013068871685894,0.0003468664746468,0,0.9387142,0.0
9505,0.0010789785267895,0.0006826000673514,0,0.92765546,0.0
9506,0.0013604714052403,0.0009791639899615,0,0.9059753,0.0
9507,0.0012640832841715,0.0011065565451077,0,0.8738264,0.0
9508,0.0020355972085034,0.0008604850765145,0,0.8321495,0.0
9509,0.0015200990804055,0.0003110489824064,0,0.77799994,0.0
9510,0.000875604224596,0.0001218254537358,0,0.72311115,0.0
9511,0.0016090554565848,0.0004995034126193,0,0.64387506,0.0
9512,0.0012667655557474,0.0005680391265907,0,0.5309626,0.0
9513,0.0007090781111355,0.0005211263629678,0,0.38041937,0.0
9514,0.0037158718591851,0.0013047611274098,0,0.15741323,0.0
9515,0.0053935419678841,0.0020797602546668,0,0.0,0.0
9516,0.0038071034537003,0.001093518902458,0,0.0,0.0
9517,0.0017099847145058,0.000634580719124,0,0.0,0.0
9518,0.0017225214459172,0.0003955316428326,0,0.0,0.0
9519,0.0011895731294439,0.0004022460180309,0,0.0,0.0
9520,0.0008981186036187,0.0003075600913342,0,0.0,0.0
9521,0.0004547103144384,0.000144769698392,0,0.0,0.0
9522,0.0010608881389767,0.0003216791807142,0,0.0,0.0
9523,0.0010423057407386,0.0004687508997381,0,0.0,0.0
9524,0.0001895852414238,0.0003372950908573,0,0.0,0.0
9525,0.0002089103764314,7.65452835569373e-06,0,0.0,0.0
9526,0.0007906465794526,0.0004370412588996,0,0.0,0.0
9527,0.0015883340798236,0.0008522794888705,0,0.0,0.0
9528,0.0007517347528613,0.0006256574383564,0,0.0,0.0
9529,0.000342795274211,0.0004632684882925,0,0.0,0.0
9530,0.0002363203043654,0.000215556589577,0,0.0,0.0
9531,0.0007055655103484,0.0001230833872951,0,0.0,0.0
9532,0.0012712654072936,0.000220398062065,0,0.0,0.0
9533,0.001079596328625,0.0001988195090334,0,0.0,0.0
9534,0.001805521508393,0.0002046458903509,0,0.0,0.0
9535,0.0024238629335576,5.811016700557243e-05,0,0.0,0.0
9536,0.0009268514513105,0.0001515615811366,0,0.0,0.0
9537,0.0006539795696248,6.768379869154526e-05,0,0.0,0.0
9538,0.0009466174839582,0.0001382389143434,0,0.0,0.0
9539,0.0011600575822307,2.750794789174956e-05,0,0.0,0.0
9540,0.0004951105080683,7.296972410825342e-05,0,0.0,0.0
9541,0.0011314766645047,0.0001277344035637,0,0.0,0.0
9542,0.0014224897093332,7.480254925220664e-05,0,0.0,0.0
9543,0.0001719426844748,5.762127784801596e-05,0,0.0,0.0
9544,0.0005692862174877,6.071958188929949e-05,0,0.0,0.0
9545,0.0002944710707179,0.0001675669874572,0,0.0,0.0
9546,0.0002254534445656,7.682477656623239e-05,0,0.0,0.0
9547,0.0005480314241242,0.0001183499616394,0,0.0,0.0
9548,0.0003198253685021,0.0001614417898959,0,0.0,0.0
9549,0.0003808403312087,4.246947866125523e-05,0,0.0,0.0
9550,0.0003466425135068,9.269443195693145e-06,0,0.0,0.0
9551,0.0001036138398353,9.475378735048e-06,0,0.0,0.0
9552,0.0001913718447651,4.026623709432553e-05,0,0.0,0.0
9553,0.0001881008034562,3.4706132917307575e-05,0,0.0,0.0
9554,0.0002141294984941,6.916040776340591e-06,0,0.0,0.0
9555,0.0001642812352131,2.490813203047955e-05,0,0.0,0.0
9556,0.000149850432953,3.2879191853562464e-05,0,0.0,0.0
9557,2.616006877301969e-05,0.0001290934573582,0,0.0,0.0
9558,4.881803371464745e-05,3.912275413626101e-05,0,0.0,0.0
9559,0.000100848098451,4.038564688580303e-05,0,0.0,0.0
9560,0.0003672106310113,0.000145737924738,0,0.0,0.0
9561,0.0010715781490378,1.921032169113629e-05,0,0.0,0.0
9562,0.0006653848158909,8.406151606019213e-05,0,0.0,0.0
9563,0.0003441422901933,0.0001116601667371,0,0.0,0.0
9564,0.0007015819117903,0.0001650928553161,0,0.0,0.0
9565,0.0015178242511751,0.000140578955219,0,0.0,0.0
9566,0.0023242025620386,0.0001544394544436,0,0.0,0.0
9567,0.0031712481322298,0.0008302631395743,0,0.0,0.0
9568,0.0036176931566586,0.0011932929967729,0,0.0,0.0
9569,0.0026042202673253,0.0012344586875951,0,0.0,0.0
9570,0.0009507963474398,0.0005031494130002,0,0.0,0.0
9571,0.0013899060570489,0.0004260118801724,0,0.0,0.0
9572,0.0025558347384958,0.0007660024217652,0,0.0,0.0
9573,0.0031474515416369,0.0001014589540088,0,0.0,0.0
9574,0.0029967726718695,0.0003576894589409,0,0.0,0.0
9575,0.0026452143529638,0.0007746702261545,0,0.0,0.0
9576,0.0022363225273416,0.000851967770196,0,0.0,0.0
9577,0.0012474287245149,0.0003466345942156,0,0.0,0.0
9578,9.930735083136478e-05,0.0005040353249775,0,0.0,0.0
9579,0.0007095971208917,0.000609511604739,0,0.0,0.0
9580,0.0005934288517985,9.828081276623572e-05,0,0.0,0.0
9581,0.0006172303404835,0.0002029877376626,0,0.0,0.0
9582,0.000343434421338,0.0003160435228029,0,0.0,0.0
9583,0.0007619893658692,6.999588076589996e-05,0,0.0,0.0
9584,0.0012865308995644,8.96739067319379e-05,0,0.0,0.0
9585,0.0017390030116073,0.0003488322886972,0,0.0,0.0
9586,0.0009328294675176,0.0002956081115049,0,0.0,0.0
9587,0.0021443313335372,0.0001124349963086,0,0.0,0.0
9588,0.0013693702814963,0.0002060307520682,0,0.0,0.0
9589,0.0004401994760373,0.0004766074326937,0,0.0,0.0
9590,0.0007665463882308,0.0003514974671882,0,0.0,0.0
9591,0.0002545627252796,0.0002241271597294,0,0.0,0.0
9592,0.0001480132938968,0.0001211001302735,0,0.0,0.0
9593,0.0003345284902105,2.709188479177913e-05,0,0.0,0.0
9594,0.0003942081841585,3.857912433243549e-05,0,0.0,0.0
9595,0.0001439228521392,8.222130820077078e-05,0,0.0,0.0
9596,0.0001748521262365,1.2920163582612252e-05,0,0.0,0.0
9597,0.0001609106536391,3.34271794108685e-05,0,0.0,0.0
9598,0.0002989891954603,5.0402069615592014e-05,0,0.0,0.0
9599,0.0003385220287167,9.864244186002464e-05,0,0.0,0.0
9600,0.0001551248586736,1.6367610012611416e-05,0,0.0,0.0
9601,0.0004153304708164,0.0001506615774444,0,0.0,0.0
9602,0.0004321330752869,0.0001708368270408,0,0.0,0.0
9603,0.0011300600480596,0.0003175922096049,0,0.0,0.0
9604,0.0026788343857494,0.0007949777604741,0,0.0,0.0
9605,0.0033685512180067,0.0008667683084603,0,0.0,0.0
9606,0.003358495038891,0.0001720534164609,0,0.0,0.0
9607,0.0019911432343133,0.0001074196785307,0,0.0,0.0
9608,0.0018936157601418,0.0004329531229482,0,0.0,0.0
9609,0.0021130112928368,0.00034184035774,0,0.0,0.0
9610,0.0011472005130844,0.0002045052635331,0,0.0,0.0
9611,0.0011648693498155,0.0002149361991769,0,0.0,0.0
9612,0.0014503231159988,0.0002267586026887,0,0.0,0.0
9613,0.0009859812988052,0.0002342078459651,0,0.0,0.0
9614,0.0014009288391666,0.000352714076803,0,0.0,0.0
9615,0.0010132758238006,0.0009916551118456,0,0.0,0.0
9616,0.0008159181547413,0.0003051983521578,0,0.0,0.0
9617,0.0006509953152402,8.528040117507823e-05,0,0.0,0.0
9618,0.0010192157235797,0.0005397157404283,0,0.0,0.0
9619,0.001345238429131,0.0013440465882284,0,0.0,0.0
9620,0.0022479452086986,0.0002838582438211,0,0.0,0.0
9621,0.0017799860379522,0.0002266836108891,0,0.0,0.0
9622,0.0007246747052009,0.0002298637634681,0,0.0,0.0
9623,0.0008085800924879,8.008379993170018e-05,0,0.0,0.0
9624,0.0008061423023219,0.00020367279887,0,0.0,0.0
9625,0.0006497616357514,0.0001061296420252,0,0.0,0.0
9626,0.0010275843232047,9.39407930890871e-05,0,0.0,0.0
9627,0.000381240329196,4.978669297235228e-05,0,0.0,0.0
9628,0.0001075746700524,1.21176379748112e-05,0,0.0,0.0
9629,7.380116279053006e-05,1.6524331283702215e-05,0,0.0,0.0
9630,0.0001066481697762,3.61724218261334e-05,0,0.0,0.0
9631,0.0002234309463285,6.208219685136779e-05,0,0.0,0.0
9632,0.000150859752729,1.4301109163064912e-05,0,0.0,0.0
9633,1.3986516225758846e-05,6.278000347341305e-05,0,0.0,0.0
9634,9.958172201774794e-05,6.373765261007406e-05,0,0.0,0.0
9635,0.0001078001994124,5.075434092655959e-05,0,0.0,0.0
9636,0.0003954760744778,0.0001150841142935,0,0.0,0.0
9637,9.856925337847972e-05,4.6860548639164375e-05,0,0.0,0.0
9638,0.000184273932456,8.08089685930808e-06,1,0.0,0.0
9639,0.0003703925203042,2.4498497398699453e-05,1,0.0,0.0
9640,0.000109826855805,5.295944192404792e-05,1,0.0,0.0
9641,3.4926505919775864e-05,1.8307144228239363e-05,1,0.0,0.0
9642,0.000103354164797,5.506175285115003e-06,1,0.0,0.0
9643,0.0001537725758761,1.5718640942403265e-05,1,0.0,0.0
9644,0.0002247790599034,2.3074919023553578e-05,1,0.0,0.0
9645,0.0001071758957473,0.0001156401844258,1,0.0,0.0
9646,2.9557984242830475e-05,0.0001179060463988,1,0.0,0.0
9647,4.674640028418925e-05,4.295255994413228e-05,1,0.0,0.0
9648,1.7079363338099472e-05,0.0001509881287631,1,0.0,0.0
9649,1.568674143162258e-06,0.0005684960438769,1,0.0,0.0
9650,2.7074818671211028e-05,9.49165335016128e-05,1,0.0,0.0
9651,0.000108580624988,0.0009323180840371,1,0.0,0.0
9652,2.6092555746239023e-05,0.0002124483864779,1,0.0,0.0
9653,7.491088901450448e-05,0.0001351809522013,1,0.0,0.0
9654,4.048845143692946e-05,7.908321236904103e-05,1,0.0,0.0
9655,3.724990034498322e-05,0.0002506450017742,1,0.0,0.0
9656,6.806493171911532e-05,0.0007737909506941,1,0.0,0.0
9657,0.0002023646843787,0.0001913903158404,1,0.0,0.0
9658,0.0003012235646484,2.173573576801708e-05,0,0.0,0.0
9659,0.0001234588776116,1.3899776182060152e-05,0,0.0,0.0
9660,0.0001271210204304,8.82250526193943e-06,0,0.0,0.0
9661,9.25654333028067e-05,4.033051585795615e-05,0,0.0,0.0
9662,1.4183042239284422e-05,3.192408704564637e-05,0,0.0,0.0
9663,5.032555583627343e-05,3.450520177332568e-05,0,0.0,0.0
9664,0.0001549277231459,0.0001031353797584,0,0.0,0.0
9665,0.0002037965544518,0.0001595890487764,0,0.0,0.0
9666,0.0004369445089552,6.72467246435367e-05,0,0.0,0.0
9667,0.0001573105890746,7.23217633559533e-05,0,0.0,0.0
9668,0.000110912250538,9.090969284498606e-05,0,0.0,0.0
9669,0.0003519280290439,4.932327397490552e-05,0,0.0,0.0
9670,0.0008221231405238,9.43098641608711e-05,0,0.0,0.0
9671,0.0011423974499333,0.0004964669121652,0,0.0,0.0
9672,0.0025646724384803,0.0014008537937621,0,0.0,0.0
9673,0.0020106539162347,0.0014488302309853,0,0.0,0.0
9674,0.0017752535534007,0.0010405265320975,0,0.0,0.0
9675,0.0020271692067429,0.0005184096609655,0,0.0,0.0
9676,0.0013148982533345,0.0005622535456039,0,0.0,0.0
9677,0.0006017537335434,0.0002246619058737,0,0.102209724,0.0
9678,0.0004193741484123,0.0001543541951781,0,0.20452163,0.0
9679,0.0005836282924388,0.0002729808969046,0,0.3911134,0.0
9680,0.0014853709589568,0.0002349388618261,0,0.6180104,0.0
9681,0.0023597264032154,0.0003427310917725,0,0.78988045,0.0
9682,0.0019455021109453,0.0005499559963347,0,0.8724283,0.0
9683,0.0016016932389076,0.0004897937609055,0,0.90649533,0.0
9684,0.0016534859459987,0.000302959788761,0,0.9199362,0.0
9685,0.0008100448821339,0.0001646053942115,0,0.9252504,0.0
9686,0.000125024728133,0.0002865282342079,0,0.9224057,0.0
9687,0.0001892677683065,0.0005550549907502,0,0.9145338,0.0
9688,0.0001839835929588,0.0004323246987776,0,0.9033016,0.0
9689,0.0006101389091042,0.0002384917844888,0,0.8817966,0.0
9690,0.001336071465136,0.0002946480855043,0,0.8443548,0.0
9691,0.0008286649538254,0.0004031999729561,0,0.7852357,0.0
9692,0.0007402424560557,0.0003548996652298,0,0.6603263,0.0
9693,0.0008445797533024,0.000346790075237,0,0.50617546,0.0
9694,0.0013286472861092,0.0004608882667902,0,0.325706,0.0
9695,0.0027968955921526,0.0010049164692671,0,0.122973055,0.0
9696,0.0039133618729736,0.0013925546700936,0,0.0,0.0
9697,0.0035129608780708,0.0011680364930963,0,0.0,0.0
9698,0.0033888652441642,0.0008832606869672,0,0.0,0.0
9699,0.0018253061982894,0.0002175948396467,0,0.0,0.0
9700,0.0018639279585513,0.000250201310278,0,0.0,0.0
9701,0.0044090806638737,0.0003622747621058,0,0.0,0.0
9702,0.0036222988793601,9.402576797560224e-05,0,0.0,0.0
9703,0.0024761925775244,4.915891405152356e-05,0,0.0,0.0
9704,0.0005488588689047,9.979675890025716e-05,0,0.0,0.0
9705,0.0012955794039042,0.0002449739162318,0,0.0,0.0
9706,0.0015252244985718,0.0003941036822351,0,0.0,0.0
9707,0.0006601842044029,0.0001320934200079,0,0.0,0.0
9708,0.0014488754094153,0.0004208936490023,0,0.0,0.0
9709,0.0017680845375982,0.0003482204966873,0,0.0,0.0
9710,0.0013128728913771,0.0001205079693776,0,0.0,0.0
9711,0.0012039916892298,0.0003110207734551,0,0.0,0.0
9712,0.0018150290788099,0.0003788453410661,0,0.0,0.0
9713,0.002206349984717,6.772113284372468e-05,0,0.0,0.0
9714,0.0018942368696424,0.0001709177131635,0,0.0,0.0
9715,0.0014368360562668,0.0002786201716235,0,0.0,0.0
9716,0.0006484718233064,0.0001398857679329,0,0.0,0.0
9717,0.0002039166634933,0.0001331673680863,0,0.0,0.0
9718,0.0007707975114105,0.0001618081112141,0,0.0,0.0
9719,0.0006449060320729,0.0001698510250331,0,0.0,0.0
9720,0.0002765876013693,3.89692489596007e-05,0,0.0,0.0
9721,0.0001536695395881,2.1475587623183236e-05,0,0.0,0.0
9722,9.533536098005927e-05,4.332669909233223e-05,0,0.0,0.0
9723,0.000308526763852,7.244068478055273e-05,0,0.0,0.0
9724,0.0004758874834884,0.0003141402452062,0,0.0,0.0
9725,0.0029368185900906,0.0003012039033741,0,0.0,0.0
9726,0.0042552705782785,0.000119202786588,0,0.0,0.0
9727,0.0027330808002842,0.0002407602563098,0,0.0,0.0
9728,0.001258772402922,0.0001351122609961,0,0.0,0.0
9729,0.0008588194358259,0.0001801780057398,0,0.0,0.0
9730,0.0010407188666224,0.0003629970378468,0,0.0,0.0
9731,0.0002427394105974,0.0003693990449027,0,0.0,0.0
9732,0.0006978478075535,0.0002566229989532,0,0.0,0.0
9733,0.0015805289903194,0.0006842313715007,0,0.0,0.0
9734,0.0020772318087454,0.0011856864160329,0,0.0,0.0
9735,0.0007533806396284,0.0010119471203303,0,0.0,0.0
9736,0.0004250132445339,0.0004750561861344,0,0.0,0.0
9737,0.0001575963853514,0.0003204101638776,0,0.0,0.0
9738,0.0009071215863795,0.0002846904421177,0,0.0,0.0
9739,0.0020745436204814,0.0002001101556779,0,0.0,0.0
9740,0.001594379443029,0.0004248783685914,0,0.0,0.0
9741,0.0001694320613972,0.0003582995142794,0,0.0,0.0
9742,0.0007035405908064,0.0004307710871666,0,0.0,0.0
9743,0.0005588678160807,0.000462607979615,0,0.0,0.0
9744,0.0007434592276295,0.0003987081253805,0,0.0,0.0
9745,0.0019239871981342,0.0005292100299908,0,0.0,0.0
9746,0.0023810715545765,0.0007135143816702,0,0.0,0.0
9747,0.0024287392058325,0.0006543432882733,0,0.15412211,0.0
9748,0.002406280750168,0.0008965895389757,0,0.5856272,0.0
9749,0.003141792349063,0.0005496377330586,0,0.83673525,0.0
9750,0.0030934785665296,0.0010000559080829,0,0.9066717,0.0
9751,0.0014404082517522,0.0009478412909516,0,0.9270117,0.0
9752,0.0004976455381366,0.0003395238786762,0,0.93262535,0.0
9753,0.0009309387563551,0.0002382762291817,0,0.92909676,0.0
9754,0.0015955794445618,0.0003810904365739,0,0.9133556,0.0
9755,0.0014366214359885,0.0008073127450031,0,0.8831757,0.0
9756,0.0008793384051119,0.0009627708813684,0,0.8342389,0.0
9757,0.0008305308311437,0.0007304251087934,0,0.74440086,0.0
9758,0.0009625395299554,0.0004735573774421,0,0.5724558,0.0
9759,0.0012179777051267,0.0004144302118858,0,0.39926866,0.0
9760,0.0016442570327606,0.0002246953451592,0,0.24141678,0.0
9761,0.0016397044173868,0.0006198892657307,0,0.10987875,0.0
9762,0.0018203653547661,0.0008884590583682,0,0.0,0.0
9763,0.0016696312963883,0.0007423213526952,0,0.0,0.0
9764,0.0020376328084866,0.0006775260941328,0,0.0,0.0
9765,0.0014689777999674,0.0006090996095987,0,0.0,0.0
9766,0.0023308945342613,0.0014291686043212,0,0.0,0.0
9767,0.0041071450463797,0.0018804298322263,0,0.0,0.0
9768,0.0026050219589951,0.0014076919605648,0,0.0,0.0
9769,0.0020969782238659,0.0006484455075954,0,0.0,0.0
9770,0.0015043379077991,0.0002781983990907,0,0.0,0.0
9771,0.0002910888170758,0.0001151931472915,0,0.0,0.0
9772,0.0001272406994857,0.000114291441994,0,0.0,0.0
9773,0.0004689652228924,0.0002888664563816,0,0.0,0.0
9774,0.0002329094275754,0.00026492029313,0,0.0,0.0
9775,0.0007335251022713,6.451026593734893e-05,0,0.0,0.0
9776,0.0019751784787871,1.8064546375780748e-05,0,0.0,0.0
9777,0.001343199331848,4.167758990439812e-05,0,0.0,0.0
9778,0.00047261835506,0.0001008303930155,0,0.0,0.0
9779,0.0005460732460971,0.0002723793146172,0,0.0,0.0
9780,0.0006960791201756,0.0002095025193196,0,0.0,0.0
9781,0.0003050014665666,5.257280689099127e-05,0,0.0,0.0
9782,0.0003438686681618,8.030654534169043e-05,0,0.0,0.0
9783,0.0001576287628201,0.0001131256114334,0,0.0,0.0
9784,0.0002521713675281,4.784108983781401e-05,0,0.0,0.0
9785,0.0003579432274425,0.0002260758409056,0,0.0,0.0
9786,0.0004020984548397,0.0003001657779409,0,0.0,0.0
9787,0.0005091476980332,0.0001563795722648,0,0.0,0.0
9788,0.0011259690530319,0.0002582318557391,0,0.0,0.0
9789,0.0018134762470969,0.000191442463986,0,0.0,0.0
9790,0.0024673304167786,0.0001819980470271,0,0.0,0.0
9791,0.0014623127396294,0.0003588278399795,0,0.0,0.0
9792,0.0028259795440579,0.0003324788383558,0,0.0,0.0
9793,0.0022447416609422,0.0001896463411659,0,0.0,0.0
9794,0.0013205229310761,0.0002036089788762,0,0.0,0.0
9795,0.0009408605350312,0.0002981183718206,0,0.0,0.0
9796,0.0008571371178948,0.0005741654943587,0,0.0,0.0
9797,0.000844076297679,0.0007206055243706,0,0.0,0.0
9798,0.0008698621574342,0.0006027057452723,0,0.0,0.0
9799,0.0009343546338487,0.0012861828726431,0,0.0,0.0
9800,0.001033696247414,2.0194831686593702e-05,0,0.0,0.0
9801,0.0011624599988022,0.001559616352017,0,0.0,0.0
9802,0.0015807338213059,0.0021699579955723,0,0.0,0.0
9803,0.0026138881582243,0.0009263114769224,0,0.0,0.0
9804,0.0015431473459836,0.000214375620505,0,0.0,0.0
9805,0.0002553600126268,0.0012075646668279,0,0.0,0.0
9806,0.0003931056572245,0.0002154150662506,0,0.0,0.0
9807,0.0006248624837503,0.0009312319910968,0,0.0,0.0
9808,0.0008310331866268,0.0005040730958241,0,0.0,0.0
9809,0.0010228051986831,0.0013063830020874,0,0.0,0.0
9810,0.0012016043751377,0.0023951622842621,0,0.0,0.0
9811,0.0016203540970521,0.003132893992941,0,0.0,0.0
9812,0.0031049309157568,0.0033199539750985,0,0.0,0.0
9813,0.0045681655683057,0.0032868982219242,0,0.0,0.0
9814,0.0046224871537069,0.0032650414903009,0,0.0,0.0
9815,0.0046239194969822,0.0011763200881918,0,0.0,0.0
9816,0.0038071740844259,6.968179400454492e-05,0,0.0,0.0
9817,0.0021253984161202,0.0004224417311337,0,0.0,0.0
9818,0.0019528375419881,0.0006147701015769,0,0.0,0.0
9819,0.0019627473032043,0.0004465679516818,0,0.0,0.0
9820,0.0024467457955327,0.0008170150550025,0,0.0,0.0
9821,0.0021481763909768,0.0004658212184452,0,0.0,0.0
9822,0.0016285097323098,0.0002819565809974,0,0.14430182,0.0
9823,0.0010937952559237,0.000426007128895,0,0.27680105,0.0
9824,0.0009626277149233,0.000590155532212,0,0.37040022,0.0
9825,0.0008021578134371,0.0006972732764089,0,0.4003239,0.0
9826,0.0009544675798473,0.0005812033454087,0,0.3912739,0.0
9827,0.0016102605886099,0.00077674298034,0,0.3625996,0.0
9828,0.0021384120214247,0.0009199605362224,0,0.34832942,0.0
9829,0.0020995728050821,0.0005446974856161,0,0.34875602,0.0
9830,0.0024943329115641,0.0002006219963076,0,0.34418383,0.0
9831,0.0030953149872586,0.0003709411727667,0,0.36078736,0.0
9832,0.0031951012423597,0.0002664419943152,0,0.38614115,0.0
9833,0.0026248174089904,0.0001029617326866,0,0.38894826,0.0
9834,0.0021387891590717,0.0001282396002871,0,0.39498302,0.0
9835,0.0016925500208366,0.0002625049676974,0,0.3871555,0.0
9836,0.00168925403309,0.0003716269556021,0,0.35394803,0.0
9837,0.001008412708186,0.000242146079617,0,0.31697842,0.0
9838,0.0012968561019387,0.0008748004840361,0,0.30046886,0.0
9839,0.0013918771304129,0.0006222489026216,0,0.2690555,0.0
9840,0.0019892229027327,0.00069380578295,0,0.24591154,0.0
9841,0.0022434944060954,0.0005732363133032,0,0.2229608,0.0
9842,0.0018894561575586,0.0006847844829729,0,0.18111727,0.0
9843,0.0017860490527851,0.0009065769784287,0,0.14422293,0.0
9844,0.0016631931285816,0.0008013989921327,0,0.116660014,0.0
9845,0.0011080034092484,0.0008758574426211,0,0.10233018,0.0
9846,0.0003119100802549,0.0003080034049132,0,0.0,0.0
9847,0.0017609859006026,0.0001233056977842,0,0.100390084,0.0
9848,0.0013729980878162,0.0003847911668381,0,0.12789692,0.0
9849,0.001527025205387,0.0004767553437026,0,0.19296607,0.0
9850,0.0027963873407591,0.0015296962735318,0,0.34615645,0.0
9851,0.0048704377797907,0.0022955776719211,0,0.5549331,0.0
9852,0.0049096509228293,0.0032657798666822,0,0.7474382,0.0
9853,0.0045163542923221,0.0018985040708827,0,0.87195283,0.0
9854,0.0046151176169386,0.0012508136101719,0,0.9282788,0.0
9855,0.0019254902778466,0.0010724464541921,0,0.94760644,0.0
9856,0.0007140698563688,0.000558737717219,0,0.95156175,0.0
9857,0.0010358969961306,0.0005663270870221,0,0.9511351,0.0
9858,0.0015266255030041,0.000701226877468,0,0.93927634,0.0
9859,0.0024229431955318,0.0015246468357165,0,0.8863769,0.0
9860,0.0039076190283559,0.0014449852670918,0,0.6712199,0.0
9861,0.0056592344065832,0.0007067062490404,0,0.29141065,0.0
9862,0.006589597537627,0.0002116397330916,0,0.13441479,0.0
9863,0.0067372390398182,0.0007061193158503,0,0.0,0.0
9864,0.0055602779475071,0.0017966335725066,0,0.0,0.0
9865,0.0052414401031547,0.0028907483762964,0,0.0,0.0
9866,0.0060511153209697,0.0040432547818755,0,0.0,0.0
9867,0.0072349933262054,0.0064632429252167,0,0.0,0.0
9868,0.0080591324713596,0.0076284305777613,0,0.0,0.0
9869,0.0078743695803501,0.0087728738083301,0,0.0,0.0
9870,0.0076909926009522,0.0080474571608285,0,0.0,0.0
9871,0.008973290962112,0.0083568585221102,0,0.0,0.0
9872,0.0094760571137942,0.0095403885665683,0,0.0,0.0
9873,0.0084084025732628,0.0110721397876792,0,0.0,0.0
9874,0.0092542465950949,0.0085433059834278,0,0.0,0.0
9875,0.0089902873414715,0.0076371564900341,0,0.0,0.0
9876,0.0073633152028329,0.0084354774140669,0,0.0,0.0
9877,0.0079784172858294,0.0083384813761568,0,0.0,0.0
9878,0.0074840518069043,0.0079103488124823,0,0.0,0.0
9879,0.0056393027173335,0.0067106059833897,0,0.0,0.0
9880,0.0054294349268369,0.0073397301788083,0,0.0,0.0
9881,0.005680227772523,0.0064621093488484,0,0.0,0.0
9882,0.0051072227117943,0.0048183412157012,0,0.0,0.0
9883,0.0045155404250914,0.0036859232124537,0,0.0,0.0
9884,0.0048628430819523,0.0027846524022735,0,0.0,0.0
9885,0.0026684330892731,0.0022014193187598,0,0.0,0.0
9886,0.0030458101549116,0.0025729703544457,0,0.0,0.0
9887,0.0033752123412064,0.0028362497401474,0,0.0,0.0
9888,0.0026507178113728,0.0021793369002531,0,0.0,0.0
9889,0.00409383935268,0.0018133903944381,0,0.0,0.0
9890,0.0046217526274812,0.0013655320851873,0,0.0,0.0
9891,0.0051442348470159,0.0015468318935617,0,0.0,0.0
9892,0.0030355568803829,0.0011272860925494,0,0.0,0.0
9893,0.0012093766152212,0.0016738456466914,0,0.0,0.0
9894,0.0020154404073413,0.000971191373823,0,0.0,0.0
9895,0.001953065524151,0.0015956771373006,0,0.0,0.0
9896,0.003159413644434,0.0026160013274299,0,0.0,0.0
9897,0.003083501837987,0.0020722923030728,0,0.0,0.0
9898,0.0029247486200097,0.0014126315246441,0,0.0,0.0
9899,0.0021622614777234,0.0012718109735639,0,0.0,0.0
9900,0.0020275257505632,0.0007890253569474,0,0.0,0.0
9901,0.0007915782401453,0.0001783096116215,0,0.0,0.0
9902,0.0003447403800885,8.292128933860195e-05,0,0.0,0.0
9903,0.0001237721065896,0.0003139793007429,0,0.0,0.0
9904,0.0001667149761659,0.000243096526706,0,0.0,0.0
9905,0.0001638116034941,7.588602155317818e-06,0,0.0,0.0
9906,2.3114723360670505e-05,0.0004229488052319,0,0.0,0.0
9907,3.920050288438309e-05,0.0008139436637308,0,0.0,0.0
9908,3.8496617786513886e-05,0.0003343104192569,0,0.0,0.0
9909,0.000227022169178,5.1222788416107e-05,0,0.0,0.0
9910,0.000176092572245,4.3654692743913366e-05,0,0.0,0.0
9911,0.0004785203613226,0.0003637091612471,0,0.0,0.0
9912,0.0019620613352663,0.0019461890931383,0,0.0,0.0
9913,0.0028394754864909,0.002597628587601,0,0.0,0.0
9914,0.0050030175645819,0.0019570287023916,0,0.0,0.0
9915,0.0050018691561473,0.0011130129631951,0,0.0,0.0
9916,0.0018754216428728,0.0008157315790759,0,0.0,0.0
9917,0.0002580192078055,0.0005332113947369,0,0.0,0.0
9918,0.0001261637785964,0.0001734914654872,0,0.0,0.0
9919,0.0001232239619089,3.119835026729834e-05,0,0.0,0.0
9920,0.0001369406909609,2.914825615347185e-05,0,0.0,0.0
9921,0.0003135592528727,0.000128619781252,0,0.0,0.0
9922,0.0008774164167211,0.0001113011966005,0,0.0,0.0
9923,0.001905333002448,0.0002105264249644,0,0.0,0.0
9924,0.0017914108370611,0.0007675046015702,0,0.0,0.0
9925,0.0019785458238773,0.0009747039595148,0,0.0,0.0
9926,0.002153001729544,0.0011048728312003,0,0.0,0.0
9927,0.0017016334656897,0.0007939469397942,0,0.0,0.0
9928,0.0006638030901145,0.0002856022362051,0,0.0,0.0
9929,0.0001235155983057,2.5430545419665848e-05,0,0.0,0.0
9930,0.0003385765024506,0.0002460175891419,0,0.0,0.0
9931,0.001309180754574,6.168173107949025e-05,0,0.0,0.0
9932,0.0004957993573163,8.672901566314749e-05,0,0.0,0.0
9933,0.0001323088529116,0.00030377440185,0,0.0,0.0
9934,7.215885313173367e-05,0.0002823908989885,0,0.0,0.0
9935,7.129121929565426e-05,0.0001272820984302,0,0.0,0.0
9936,0.0001295929104804,0.0001576556801531,0,0.0,0.0
9937,0.0007597778798251,0.0001376184361545,0,0.0,0.0
9938,0.0033517706522071,0.0001046670994146,0,0.0,0.0
9939,0.0054725769950009,0.0004898059130892,0,0.0,0.0
9940,0.0047885374215243,0.0009275506228467,0,0.0,0.0
9941,0.0010945592250468,0.0007033369005546,0,0.0,0.0
9942,0.0002454294985488,0.0002430081221369,0,0.0,0.0
9943,0.0002474132688144,3.3297826324014086e-05,0,0.0,0.0
9944,0.0002755498061663,4.052074821044669e-05,0,0.0,0.0
9945,0.0007399385421294,0.0001778620532016,0,0.0,0.0
9946,0.0006068305274561,0.0002293882337216,0,0.0,0.0
9947,0.0006896586601361,0.0001385235187011,0,0.0,0.0
9948,0.0002336746882269,4.197091315441099e-05,0,0.0,0.0
9949,0.0002790109370065,5.395493995053026e-05,0,0.0,0.0
9950,0.0009402306519167,0.000264971405012,0,0.0,0.0
9951,0.0005482941372343,0.0002459767557665,0,0.0,0.0
9952,0.0001708753026383,9.88764994157321e-05,0,0.0,0.0
9953,2.7873850622801104e-06,3.749379736312886e-05,0,0.0,0.0
9954,0.0001153761372392,9.189730238486838e-05,0,0.0,0.0
9955,0.000125951053599,7.707472591561625e-05,0,0.0,0.0
9956,0.0007772622553033,0.0003281814160958,0,0.0,0.0
9957,0.0031504209188404,0.0007213561755496,0,0.0,0.0
9958,0.0029129719043915,0.000175953570287,0,0.0,0.0
9959,0.0018527628424221,0.0001732122719162,0,0.0,0.0
9960,0.0027444965951961,0.000265161752578,0,0.0,0.0
9961,0.0025421224444536,0.0005093488662171,0,0.0,0.0
9962,0.0007566549727317,0.0004968567490056,0,0.0,0.0
9963,0.0001511985655524,0.0001270811455278,0,0.0,0.0
9964,0.0003352805204273,3.627545101950048e-05,0,0.0,0.0
9965,0.0001234312624986,2.5752838893854858e-05,0,0.0,0.0
9966,0.00017759720515,3.640221033122582e-05,0,0.0,0.0
9967,0.0006787050414842,0.00010217157442,0,0.0,0.0
9968,0.0027550371702253,0.0004700088415937,0,0.0,0.0
9969,0.005141360405698,0.0006759125203169,0,0.0,0.0
9970,0.00355890389573,0.0009674915843099,0,0.0,0.0
9971,0.003082503748463,0.0004889486333062,0,0.0,0.0
9972,0.0025334757805194,0.0001921311765034,0,0.0,0.0
9973,0.0021684721610797,0.0012154826096942,0,0.0,0.0
9974,0.0016455914592212,0.0014123714485455,0,0.0,0.0
9975,0.0018668321869945,0.0014714093621216,0,0.0,0.0
9976,0.0020182711240394,0.0019276723786671,0,0.0,0.0
9977,0.0018780888427327,0.0017203705742531,0,0.0,0.0
9978,0.0009001561720699,0.0012705136138476,0,0.0,0.0
9979,0.0003384962505237,0.0019274860328277,0,0.0,0.0
9980,0.0006154998137944,0.0021870999800828,0,0.0,0.0
9981,0.0011826177361037,0.0006209272920113,0,0.0,0.0
9982,0.0012526428975112,0.0010040077894875,0,0.0,0.0
9983,0.0013290873111479,0.0012794325092136,0,0.0,0.0
9984,0.0017012925032252,0.0009506389452998,0,0.0,0.0
9985,0.0024053530048703,0.0007881943398667,0,0.0,0.0
9986,0.0022984078403656,0.001541504289579,0,0.0,0.0
9987,0.0019377403821425,0.001690629515524,0,0.0,0.0
9988,0.0016392091917192,0.0009172236337851,0,0.0,0.0
9989,0.0010430482593465,0.0010179808373944,0,0.0,0.0
9990,0.0018195411089106,0.0010005898378917,0,0.0,0.0
9991,0.0019204371006152,0.00051148976607,0,0.0,0.0
9992,0.0010266748164988,0.0003414608786883,0,0.0,0.0
9993,0.0015185228547365,0.000480569346153,0,0.0,0.0
9994,0.0023604645608466,0.0002080287728754,0,0.0,0.0
9995,0.0038445717028584,0.0001615679205545,0,0.0,0.0
9996,0.0019418616432075,0.0003483098840488,0,0.0,0.0
9997,0.0006239159483218,0.0004309513331385,0,0.0,0.0
9998,0.0004269982818852,0.0003596597831485,0,0.0,0.0
9999,0.0007575066174754,6.553035455565254e-05,0,0.0,0.0
10000,0.0007153913415261,0.0002843948576774,0,0.0,0.0
10001,0.0004636143991207,0.0004152875637357,0,0.0,0.0
10002,0.0005159298891367,0.0005071155498112,0,0.0,0.0
10003,0.0005944273633684,0.0004148704382771,0,0.0,0.0
10004,0.0008224960219539,0.0003214345348464,0,0.0,0.0
10005,0.000696104455258,0.0003313834006928,0,0.0,0.0
10006,0.0004557466743878,0.0002065124335441,0,0.0,0.0
10007,0.0004550138067812,0.0002195092292108,0,0.0,0.0
10008,0.0004807351524157,0.0002952450392428,0,0.0,0.0
10009,0.0001891282175555,0.0002268087383622,0,0.0,0.0
10010,0.0004080127435331,0.0002740969162266,0,0.0,0.0
10011,0.0010715694050741,0.0008519413184663,0,0.0,0.0
10012,0.0025116045301044,0.0013379090303123,0,0.0,0.0
10013,0.0023746461208594,0.0009377623532562,0,0.0,0.0
10014,0.0022007306706557,0.0003501619995636,0,0.0,0.0
10015,0.0018766926285957,0.0007627569278414,0,0.0,0.0
10016,0.0018513585630097,9.907875542165446e-05,0,0.0,0.0
10017,0.0014597813925335,0.0004914827637101,0,0.0,0.0
10018,0.0030061931814491,0.0004282592286912,0,0.0,0.0
10019,0.0048951918019531,0.0008967623701622,0,0.0,0.0
10020,0.0047227961755678,0.0016674034416483,0,0.0,0.0
10021,0.0049826364610397,0.0018247351376463,0,0.0,0.0
10022,0.0048363458930947,0.0016581361863001,0,0.0,0.0
10023,0.0050234483167232,0.0015118994774343,0,0.0,0.0
10024,0.0051233994645273,0.0020360745636643,0,0.0,0.0
10025,0.0030565372092445,0.0014943125275206,0,0.0,0.0
10026,0.0040616800400274,0.0008458462562197,0,0.0,0.0
10027,0.0059634861807059,0.0008591163898163,0,0.0,0.0
10028,0.0049862253704694,0.0007604017466465,0,0.0,0.0
10029,0.0036955785900694,0.0017859960535133,0,0.0,0.0
10030,0.0033875254963733,0.0011320746293017,0,0.0,0.0
10031,0.0006578418499832,0.0005866845673112,0,0.0,0.0
10032,0.0005962529602075,0.0003641643040887,0,0.0,0.0
10033,0.0003282476675132,0.0002326473094999,0,0.0,0.0
10034,0.0004586300691721,0.0003511963455715,0,0.0,0.0
10035,0.00220208587697,0.0009411385250643,0,0.0,0.0
10036,0.0035977747577724,0.001948798107799,0,0.0,0.0
10037,0.0046050104181466,0.002570741788451,0,0.0,0.0
10038,0.0053557666012083,0.0012195087684258,0,0.0,0.0
10039,0.005853073697165,0.0010235584780028,0,0.0,0.0
10040,0.0061016032484467,0.0031486530410564,0,0.0,0.0
10041,0.0061089135205786,0.0023427681598397,0,0.0,0.0
10042,0.006202489252111,0.0021639016382368,0,0.0,0.0
10043,0.0064007532161712,0.0013556123692424,0,0.0,0.0
10044,0.0033324817957429,0.0004200633360565,0,0.0,0.0
10045,0.003043224403397,0.0002884015568876,0,0.0,0.0
10046,0.0021276874337226,0.0003688012769305,0,0.0,0.0
10047,0.0020485329154325,0.0004470252347638,0,0.0,0.0
10048,0.0031007221207969,0.000518723809542,0,0.0,0.0
10049,0.0028323068240075,0.0005788787355102,0,0.0,0.0
10050,0.0019042178816334,0.0006252627134118,0,0.0,0.0
10051,0.0014962495302831,0.0006566773444232,0,0.0,0.0
10052,0.0021262025851209,0.0007534392453344,0,0.0,0.0
10053,0.0021837857261037,0.0015032090683213,0,0.0,0.0
10054,0.0013806146069277,0.0016113941380233,0,0.0,0.0
10055,0.0011120897375677,0.0007069233344438,0,0.0,0.0
10056,0.0016533027025657,0.0007549785837949,0,0.0,0.0
10057,0.002162035080785,0.0012538496158366,0,0.0,0.0
10058,0.0015297264506879,0.0008100949253777,0,0.0,0.0
10059,0.0028509230959944,0.0011048320731624,0,0.0,0.0
10060,0.0029269801858936,0.0009628066508681,0,0.0,0.0
10061,0.0017965036737529,0.0015100428503763,0,0.0,0.0
10062,0.0022372058249737,0.0020799335130222,0,0.0,0.0
10063,0.0031797344552025,0.0022596753144709,0,0.0,0.0
10064,0.0045094501313057,0.0020871125283228,0,0.0,0.0
10065,0.0048523356764693,0.0026437752130794,0,0.0,0.0
10066,0.0046257204358476,0.003594670768595,0,0.0,0.0
10067,0.0041098031468918,0.0042319160882518,0,0.0,0.0
10068,0.004259477611917,0.0042753432761426,0,0.0,0.0
10069,0.0028752949713244,0.0023718332177413,0,0.0,0.0
10070,0.0033276369376297,0.0018851178827848,0,0.0,0.0
10071,0.0045796564997273,0.002211414670133,0,0.0,0.0
10072,0.0036653170208342,0.0032519048312785,0,0.0,0.0
10073,0.002935530920811,0.0035715134931169,0,0.0,0.0
10074,0.0033087665289824,0.0031617546776978,0,0.0,0.0
10075,0.0023452355954918,0.0030016334865281,0,0.0,0.0
10076,0.0016072971190107,0.0022996403151472,0,0.0,0.0
10077,0.001241577968471,0.0023640189235092,0,0.0,0.0
10078,0.0015115653255551,0.0028365392789306,0,0.0,0.0
10079,0.0025116968260427,0.0032853516756844,0,0.0,0.0
10080,0.0028620017702607,0.0026056128113763,0,0.0,0.0
10081,0.0015198999065651,0.0018141166955807,0,0.0,0.0
10082,0.0007326338676464,0.0011867683362486,0,0.0,0.0
10083,0.0007968754257595,0.0010233335596084,0,0.0,0.0
10084,0.0030131095383985,0.0009224574262363,0,0.0,0.0
10085,0.0026198156319059,0.0013332467260804,0,0.0,0.0
10086,0.0019222119378493,0.0018101737961669,0,0.0,0.0
10087,0.0031937549932633,0.0019808510955682,0,0.0,0.0
10088,0.0032038388703147,0.0026456084285761,0,0.20367703,0.0
10089,0.0034429592603011,0.0023699034963946,0,0.39923513,0.0
10090,0.0031584153410749,0.0020086098433089,0,0.6244115,0.0
10091,0.0028924692593339,0.001975829139889,0,0.8122612,0.0
10092,0.0019587227774289,0.0018290636129359,0,0.89839846,0.0
10093,0.0013276995297803,0.0012578158103971,0,0.9335843,0.0
10094,0.0016152746482435,0.0006305530361949,0,0.9510766,0.0
10095,0.00087196535041,0.0011854328841267,0,0.9588286,0.0
10096,0.0004788228400552,0.0012338494417288,0,0.9610663,0.0
10097,0.0008466384730495,0.0007858925342178,0,0.9606053,0.0
10098,0.0022806410167254,0.0002405741640193,0,0.95819664,0.0
10099,0.0009193953200593,0.0003743581027904,0,0.95590305,0.0
10100,0.0002798072811052,0.0013686688250407,0,0.95684266,0.0
10101,0.0018396420202261,0.0017778692994222,0,0.95962995,0.0
10102,0.0020212498220596,0.0013613673809104,0,0.9637043,0.0
10103,0.0007598954556924,0.0009040636940896,0,0.9667953,0.0
10104,0.0017128092818391,0.0013469555460539,0,0.96876174,0.0
10105,0.0018795618825935,0.0010901795101486,0,0.9710128,0.0
10106,0.0009644507098403,0.0008668973549851,0,0.9724821,0.0
10107,0.0002540697560837,0.0013977887988301,0,0.97312665,0.0
10108,0.0006253405741118,0.0012700287823333,0,0.9739566,0.0
10109,0.0019683339906824,0.0013291430479043,0,0.9744394,0.0
10110,0.002487972981938,0.0014521795794146,0,0.9743887,0.0
10111,0.0015578549416936,0.0014489437464725,0,0.97377765,0.0
10112,0.0012041366658781,0.0016646722743368,0,0.97237223,0.0
10113,0.0014395292855766,0.0023008478625827,0,0.96982616,0.0
10114,0.0011645108657633,0.0019325140554286,0,0.9653753,0.0
10115,0.0023443805055663,0.0018926121157928,0,0.95882297,0.0
10116,0.0036435065583894,0.001847062026679,0,0.94944423,0.0
10117,0.0037342374605144,0.0018898844828123,0,0.938816,0.0
10118,0.0032654785508264,0.0016587405125905,0,0.9156914,0.0
10119,0.0026024081253703,0.0020089414190639,0,0.8719707,0.0
10120,0.0020437657582991,0.0021219445450743,0,0.8317597,0.0
10121,0.0021354765781076,0.0018982839687599,0,0.8165121,0.0
10122,0.0019240989507984,0.0012852850521875,0,0.8079059,0.0
10123,0.0017676281250156,0.0007692948754814,0,0.84446627,0.0
10124,0.002047457623837,0.0010368965758945,0,0.8662433,0.0
10125,0.0026991745477115,0.0008214057661121,0,0.8729129,0.0
10126,0.0015829412015549,0.0004357435208159,0,0.8801977,0.0
10127,0.0009722291834551,0.0001485920358511,0,0.8887231,0.0
10128,0.0013550174446478,0.0002100350167163,0,0.88929325,0.0
10129,0.0010277006828061,0.0001135271972719,0,0.8822811,0.0
10130,0.0008774123346018,0.0004281222060621,0,0.88366264,0.0
10131,0.0002704205480651,0.0001019644158505,0,0.88781375,0.0
10132,0.000808890289755,0.0003579295213064,0,0.89026004,0.0
10133,0.0039377989875961,0.0015543517721745,0,0.90407443,0.0
10134,0.0065199241446625,0.0029497387561137,0,0.92663026,0.0
10135,0.0067804373404624,0.0036269462598787,0,0.93899107,0.0
10136,0.0053203662559813,0.0036004366130217,0,0.94701904,0.0
10137,0.0034982637781608,0.0025672862158722,0,0.95366955,0.0
10138,0.0020445954188172,0.0018291583152882,0,0.956981,0.0
10139,0.0010480302369577,0.001443566177204,0,0.9597167,0.0
10140,0.0001317923525702,0.0010973777145643,0,0.9621802,0.0
10141,0.0006053155180823,0.0005431854152948,0,0.9644344,0.0
10142,0.0013362680350187,0.0002565599916999,0,0.9658926,0.0
10143,0.0017185850244388,0.0009394945632143,0,0.96509683,0.0
10144,0.0028479458703046,0.0008308805906102,0,0.9626428,0.0
10145,0.0022735245205425,0.0006872864024054,0,0.9597795,0.0
10146,0.0011866291208115,0.000119541375152,0,0.9567502,0.0
10147,0.001993413887871,0.0003011195910678,0,0.95160055,0.0
10148,0.0026107921041575,0.0008287417828228,0,0.9433454,0.0
10149,0.0010860622739008,0.0008271229106181,0,0.9335057,0.0
10150,0.0016193992667689,0.0005696064256147,0,0.91694933,0.0
10151,0.0025397869679568,0.000362469951307,0,0.87961733,0.0
10152,0.0024477948411845,0.0002725361249199,0,0.81543416,0.0
10153,0.0024023585905208,0.0002602051568156,0,0.69620883,0.0
10154,0.0043101096791259,0.0006733659488747,0,0.43291306,0.0
10155,0.0028046475428375,0.0007957957920427,0,0.22995041,0.0
10156,0.0019715185564983,0.0010384998424447,0,0.13753763,0.0
10157,0.0017199409326452,0.0008016908880699,0,0.0,0.0
10158,0.0016653660444264,0.0002943937547357,0,0.0,0.0
10159,0.0025028312583326,0.0003600279840639,0,0.0,0.0
10160,0.0019677750159556,0.0004268868217029,0,0.0,0.0
10161,0.0012643912230956,0.0007056571752807,0,0.0,0.0
10162,0.0013658794826065,0.0011032046423172,0,0.0,0.0
10163,0.0009960209126996,0.0011448614401279,0,0.0,0.0
10164,0.0008550741924205,0.0008241700972931,0,0.0,0.0
10165,0.0012447407179838,0.0004472108218362,0,0.0,0.0
10166,0.0010954058855283,0.0010510865374963,0,0.0,0.0
10167,0.0009201784420308,0.0006118570502473,0,0.0,0.0
10168,0.0016631815717016,5.8547805904015146e-05,0,0.0,0.0
10169,0.0028870962115751,0.0002363898434895,0,0.0,0.0
10170,0.0034055851678876,0.0006036096572274,0,0.0,0.0
10171,0.0044860097958443,0.0006815838207847,0,0.0,0.0
10172,0.0038872156010283,0.0001557120974349,0,0.0,0.0
10173,0.001992815092348,0.0004784743218144,0,0.0,0.0
10174,0.0030642284235617,0.0003042475370556,0,0.0,0.0
10175,0.0022674318604626,0.0008564430591873,0,0.0,0.0
10176,0.0009268520650289,0.0011635730600057,0,0.0,0.0
10177,0.0025720778472505,0.0011094826942769,0,0.0,0.0
10178,0.0047770825024789,0.0014777230854676,0,0.0,0.0
10179,0.0060239034674162,0.0007427287091433,0,0.0,0.0
10180,0.0047682326066569,0.0003260614775391,0,0.0,0.0
10181,0.0021318592669003,0.0005597851624974,0,0.0,0.0
10182,0.0009460780422057,0.0002627472734467,0,0.0,0.0
10183,0.0004213161696522,0.0001336246648356,0,0.0,0.0
10184,0.0003756632831409,0.0001033841304635,0,0.0,0.0
10185,0.0010772332856162,0.000332449098852,0,0.0,0.0
10186,0.000205794601579,0.0002784765087831,0,0.0,0.0
10187,0.0003369112256088,0.0001379277763255,0,0.0,0.0
10188,0.0001454286769384,3.7892889167173446e-05,0,0.0,0.0
10189,0.0001289615602574,4.9704962074542e-05,0,0.0,0.0
10190,0.0003669526200797,0.0001925507359581,0,0.0,0.0
10191,0.0001408378205224,0.0001644489780891,0,0.0,0.0
10192,0.0002855942692832,5.159369812709841e-05,0,0.0,0.0
10193,0.0001794566840355,0.0001086838602443,0,0.0,0.0
10194,0.0001682683588738,0.0002318014973641,0,0.0,0.0
10195,0.0001967763956969,6.815071347531304e-05,0,0.0,0.0
10196,0.0002347176205179,4.260460676260935e-05,0,0.0,0.0
10197,0.0001989327334254,4.967840100234776e-05,0,0.0,0.0
10198,0.0001419061772096,6.977460498099416e-05,0,0.0,0.0
10199,8.075575421617593e-05,3.086855740963143e-05,0,0.0,0.0
10200,0.0001275282156758,1.669263254508247e-05,0,0.0,0.0
10201,8.224241922495147e-05,1.0573127503144145e-05,0,0.0,0.0
10202,3.751426581798071e-05,3.806643698963191e-05,0,0.0,0.0
10203,6.165088857602893e-05,3.696739771280755e-05,0,0.0,0.0
10204,3.489262295164006e-05,1.3884998534729966e-05,0,0.0,0.0
10205,0.0001583690256563,4.461009946948568e-05,0,0.0,0.0
10206,0.000138090791078,9.718892162716856e-05,0,0.0,0.0
10207,8.758455694459162e-05,7.184126057927057e-05,0,0.0,0.0
10208,0.0001121336162307,4.316567363480665e-05,0,0.0,0.0
10209,0.0001836484730624,3.794202446025439e-05,0,0.0,0.0
10210,0.0002313858071531,1.229131442422556e-05,0,0.0,0.0
10211,0.0004063934479719,7.86562455624064e-05,0,0.0,0.0
10212,0.0010257622881029,0.0001627311206808,0,0.0,0.0
10213,0.0005922796235822,0.0005765031080774,0,0.0,0.0
10214,0.003185226481286,0.0004497766316323,0,0.0,0.0
10215,0.0040553522974235,0.000529798056259,0,0.1308466,0.0
10216,0.0036639688446195,0.0006413211842348,0,0.24800748,0.0
10217,0.0026729309001264,0.000242049199214,0,0.42211014,0.0
10218,0.001861811468547,2.1665502079791693e-05,0,0.57881755,0.0
10219,0.0023982868410253,0.0002353095092848,0,0.7033562,0.0
10220,0.0013716454572038,0.0003334725090136,0,0.7923014,0.0
10221,0.0005152548488187,0.0003676508607374,0,0.83460575,0.0
10222,0.0004486299265792,0.0009003112342981,0,0.86291236,0.0
10223,0.0016437664503158,0.0010187895139331,0,0.8786098,0.0
10224,0.0020355022182522,0.0008572838758892,0,0.88729006,0.0
10225,0.0019862863661011,0.0006245365913642,0,0.89741856,0.0
10226,0.0006832572316609,0.0003833084953848,0,0.9068747,0.0
10227,0.0002745963311431,0.0004137447927319,0,0.9112803,0.0
10228,0.0002487595810558,0.0003966679981106,0,0.91548157,0.0
10229,0.000245344715374,0.000408497572357,0,0.9183982,0.0
10230,0.0002438401572218,0.0005990721840928,0,0.9216493,0.0
10231,0.0002319511563285,0.0002074474715776,0,0.92462623,0.0
10232,0.000210500665788,9.776995076018604e-05,0,0.9265868,0.0
10233,0.0001925745519922,0.0003779148744596,0,0.92829984,0.0
10234,0.000241397529466,0.0003194395559652,0,0.9317658,0.0
10235,0.0003854778932418,0.0002093445207341,0,0.9366387,0.0
10236,0.000163014710289,2.6033055040876905e-05,0,0.942391,0.0
10237,0.0008159365974291,0.0003803755335063,0,0.9482868,0.0
10238,0.0018846878482541,0.0007609786254041,0,0.95271695,0.0
10239,0.00263271993279,0.0010248685860249,0,0.9550502,0.0
10240,0.0029319320976358,0.0006308508368141,0,0.95517606,0.0
10241,0.0028045672326827,0.0005710157524828,0,0.954741,0.0
10242,0.0023471449759621,0.0003736316220125,0,0.9539713,0.0
10243,0.0018455383543903,0.0007291640371225,0,0.9538963,0.0
10244,0.0014082384690656,0.0011304047808944,0,0.9514091,0.0
10245,0.0012713321644327,0.0015658268816314,0,0.94927883,0.0
10246,0.0005296423716579,0.0010269206708219,0,0.94597846,0.0
10247,0.0001423646564349,0.000852521485316,0,0.9413792,0.0
10248,0.0003476322647756,0.0005478299826615,0,0.93941796,0.0
10249,0.0004050922902572,8.963776594459836e-05,0,0.9343538,0.0
10250,0.0013794722216287,0.0004289545583206,0,0.92617595,0.0
10251,0.0019202306598095,0.0001547397426068,0,0.91176057,0.0
10252,0.0010716424475636,0.0006833996778958,0,0.9019242,0.0
10253,0.0007210425072579,0.0014463580180396,0,0.90371567,0.0
10254,0.0002978505962137,0.0007350722107627,0,0.90856,0.0
10255,0.0007507437802422,0.0003674980128903,0,0.9257907,0.0
10256,0.0011568516905588,0.0001857002924349,0,0.9395789,0.0
10257,0.0004038640621116,0.0003553672468841,0,0.949317,0.0
10258,0.000906335850562,0.0005180335261998,0,0.96031475,0.0
10259,0.0017708883942047,0.0005083758566665,0,0.96622807,0.0
10260,0.0019180767782507,0.0007478573745202,0,0.96971214,0.0
10261,0.0027141590995391,0.0011078427918924,0,0.9716591,0.0
10262,0.0021056567622104,0.0010669540579777,0,0.9723233,0.0
10263,0.0008720168365719,0.0002295559318369,0,0.97224325,0.0
10264,0.0003845981415196,0.0003768627054799,0,0.97136194,0.0
10265,0.0006417485869074,0.0007299644967897,0,0.97022486,0.0
10266,0.0010573393130785,0.0005715549876673,0,0.96824074,0.0
10267,0.0022712467092287,0.0007927846102626,0,0.962737,0.0
10268,0.0031834314659374,0.0008665704613878,0,0.9527323,0.0
10269,0.0026274194318807,0.0003160827232811,0,0.9328879,0.0
10270,0.0049403863481986,0.0012538792172303,0,0.8971183,0.0
10271,0.0044178907485255,0.0016758459191461,0,0.8209353,0.0
10272,0.004340918937484,0.0013145611329847,0,0.64381415,0.0
10273,0.0046531244362647,0.0011405972451971,0,0.3111081,0.0
10274,0.0046750896926828,0.0005415354428442,0,0.119093716,0.0
10275,0.0042112929941301,0.000367139821488,0,0.0,0.0
10276,0.0048354373733052,0.0006724627875725,0,0.0,0.0
10277,0.0041763459856847,0.0004744378480583,0,0.0,0.0
10278,0.0031565723337736,0.0005439868792622,0,0.0,0.0
10279,0.0007829198562914,0.0005925452030764,0,0.0,0.0
10280,0.0005969089546555,0.0004616114783,0,0.0,0.0
10281,0.0006051515183329,0.0005790331119664,0,0.0,0.0
10282,0.0005217351289956,0.0006612842976957,0,0.0,0.0
10283,0.0015485383237334,0.0011605914877413,0,0.0,0.0
10284,0.0037932683958303,0.0018354922922478,0,0.0,0.0
10285,0.0059157180722956,0.0029201550924912,0,0.0,0.0
10286,0.0078289917940212,0.0044771850774465,0,0.0,0.0
10287,0.0088386705505567,0.0060819841809797,0,0.0,0.0
10288,0.0099987506210834,0.0071923582121231,0,0.0,0.0
10289,0.0096357713251273,0.00892709784753,0,0.0,0.0
10290,0.0093014153385593,0.0096769668355897,0,0.0,0.0
10291,0.0092812861422321,0.0103877910483099,0,0.0,0.0
10292,0.0092321486815779,0.0087428026147116,0,0.0,0.0
10293,0.0072149488424027,0.0070853813028369,0,0.0,0.0
10294,0.0066824965026855,0.0066515656134752,0,0.0,0.0
10295,0.0078630458969857,0.0072667088757505,0,0.0,0.0
10296,0.0096463912649046,0.0092120238586984,0,0.0,0.0
10297,0.0102010825994648,0.0108812148685878,0,0.0,0.0
10298,0.009722365308613,0.0111050121289496,0,0.0,0.0
10299,0.0094451175695431,0.0093928321254471,0,0.0,0.0
10300,0.0076208763114765,0.0081689925026218,0,0.0,0.0
10301,0.0059648676572342,0.0080127425665235,0,0.0,0.0
10302,0.0045310337855269,0.0062004446761352,0,0.0,0.0
10303,0.0040951687034363,0.0036509961542196,0,0.0,0.0
10304,0.0036402544668364,0.0029612303343291,0,0.0,0.0
10305,0.0040025484273892,0.0034824614083073,0,0.0,0.0
10306,0.0050216389223224,0.0034902485342416,0,0.0,0.0
10307,0.0061756290698705,0.004232627546308,0,0.0,0.0
10308,0.0057759376186636,0.0049437491316305,0,0.0,0.0
10309,0.0050986831923059,0.0056621111921943,0,0.0,0.0
10310,0.0059756581172996,0.0048363946093389,0,0.0,0.0
10311,0.0048836257402927,0.0056117488464933,0,0.0,0.0
10312,0.0037072187390556,0.0050409076367002,0,0.0,0.0
10313,0.0033213126298002,0.0044250177163734,0,0.0,0.0
10314,0.001674317651267,0.0036450612898264,0,0.0,0.0
10315,0.0025356251251739,0.0041492634100093,0,0.0,0.0
10316,0.0040490970037043,0.0036667493147462,0,0.0,0.0
10317,0.004127501905373,0.0029525781504956,0,0.0,0.0
10318,0.0030245591606,0.003096672071032,0,0.0,0.0
10319,0.0024078813783965,0.0017339640480394,0,0.0,0.0
10320,0.0016326264519469,0.001653692858162,0,0.0,0.0
10321,0.0008178501659385,0.0024301467476109,0,0.0,0.0
10322,0.0012578446474681,0.0015486236119856,0,0.0,0.0
10323,0.0014188454273351,0.0010130353866063,0,0.0,0.0
10324,0.0011898546286873,0.0007197410139591,0,0.0,0.0
10325,0.0012720964872659,0.0006092115569227,0,0.0,0.0
10326,0.0022939042015904,0.0005151970117596,0,0.0,0.0
10327,0.0025095839059392,0.0001189730952282,0,0.0,0.0
10328,0.0026198722681583,0.0010660370775752,0,0.0,0.0
10329,0.0047739286138687,0.0016054820028485,0,0.0,0.0
10330,0.0064925749457671,0.0017736033207993,0,0.0,0.0
10331,0.0042267955639194,0.0016587543126027,0,0.0,0.0
10332,0.0025657379595991,0.0013670381150362,0,0.0,0.0
10333,0.0020305416316151,0.0011521132982536,0,0.0,0.0
10334,0.001635007909744,0.0012050403000895,0,0.0,0.0
10335,0.0006177045859075,0.0009660241505188,0,0.0,0.0
10336,0.0006003677084089,0.0003967205292231,0,0.0,0.0
10337,0.0019705176608672,0.0004017013647014,0,0.0,0.0
10338,0.0043342036583201,0.0013154157875791,0,0.0,0.0
10339,0.0017014392779582,0.0008532586204196,0,0.0,0.0
10340,0.000737160211866,0.0004945578297477,0,0.0,0.0
10341,0.0007266804216413,0.0005602005672379,0,0.0,0.0
10342,0.0024847381450751,0.0004990670187676,0,0.0,0.0
10343,0.0064549109957884,0.0005735584496867,0,0.0,0.0
10344,0.0056487927692629,0.001437905507285,0,0.0,0.0
10345,0.0044751194704867,0.002228844010397,0,0.0,0.0
10346,0.0032570273087919,0.0019113883911696,0,0.0,0.0
10347,0.0038656926093969,0.0015569633688434,0,0.0,0.0
10348,0.0048345679552772,0.0013024729667316,0,0.0,0.0
10349,0.0033440735260335,0.0005208231571672,0,0.0,0.0
10350,0.0032506320730383,0.0008776067178776,0,0.0,0.0
10351,0.0035876038549065,0.000955034592676,0,0.0,0.0
10352,0.0037212819837156,0.0011492864725076,0,0.0,0.0
10353,0.0049365516572677,0.0014455108048593,0,0.0,0.0
10354,0.0046189006838145,0.0015476139386576,0,0.0,0.0
10355,0.0055335690303498,0.0014636598637353,0,0.0,0.0
10356,0.005807014945895,0.0030243666038392,0,0.0,0.0
10357,0.0063428245288035,0.0042067707978079,0,0.0,0.0
10358,0.0059770819805727,0.0038492018716769,0,0.0,0.0
10359,0.0039871685664025,0.0024043128057614,0,0.0,0.0
10360,0.0017886910532719,0.0016872197275225,0,0.0,0.0
10361,0.0018054241659924,0.0025756397875664,0,0.0,0.0
10362,0.0008621384371246,0.0017764149555946,0,0.0,0.0
10363,0.0009614929314467,0.0015271919527921,0,0.0,0.0
10364,0.0010646620030456,0.0014870269826308,0,0.0,0.0
10365,0.001140049540892,0.0014646040294235,0,0.0,0.0
10366,0.0008680658207012,0.0004444754619078,0,0.0,0.0
10367,0.0006547098699559,0.0007465182646411,0,0.0,0.0
10368,0.0001279335833541,0.0016028065409738,0,0.0,0.0
10369,0.0003533177951528,0.0024049527610137,0,0.0,0.0
10370,0.0013332429366602,0.0013626627190102,0,0.0,0.0
10371,0.000605927707001,0.0003755914723186,0,0.0,0.0
10372,7.563254134588061e-05,4.117230937814875e-05,0,0.0,0.0
10373,1.7857103070172345e-06,5.2043529154246736e-05,0,0.0,0.0
10374,8.406477290281835e-06,9.197114393655124e-05,0,0.0,0.0
10375,9.237885793555652e-05,7.289811708682364e-05,0,0.0,0.0
10376,0.0004812008717178,0.0002209178159293,0,0.0,0.0
10377,0.0007616367279753,0.0003877549178448,0,0.0,0.0
10378,0.0001698248464223,0.0005836373729088,0,0.0,0.0
10379,2.636313893493506e-05,0.0004118088313166,0,0.0,0.0
10380,0.0001746529492367,0.0005822273908864,0,0.0,0.0
10381,0.0003386905746903,0.0003779270213466,0,0.0,0.0
10382,0.0002786726330207,0.0004461976956278,0,0.0,0.0
10383,0.0002029905918145,0.0002924915439024,0,0.0,0.0
10384,0.000125763792952,0.0001681374937481,0,0.0,0.0
10385,3.061791433913062e-05,3.85703821707176e-06,0,0.0,0.0
10386,0.0002169823265698,0.0002035836707267,0,0.0,0.0
10387,0.0005336906872523,0.0003176861614925,0,0.0,0.0
10388,0.0008623909175613,0.0002892596955102,0,0.0,0.0
10389,0.0006566084306605,0.000133271939419,0,0.0,0.0
10390,0.0024719774699128,0.0007615434683042,0,0.0,0.0
10391,0.0045296647966578,0.0017124316412746,0,0.0,0.0
10392,0.0023114204107255,0.0011201135093444,0,0.0,0.0
10393,0.0003856400629203,0.0010924765680535,0,0.0,0.0
10394,0.0001445852163173,0.0008785296920061,0,0.0,0.0
10395,5.828766577650527e-05,0.0003230245094386,0,0.0,0.0
10396,0.0009470237644182,0.000432715094476,0,0.0,0.0
10397,0.0035080324414908,0.0002329078124699,0,0.0,0.0
10398,0.0026996778790054,7.510257493094488e-05,0,0.0,0.0
10399,0.0030149175084219,3.1400398550541966e-05,0,0.0,0.0
10400,0.0022353475694573,0.0001160508620561,0,0.0,0.0
10401,0.001805123894254,0.0003072819938155,0,0.0,0.0
10402,0.0041300946132019,0.0006526194791164,0,0.0,0.0
10403,0.0065181620256207,0.0007011807394593,0,0.0,0.0
10404,0.0061545683904074,0.0009551374726814,0,0.0,0.0
10405,0.0047537763093725,0.000455103611485,0,0.0,0.0
10406,0.0047174702107012,0.000345897532963,0,0.0,0.0
10407,0.0031423922187682,0.0006023178894877,0,0.0,0.0
10408,0.0013017829867507,0.0001480746313326,0,0.0,0.0
10409,0.0010013719467731,0.0003884343338793,0,0.0,0.0
10410,0.001102931463707,0.0004307724609102,0,0.0,0.0
10411,0.0006962242165546,0.0002161328872075,0,0.0,0.0
10412,0.0005194327037199,5.553746451425807e-05,0,0.0,0.0
10413,0.0004054937094157,8.285297297827998e-05,0,0.0,0.0
10414,0.000340383008884,7.960270924130417e-05,0,0.0,0.0
10415,0.0005478561131381,0.0001989323783529,0,0.0,0.0
10416,0.0016658506847336,7.797027670331571e-05,0,0.0,0.0
10417,0.0037020151477849,0.0002218330727184,0,0.0,0.0
10418,0.0039012755039502,0.0004423234594272,0,0.0,0.0
10419,0.0025865443704699,0.000449906977739,0,0.0,0.0
10420,0.0026974446818925,0.0001519661882938,0,0.0,0.0
10421,0.0020756004864139,9.287491953125408e-05,0,0.0,0.0
10422,0.0012900921207658,0.0002484856286043,0,0.0,0.0
10423,0.0008491350254965,8.963561337011608e-05,0,0.0,0.0
10424,0.0003085539457478,0.0001250104332924,0,0.0,0.0
10425,0.000286992585382,0.0001735567094591,0,0.0,0.0
10426,0.0002538304877296,0.0001480762812152,0,0.0,0.0
10427,9.746885044312602e-05,5.0247191807228055e-05,0,0.0,0.0
10428,8.012737174617128e-06,4.13663204028821e-06,0,0.0,0.0
10429,1.6890189412343675e-05,3.226416822143892e-05,0,0.0,0.0
10430,5.36163276798344e-05,1.9433266079391517e-05,0,0.0,0.0
10431,4.196359205938327e-05,5.273753336209998e-05,0,0.0,0.0
10432,8.347132321920954e-06,6.231471625165415e-05,0,0.0,0.0
10433,8.73998911932527e-06,7.763465752233506e-06,0,0.0,0.0
10434,3.983386575800628e-05,4.363526540267642e-05,0,0.0,0.0
10435,0.000191135662567,8.815767255922488e-05,0,0.0,0.0
10436,0.0001438258013407,8.121355580251494e-05,0,0.0,0.0
10437,6.611468062185125e-05,1.2101116010441437e-05,0,0.0,0.0
10438,9.310008186141328e-05,0.0001067534043947,0,0.0,0.0
10439,0.0001517491023507,2.2379420219444792e-05,0,0.0,0.0
10440,0.0003663048711158,0.0001359259776081,0,0.0,0.0
10441,0.0010820646108637,0.0005443312910727,0,0.0,0.0
10442,0.0004956483459502,0.0004740076021658,0,0.0,0.0
10443,0.0003110117045833,0.000768311595852,0,0.0,0.0
10444,0.0020069396397044,0.0012287356537635,0,0.0,0.0
10445,0.0029261157282169,0.0015183896605336,0,0.0,0.0
10446,0.0021388209029241,0.0017941261764321,0,0.0,0.0
10447,0.0017642579912303,0.0018023123135139,0,0.0,0.0
10448,0.0006550936638119,0.001252673329412,0,0.0,0.0
10449,0.0004192149987389,0.0006851552669916,0,0.0,0.0
10450,0.0017709423805059,0.0006816725402273,0,0.0,0.0
10451,0.0026171081400049,0.0011630779763541,0,0.0,0.0
10452,0.003846378756888,0.0017799869812314,0,0.0,0.0
10453,0.0020169309021423,0.0008318006755201,0,0.0,0.0
10454,0.0004539564847508,0.0010599603425301,0,0.0,0.0
10455,0.0002726287755398,0.0008647961046145,0,0.0,0.0
10456,0.0009178172514117,0.0004854177687699,0,0.0,0.0
10457,0.0007645541135253,0.0005380730788137,0,0.0,0.0
10458,0.0019383799989897,0.0005484714035962,0,0.0,0.0
10459,0.0025879864816359,0.0012602207900051,0,0.0,0.0
10460,0.0009871457031236,0.0004553420881805,0,0.0,0.0
10461,0.0007666723962501,0.0009861600510202,0,0.0,0.0
10462,0.0006283711195827,0.0008144907662513,0,0.0,0.0
10463,0.0005566990117013,0.0002874300168132,0,0.0,0.0
10464,0.0005525237040733,0.0002550754378631,0,0.0,0.0
10465,0.0006134576983368,0.0002603527185874,0,0.0,0.0
10466,0.0007359793922347,3.517530857824224e-05,0,0.0,0.0
10467,0.0009182210225655,0.0001349846865254,0,0.0,0.0
10468,0.0011601036772951,0.0001927477126423,0,0.0,0.0
10469,0.0020259429947123,0.0006845471247649,0,0.0,0.0
10470,0.0043523001463295,0.0011413731442266,0,0.0,0.0
10471,0.0023978536533978,0.0011464015375897,0,0.0,0.0
10472,0.0010083292949432,0.0011328521956504,0,0.0,0.0
10473,0.0011086103186388,0.0012252128227781,0,0.0,0.0
10474,0.0003627943632826,0.000882891408123,0,0.0,0.0
10475,0.0013750806289543,0.000734974499808,0,0.0,0.0
10476,0.0013953697903894,0.0002931986430836,0,0.0,0.0
10477,0.0011318860599228,0.0002668964309939,0,0.0,0.0
10478,0.0042913510120579,0.000370565662085,0,0.0,0.0
10479,0.0063547930823724,0.0005616659105804,0,0.0,0.0
10480,0.0061899281605396,0.0016413675083312,0,0.0,0.0
10481,0.0035926045127358,0.0008365751605712,0,0.0,0.0
10482,0.0018913561123158,0.0007257165385359,0,0.0,0.0
10483,0.0004761075277797,0.000656957681825,0,0.0,0.0
10484,0.0006608459382627,0.0001812583132525,0,0.0,0.0
10485,0.0014179164525109,0.0006859557003451,0,0.0,0.0
10486,0.0009454904001685,0.0008715191982062,0,0.0,0.0
10487,0.0006023665962672,0.0011209774219851,0,0.0,0.0
10488,0.0015826079586627,0.0008501469267449,0,0.0,0.0
10489,0.0020169298134414,0.0007862544374469,0,0.0,0.0
10490,0.0020620815757941,0.0012651131813572,0,0.0,0.0
10491,0.0042860833180619,0.0027831293395168,0,0.0,0.0
10492,0.004982858173382,0.002161478584713,0,0.0,0.0
10493,0.004566795578179,0.0010678800464343,0,0.0,0.0
10494,0.0029326955841707,0.0009467825035958,0,0.0,0.0
10495,0.0014424700671495,0.0010080673766341,0,0.0,0.0
10496,0.0006500576012187,0.0011003178660231,0,0.0,0.0
10497,0.0017891730962083,0.0017927440127603,0,0.0,0.0
10498,0.0023341505265619,0.0021607430153063,0,0.0,0.0
10499,0.0005998658358804,0.0016995327512742,0,0.0,0.0
10500,0.0024918306740829,0.0003861124552884,0,0.0,0.0
10501,0.0037969302996571,0.0001510979837164,0,0.0,0.0
10502,0.0032075247445891,0.0006664983700084,0,0.0,0.0
10503,0.0022921737921476,0.0010484596208343,0,0.0,0.0
10504,0.0012992848048018,0.0015245616792507,0,0.0,0.0
10505,0.002019451120547,0.0015642128318849,0,0.0,0.0
10506,0.0021265465404347,0.0017461148298492,0,0.0,0.0
10507,0.0034980189994648,0.0016264541201463,0,0.0,0.0
10508,0.0040470328156792,0.0012374960987909,0,0.0,0.0
10509,0.0052660911782799,0.0008390035157039,0,0.0,0.0
10510,0.0039573613563527,0.0004851217936639,0,0.0,0.0
10511,0.0017745084197509,0.0005050596734953,0,0.0,0.0
10512,0.000402481662443,0.0002524213066904,0,0.0,0.0
10513,0.0005457141126223,0.0001891437741971,0,0.0,0.0
10514,0.0012490198925224,4.6038350791304006e-05,0,0.0,0.0
10515,0.0007919409683423,0.0001463116737563,0,0.0,0.0
10516,0.001059923088188,0.0004362345973051,0,0.0,0.0
10517,0.0010945856092697,0.000114113876282,0,0.0,0.0
10518,0.0008946343808753,0.0003087414031781,0,0.0,0.0
10519,0.000183411998529,0.0001628236926834,0,0.0,0.0
10520,0.0017304867055708,0.0007266233194492,0,0.0,0.0
10521,0.0045563424230357,0.0020233475793009,0,0.0,0.0
10522,0.0045037017580966,0.0021949339889972,0,0.0,0.0
10523,0.002327765600567,0.001187453287337,0,0.0,0.0
10524,0.0010293502516453,0.000482769386984,0,0.0,0.0
10525,0.0003337614822752,0.000157053189369,0,0.0,0.0
10526,0.0003914895428353,0.0003170253094565,0,0.0,0.0
10527,0.0003590091943187,0.0004873666258762,0,0.0,0.0
10528,0.00032256217515,0.0005669102490737,0,0.0,0.0
10529,0.0007296802584205,0.0009302843856478,0,0.0,0.0
10530,0.0013405709578236,0.0005309116888376,0,0.0,0.0
10531,0.0027122732448156,0.0005378285717882,0,0.0,0.0
10532,0.003967814207938,0.0006893017258249,0,0.0,0.0
10533,0.0038024412528877,9.038880469952166e-05,0,0.0,0.0
10534,0.0029001780425963,0.0007144537263824,0,0.0,0.0
10535,0.0015439821139488,0.0006708229805014,0,0.0,0.0
10536,0.0007987397677875,0.0004348509518,0,0.0,0.0
10537,0.000197824108841,0.0001466324450848,0,0.0,0.0
10538,0.0002453658559627,0.0001618168486308,0,0.0,0.0
10539,0.0013008007224067,0.0005198768851098,0,0.0,0.0
10540,0.0032204545297215,0.0009021581079167,0,0.0,0.0
10541,0.0049878402762874,0.0010402778955065,0,0.0,0.0
10542,0.0045626762890449,0.0009776548934584,0,0.0,0.0
10543,0.0026226084253655,0.0008878861601427,0,0.0,0.0
10544,0.0017764451301819,0.0006782399580231,0,0.0,0.0
10545,0.002333105230348,0.0008660336906724,0,0.0,0.0
10546,0.001555594647519,0.0009340678648402,0,0.0,0.0
10547,0.0004373617146058,0.0003497832821655,0,0.0,0.0
10548,0.0004557262962739,7.991143812237883e-05,0,0.0,0.0
10549,0.0005864774871366,2.673468464968904e-05,0,0.0,0.0
10550,0.0004765674755972,3.572436442032181e-05,0,0.0,0.0
10551,0.0004028067271253,2.4630466764215603e-05,0,0.0,0.0
10552,0.00019296713774,6.294694395387943e-05,0,0.0,0.0
10553,0.0002145109063615,5.647939643876636e-05,0,0.0,0.0
10554,0.0001505790318587,2.6469733275342448e-05,0,0.0,0.0
10555,2.3853157982757224e-05,4.662588096533873e-05,0,0.0,0.0
10556,0.0001158103365862,4.727339952571796e-05,0,0.0,0.0
10557,6.780085106324056e-05,2.4737934835987853e-05,0,0.0,0.0
10558,2.9407865360593955e-05,7.314963885224121e-05,0,0.0,0.0
10559,2.3741138850250923e-05,2.062636397623777e-05,0,0.0,0.0
10560,5.538593550471314e-05,1.2721250412047473e-05,0,0.0,0.0
10561,3.443116473619254e-05,7.399349364892558e-05,0,0.0,0.0
10562,0.0004239094041745,0.000365036579522,0,0.0,0.0
10563,0.0023070953753731,0.0008741544108363,0,0.0,0.0
10564,0.0035254484957772,0.001345047808185,0,0.0,0.0
10565,0.0023876596157048,0.0014001473674582,0,0.0,0.0
10566,0.0021870028416576,0.0013869554527752,0,0.0,0.0
10567,0.0023336602443035,0.001491474259967,0,0.0,0.0
10568,0.001688264672549,0.0011402927985984,0,0.0,0.0
10569,0.0011516798093191,0.0010935705382191,0,0.0,0.0
10570,0.0013251045391701,0.0012950493151933,0,0.0,0.0
10571,0.0027751543748589,0.0006085369920557,0,0.0,0.0
10572,0.0024439905553418,0.0011222695751847,0,0.0,0.0
10573,0.0022203784490933,0.0009860440648131,0,0.0,0.0
10574,0.001210582472321,0.0011087413193907,0,0.0,0.0
10575,0.0017795285874671,0.001509842311218,0,0.0,0.0
10576,0.0019925291701664,0.0016615543470722,0,0.0,0.0
10577,0.001640405901144,0.0014076557515258,0,0.0,0.0
10578,0.0010875029393378,0.0005873220882738,0,0.0,0.0
10579,0.0012472790931444,0.0004655398969303,0,0.0,0.0
10580,0.0010475391750287,0.0005275269959677,0,0.0,0.0
10581,0.0007111478513383,8.3946787889758e-05,0,0.0,0.0
10582,0.0016245421627647,0.0004250587967881,0,0.0,0.0
10583,5.78417029279124e-05,0.0004508470882393,0,0.0,0.0
10584,0.0017762367645738,0.0003504070826018,0,0.0,0.0
10585,0.002619428661966,0.0003751526640831,0,0.0,0.0
10586,0.0030428065855661,0.0008422164450695,0,0.0,0.0
10587,0.0021750102036493,0.0013668592743662,0,0.0,0.0
10588,0.0005686893349444,0.0007264230115537,0,0.0,0.0
10589,0.001605115025467,0.0002609916578539,0,0.0,0.0
10590,0.0018310379857726,0.0002268361711104,0,0.0,0.0
10591,0.00094564846635,0.0004820604542434,0,0.0,0.0
10592,0.0010287701421968,0.0005539125494087,0,0.0,0.0
10593,0.0008133526373613,0.0001856144344155,0,0.0,0.0
10594,0.0016492226050279,0.0001902997474408,0,0.0,0.0
10595,0.0014106403964205,0.0004171274285375,0,0.0,0.0
10596,0.0012084148833992,0.0005836370489909,0,0.0,0.0
10597,0.0008839486413511,0.0012674495073675,0,0.0,0.0
10598,0.0010563579365907,0.0015928353746186,0,0.0,0.0
10599,0.0028894796615603,0.0021393456090807,0,0.0,0.0
10600,0.0060628016435262,0.0030934721392366,0,0.0,0.0
10601,0.0066610906663225,0.0044257685533471,0,0.0,0.0
10602,0.0078581146799616,0.0045122993443775,0,0.0,0.0
10603,0.00980373368873,0.0027460406197787,0,0.0,0.0
10604,0.0104142851699986,0.00157868047998,0,0.0,0.0
10605,0.0086327405253836,0.001322189886574,0,0.0,0.0
10606,0.0068555670704121,0.002055707747416,0,0.0,0.0
10607,0.006965335073306,0.0018284492975615,0,0.0,0.0
10608,0.0065457800818138,0.0002284533713298,0,0.0,0.0
10609,0.0052842898165432,0.0011784616303423,0,0.0,0.0
10610,0.0040296909981724,0.0015106744465285,0,0.0,0.0
10611,0.0044378800676883,0.0010462099936538,0,0.0,0.0
10612,0.0050979503121863,0.0018708017206641,0,0.0,0.0
10613,0.0042009603950743,0.0020726288470622,0,0.0,0.0
10614,0.0041447900444391,0.0023708761696899,0,0.0,0.0
10615,0.0036963078469676,0.0033766342633898,0,0.0,0.0
10616,0.0025378342448745,0.0033797314409108,0,0.0,0.0
10617,0.0020367215129246,0.0018985758999082,0,0.0,0.0
10618,0.0008331031756228,0.0006431347496003,0,0.0,0.0
10619,0.0003155677654834,0.0007111309257318,0,0.0,0.0
10620,0.0003517309879405,0.0008256218417232,0,0.0,0.0
10621,0.0012508807002951,0.0011547969918233,0,0.0,0.0
10622,0.0029479726650219,0.0004209476710409,0,0.0,0.0
10623,0.0040739168383664,0.0010948405454343,0,0.0,0.0
10624,0.0049401683693368,0.0009978494302396,0,0.0,0.0
10625,0.0037420056625741,0.0011911013662629,0,0.0,0.0
10626,0.0036484794565136,0.0007987212410364,0,0.0,0.0
10627,0.0061000462700366,0.0012042961510622,0,0.0,0.0
10628,0.005638801357878,0.0017359511644075,0,0.0,0.0
10629,0.0032139633272238,0.0018589416412379,0,0.0,0.0
10630,0.0041872701987525,0.0025179654732295,0,0.0,0.0
10631,0.0047191336600595,0.0025691656728089,0,0.0,0.0
10632,0.0048175147872141,0.0031325543463399,0,0.0,0.0
10633,0.0053445235888891,0.0037479137694309,0,0.0,0.0
10634,0.0059296174926699,0.0039372937003495,0,0.0,0.0
10635,0.0041088108960255,0.0036579820496579,0,0.0,0.0
10636,0.0020809655892108,0.0031706584333542,0,0.0,0.0
10637,0.0008155414688248,0.0029987971326744,0,0.0,0.0
10638,0.0007160473648727,0.0022051440961983,0,0.0,0.0
10639,0.0004919283748856,0.0012242340159745,0,0.0,0.0
10640,0.001101995663543,0.001239438953307,0,0.0,0.0
10641,0.0003115891932393,0.0023491473058987,0,0.0,0.0
10642,0.0012164877918454,0.0027553500998744,0,0.0,0.0
10643,0.0013078507851417,0.0024601132448258,0,0.0,0.0
10644,0.0005657529815665,0.0025967508593565,0,0.0,0.0
10645,0.0009873934296409,0.0015634350841754,0,0.0,0.0
10646,0.002785600892862,0.0003196435450497,0,0.0,0.0
10647,0.0024062469009608,0.000206730353531,0,0.0,0.0
10648,0.0019117076760267,0.0002749376272459,0,0.0,0.0
10649,0.001312182663966,0.0005145141797864,0,0.0,0.0
10650,0.0010966882863173,0.0006810180763643,0,0.0,0.0
10651,0.0017500333640183,0.0004649901632769,0,0.0,0.0
10652,0.0030497415339912,0.0007122153781692,0,0.0,0.0
10653,0.0015921392110623,0.0004034706404672,0,0.0,0.0
10654,0.0008032506732544,0.0001951823872147,0,0.0,0.0
10655,0.0007413508554692,0.0001099849874292,0,0.0,0.0
10656,0.0013857242193738,0.0002593827056136,0,0.0,0.0
10657,0.0003408439861585,0.0002338247465837,0,0.0,0.0
10658,0.0012876165507762,7.511349629800917e-05,0,0.0,0.0
10659,0.0021277504783078,0.0002112805969118,0,0.0,0.0
10660,0.0036335760285573,0.0008141184027025,0,0.0,0.0
10661,0.0025559545701335,0.0004481621616086,0,0.0,0.0
10662,0.0012232215721302,0.0003111469745958,0,0.0,0.0
10663,0.000989548918014,0.0004370545524646,0,0.0,0.0
10664,0.001720101050767,0.0005036761612931,0,0.0,0.0
10665,0.0013864854923548,0.0001892652051165,0,0.0,0.0
10666,0.0012057315115536,0.0001084399236811,0,0.0,0.0
10667,0.0005444649978887,0.0002103952585904,0,0.0,0.0
10668,0.0006492822467987,3.832846251148938e-05,0,0.0,0.0
10669,0.0021208600244394,0.0002379824772345,0,0.0,0.0
10670,0.0020270608069793,0.0003600501444609,0,0.0,0.0
10671,0.0012225815337438,0.0004365914293868,0,0.0,0.0
10672,0.0004968692876991,0.0001203259975951,0,0.0,0.0
10673,6.332588845880661e-05,0.0001818191418442,0,0.0,0.0
10674,0.0001494884846472,0.0002055623384854,0,0.0,0.0
10675,5.19802685304172e-05,8.907001036253636e-05,0,0.0,0.0
10676,5.276647859078383e-05,0.0005471767223354,0,0.0,0.0
10677,0.000249737998822,0.0002461668768681,0,0.0,0.0
10678,0.0004619767360833,0.0002022441789762,0,0.0,0.0
10679,0.0003606479521401,0.0003065602894079,0,0.0,0.0
10680,0.0003163642119748,0.0002545366896006,0,0.0,0.0
10681,0.0001767114997782,6.813025680974528e-05,0,0.0,0.0
10682,0.0001628221840401,6.075693338733181e-05,0,0.0,0.0
10683,0.0002990949100023,0.0002465488214699,0,0.0,0.0
10684,0.0002694389617314,0.0002285805112183,0,0.0,0.0
10685,0.0002711327678281,0.0003774319983931,0,0.0,0.0
10686,0.0011112613033863,0.000421047210003,0,0.0,0.0
10687,0.0017334851348727,0.0008786376041142,0,0.0,0.0
10688,0.0016728585073849,0.0014084419380736,0,0.0,0.0
10689,0.0005768626503206,0.0010466077163537,0,0.0,0.0
10690,0.0004931825916635,0.0009402353578921,0,0.0,0.0
10691,0.0011296979548895,0.0011743613082592,0,0.0,0.0
10692,0.0012563062127161,0.0012645786432935,0,0.0,0.0
10693,0.0024860042877561,0.0016046703118361,0,0.0,0.0
10694,0.0030500016293624,0.0023284185917718,0,0.0,0.0
10695,0.0029348941361479,0.0025762386104788,0,0.0,0.0
10696,0.004219037323312,0.002913978060932,0,0.0,0.0
10697,0.0046170468721994,0.0030754554107612,0,0.0,0.0
10698,0.004575949289944,0.0034445283244942,0,0.0,0.0
10699,0.0039916714282164,0.0037915102213593,0,0.0,0.0
10700,0.0046446299498016,0.0041680310401362,0,0.0,0.0
10701,0.0046585441376945,0.0047831001361615,0,0.0,0.0
10702,0.0042271699436663,0.0049503061106796,0,0.0,0.0
10703,0.0031551944061585,0.0048143921255712,0,0.0,0.0
10704,0.0031172840809581,0.00445455507483,0,0.0,0.0
10705,0.003858281629883,0.0030765996846768,0,0.0,0.0
10706,0.0043043449035582,0.0032986795244587,0,0.0,0.0
10707,0.0040498927903905,0.0034891953348303,0,0.0,0.0
10708,0.0054783379068476,0.0035787709114577,0,0.0,0.0
10709,0.0048055634348011,0.003072217583917,0,0.0,0.0
10710,0.004377516880222,0.0029353860114629,0,0.0,0.0
10711,0.0053795593585771,0.003978639374462,0,0.0,0.0
10712,0.0054545848580705,0.0050489143311747,0,0.0,0.0
10713,0.0057302749966432,0.0045591202443324,0,0.10357223,0.0
10714,0.0062211415486489,0.0042789829873068,0,0.6727153,0.0
10715,0.004588835510779,0.0040959521577155,0,0.86515695,0.0
10716,0.0023157613091948,0.0031421207100654,0,0.90334314,0.0
10717,0.0007967461779481,0.002296126985104,0,0.9120917,0.0
10718,0.0013304323554499,0.0015056656209032,0,0.90581685,0.0
10719,0.001787933146949,0.0010404009182846,0,0.8782946,0.0
10720,0.0027880823658897,0.0012806195384006,0,0.78066635,0.0
10721,0.0052013159254961,0.0016433475093334,0,0.4503957,0.0
10722,0.0059446315032558,0.0019696630488565,0,0.11214657,0.0
10723,0.0047189792509935,0.0028014713384248,0,0.0,0.0
10724,0.0039273772889,0.0040721134381056,0,0.0,0.0
10725,0.004111578688736,0.0051740817560928,0,0.0,0.0
10726,0.0062695976367461,0.0049726881212,0,0.0,0.0
10727,0.0055266816854686,0.0057260486907026,0,0.0,0.0
10728,0.0052038520009325,0.0052415559439728,0,0.0,0.0
10729,0.0060191723238478,0.0065560684015104,0,0.0,0.0
10730,0.0049612781235019,0.0061266426320909,0,0.0,0.0
10731,0.0067840224894146,0.0071867318291948,0,0.0,0.0
10732,0.0073818654057334,0.0063681266758954,0,0.0,0.0
10733,0.0056183553686129,0.0064547017683322,0,0.0,0.0
10734,0.0055395891180325,0.0071801528541251,0,0.0,0.0
10735,0.0042980594926907,0.004762901573885,0,0.0,0.0
10736,0.0033030033127102,0.0031517225786857,0,0.0,0.0
10737,0.0014443621208066,0.0029646330345294,0,0.0,0.0
10738,0.000274619996022,0.0013815290138328,0,0.0,0.0
10739,0.0007715539834839,0.0016979528579983,0,0.0,0.0
10740,0.0012784343339042,0.0015948943746162,0,0.0,0.0
10741,0.0010343103327532,0.0004011709264855,0,0.0,0.0
10742,0.0026264668144878,0.000492674670256,0,0.0,0.0
10743,0.0029001524790593,0.0006410244442055,0,0.0,0.0
10744,0.0020708577878666,0.0001408658072563,0,0.0,0.0
10745,0.0019870759143735,7.434222712772013e-05,0,0.0,0.0
10746,0.0011888929976137,0.0001676176993746,0,0.0,0.0
10747,0.0013959755250134,0.0002421029954928,0,0.0,0.0
10748,0.0019613583947578,0.0001272367749156,0,0.0,0.0
10749,0.0014545704680435,0.000217703115464,0,0.0,0.0
10750,0.0003704643458996,0.0001602466674916,0,0.0,0.0
10751,0.0001791940054025,5.1578431270080574e-05,0,0.0,0.0
10752,8.275892354615442e-05,0.0001073590977251,0,0.0,0.0
10753,0.0007549524584761,0.000109319296882,0,0.0,0.0
10754,0.0018487889380916,0.0006355260387744,0,0.0,0.0
10755,0.0025806800130516,0.0008075171871631,0,0.0,0.0
10756,0.0023991310745459,0.0004439128472065,0,0.0,0.0
10757,0.0016080459371801,0.0003903434099372,0,0.0,0.0
10758,0.0026409405711084,0.0001879485249194,0,0.0,0.0
10759,0.0018273517084424,0.0002047523709231,0,0.0,0.0
10760,0.0003337270267206,0.0005720494809911,0,0.0,0.0
10761,0.0021121672149298,0.0015771768501999,0,0.0,0.0
10762,0.0026347195592601,0.0011776621389493,0,0.0,0.0
10763,0.0017010872442671,0.0002940406641011,0,0.0,0.0
10764,0.0015479314924766,0.0001695330376897,0,0.0,0.0
10765,0.0014232444709174,0.0006962254829578,0,0.0,0.0
10766,0.0024873687631609,0.0011758354734526,0,0.0,0.0
10767,0.0022070268019978,0.0011914248459966,0,0.0,0.0
10768,0.0010199056712685,0.0015115235760455,0,0.0,0.0
10769,6.322606666292993e-05,0.001832289565557,0,0.0,0.0
10770,0.0010097699053129,0.0015235573435824,0,0.0,0.0
10771,0.000478212438163,0.000914420216225,0,0.0,0.0
10772,0.0008814702749969,0.0005139763104885,0,0.0,0.0
10773,0.0021621546923566,0.0006151672206301,0,0.0,0.0
10774,0.0029045503498444,0.000616230401989,0,0.0,0.0
10775,0.0022619097087249,0.0002337456671529,0,0.0,0.0
10776,0.0016066931578902,0.0001381211176312,0,0.0,0.0
10777,0.0006613634964822,0.0001580879660877,0,0.0,0.0
10778,0.0008568143046667,0.0001625544081872,0,0.0,0.0
10779,0.0014992629679427,9.252533611115772e-05,0,0.0,0.0
10780,0.0021696409082164,0.0002349441641011,0,0.0,0.0
10781,0.0026675943513111,0.0009391097823182,0,0.0,0.0
10782,0.001788194764902,0.0006098703185516,0,0.0,0.0
10783,0.0006702511818067,0.0012479023631861,0,0.0,0.0
10784,0.0003888213657687,0.0010284766084192,0,0.0,0.0
10785,0.0003429526693846,0.0001052171127171,0,0.0,0.0
10786,0.00030093651498,0.0009524920309375,0,0.0,0.0
10787,0.0002624706883981,0.0006738541139155,0,0.0,0.0
10788,0.0002272405056817,0.0005191028710974,0,0.0,0.0
10789,0.0001949677396285,0.0003681784707189,0,0.0,0.0
10790,0.0001655067930158,0.0001879330107318,0,0.0,0.0
10791,0.0001390173910133,0.0001641973129038,0,0.0,0.0
10792,0.0001163245919922,0.0001861211780276,0,0.0,0.0
10793,9.949714163007416e-05,0.0002933545219996,0,0.0,0.0
10794,9.214029667735371e-05,7.145678243761303e-05,0,0.0,0.0
10795,9.76334470900578e-05,0.0004787846807881,0,0.0,0.0
10796,0.0001156169500646,0.000286812491847,0,0.0,0.0
10797,0.0001763242596821,0.0005368783648989,0,0.0,0.0
10798,0.000386832960149,0.0010242516268203,0,0.0,0.0
10799,0.0006373581782284,0.000842537561085,0,0.0,0.0
10800,0.0007168868012172,0.0004727285624566,0,0.0,0.0
10801,0.0005396577237367,0.0001335163160425,0,0.0,0.0
10802,0.0001022886812016,0.0001071120124201,0,0.0,0.0
10803,0.0001768792938155,0.0003980442699959,0,0.0,0.0
10804,0.0003963452148162,0.0007255800050708,0,0.0,0.0
10805,0.0015772606920779,0.0004972083553596,0,0.0,0.0
10806,0.002198673672704,0.0006234646131451,0,0.0,0.0
10807,0.002198673672704,0.001106648778232,0,0.0,0.0
10808,0.0016329683120826,0.0004574488647613,0,0.0,0.0
10809,0.0006825930567846,0.0001749668638079,0,0.0,0.0
10810,0.0017486204217938,5.2906133211314014e-05,0,0.0,0.0
10811,0.0009672754950293,0.000150421799004,0,0.0,0.0
10812,0.0001991876668272,0.0005579057159999,0,0.0,0.0
10813,0.0009144473067305,0.0003986312596291,0,0.0,0.0
10814,0.0012938260768808,0.0002215442115716,0,0.0,0.0
10815,0.0012938260768808,0.0005802033342917,0,0.0,0.0
10816,0.0009144473067305,0.0001196473937774,0,0.0,0.0
10817,0.0006399033162732,0.0006956292899229,0,0.0,0.0
10818,0.003697969398758,0.0011565996452233,0,0.0,0.0
10819,0.0032065248055492,0.0013456121456511,0,0.0,0.0
10820,0.0037343130807995,0.0014383163884968,0,0.0,0.0
10821,0.0061878913644835,0.0015945545168049,0,0.0,0.0
10822,0.0058596719733818,0.0016327119086075,0,0.0,0.0
10823,0.0039656097594144,0.0020258807154874,0,0.0,0.0
10824,0.0036690214061946,0.0021350308269843,0,0.0,0.0
10825,0.003072626266753,0.0022070464245677,0,0.0,0.0
10826,0.0032057774403153,0.0022701250242944,0,0.0,0.0
10827,0.0027032068340494,0.002984314090294,0,0.0,0.0
10828,0.001572448357723,0.002488757814393,0,0.0,0.0
10829,0.0013037843252578,0.0015227899758724,0,0.0,0.0
10830,0.0001613014002334,0.0005571204463373,0,0.0,0.0
10831,0.0013819417127506,0.0004503923306474,0,0.0,0.0
10832,0.0017141988200701,0.0004330224648538,0,0.0,0.0
10833,0.0019712878568475,0.0008294178219316,0,0.0,0.0
10834,0.0020937887310933,0.0008841418460203,0,0.0,0.0
10835,0.0022087539658828,0.0023248621223849,0,0.0,0.0
10836,0.0023162450421753,0.0018885384718465,0,0.0,0.0
10837,0.0024161179529057,0.0029154189759574,0,0.0,0.0
10838,0.0025082800882523,0.0027453709154984,0,0.0,0.0
10839,0.0025926707691716,0.0030682072044439,0,0.0,0.0
10840,0.0026692500969892,0.0030774030776455,0,0.0,0.0
10841,0.0027380060064861,0.0039362914030762,0,0.0,0.0
10842,0.0027989380663021,0.0027489316374298,0,0.0,0.0
10843,0.0028520671671568,0.0006687570735674,0,0.0,0.0
10844,0.0028974247548842,0.0004274565024103,0,0.0,0.0
10845,0.0029350614426621,0.0013924450647084,0,0.0,0.0
10846,0.002965030684927,0.00361444990562,0,0.0,0.0
10847,0.0029874149187088,0.0023488257331785,0,0.0,0.0
10848,0.0030023051426225,0.0025993217332815,0,0.0,0.0
10849,0.0031083125644018,0.0022857099046046,0,0.0,0.0
10850,0.0034693789503741,0.0034555838952036,0,0.0,0.0
10851,0.0034680707771652,0.0026277330061872,0,0.0,0.0
10852,0.0039312700892166,0.0014586245797996,0,0.0,0.0
10853,0.003145330529552,0.0003465916194754,0,0.0,0.0
10854,0.0038071256781857,0.0004705907300054,0,0.0,0.0
10855,0.002435353323781,0.0001952386848061,0,0.0,0.0
10856,0.0009407236831416,0.0006915313085238,0,0.0,0.0
10857,0.0019039400035955,0.0005275438477153,0,0.0,0.0
10858,0.0005855980242547,0.0006696348616502,0,0.0,0.0
10859,0.002523017508388,0.0007009476200851,0,0.0,0.0
10860,0.0027449321387011,0.0006936122777454,0,0.0,0.0
10861,0.0024202071813708,0.0007113726848923,0,0.0,0.0
10862,0.0035072727317151,0.0009377062020833,0,0.0,0.0
10863,0.0040539013499383,0.0003885838044039,0,0.0,0.0
10864,0.0030741856890963,0.0003181924255165,0,0.0,0.0
10865,0.0022872635660893,0.0013496699753538,0,0.0,0.0
10866,0.0027355784721921,0.000798698852988,0,0.0,0.0
10867,0.0027609920287766,0.0012428334642074,0,0.0,0.0
10868,0.00417484432354,0.0014473722526582,0,0.0,0.0
10869,0.0042902519106883,0.0009689930467364,0,0.0,0.0
10870,0.0033601226038516,0.0011669889968763,0,0.0,0.0
10871,0.0021226454827343,0.0007913194583176,0,0.0,0.0
10872,0.0021488074660504,0.0012070245691791,0,0.0,0.0
10873,0.0014498636915625,0.000962692440818,0,0.0,0.0
10874,0.0006952527977424,0.0002755065849552,0,0.0,0.0
10875,0.0006072793925983,0.0002555487557128,0,0.0,0.0
10876,0.0009916768434353,0.0005339142538947,0,0.0,0.0
10877,0.0017155530469449,0.0003833405086141,0,0.0,0.0
10878,0.0009448684755176,0.0004544597577948,0,0.0,0.0
10879,0.0004005597831021,0.000361732864611,0,0.0,0.0
10880,0.0003422332038333,0.0001688356695977,0,0.0,0.0
10881,0.0002847623634464,8.831375025383651e-05,0,0.0,0.0
10882,0.0001816941428798,4.1846931453250704e-05,0,0.0,0.0
10883,0.0006524695128892,0.000235355309455,0,0.0,0.0
10884,0.0008470668134551,0.000315605961468,0,0.0,0.0
10885,0.00061944389712,0.0002645700080108,0,0.0,0.0
10886,0.000293256248671,0.000192509574923,0,0.0,0.0
10887,0.0002698140713691,9.176271551761924e-05,0,0.0,0.0
10888,4.057390665859736e-05,4.074278750385276e-05,0,0.0,0.0
10889,0.0005126524580673,0.0001799823943581,0,0.0,0.0
10890,0.0019357351462497,0.0003827535617748,0,0.0,0.0
10891,0.0023018703632806,0.0009556061058064,0,0.0,0.0
10892,0.001532330055101,0.0007989918194315,0,0.0,0.0
10893,0.0018869984825108,0.000739967484167,0,0.0,0.0
10894,0.0022515587166577,0.000768365697126,0,0.0,0.0
10895,0.0011870349923601,0.0003014918555174,0,0.0,0.0
10896,0.001355968964671,6.445309106391609e-05,0,0.0,0.0
10897,0.0018360267749229,0.0003889087842769,0,0.0,0.0
10898,0.0020947328619699,0.0015749126111772,0,0.0,0.0
10899,0.0020288457925846,0.0008408524211273,0,0.0,0.0
10900,0.0016804419393432,0.0002709950525163,0,0.0,0.0
10901,0.0004499726398978,0.0005015069378122,0,0.0,0.0
10902,0.0001350585988985,0.0003935104794555,0,0.0,0.0
10903,0.0001281813936767,0.0001152845390559,0,0.0,0.0
10904,0.0001214857215804,0.0003467138206113,0,0.0,0.0
10905,0.0001149687713956,0.0004111803527883,0,0.0,0.0
10906,0.0001086314635141,0.0001691331802915,0,0.0,0.0
10907,0.0001024667149353,0.0003622357738541,0,0.0,0.0
10908,9.64828649724278e-05,0.0005154988281142,0,0.0,0.0
10909,9.067647967834916e-05,0.0003089262516837,0,0.0,0.0
10910,8.505029372862541e-05,0.0001670030118976,0,0.0,0.0
10911,7.959777319398847e-05,0.0001697123889394,0,0.0,0.0
10912,7.43255328849227e-05,0.0002769452752806,0,0.0,0.0
10913,6.923454036864648e-05,0.0001691538695512,0,0.0,0.0
10914,6.431761340133609e-05,0.0005407905886858,0,0.0,0.0
10915,5.957977966989107e-05,0.0008256408896661,0,0.0,0.0
10916,5.502024638349442e-05,0.0011240858982288,0,0.0,0.0
10917,5.064062587972329e-05,0.0010204033368526,0,0.0,0.0
10918,4.643437293608185e-05,0.0006104275936797,0,0.0,0.0
10919,4.240828973088282e-05,0.0002335123820525,0,0.0,0.0
10920,3.8559834583243024e-05,0.000494422109178,0,0.0,0.0
10921,3.4892614286944646e-05,0.0015591079872967,0,0.0,0.0
10922,3.1403399948513114e-05,0.0027940784704204,0,0.0,0.0
10923,2.808928462706004e-05,0.0022023291961665,0,0.0,0.0
10924,2.4950790725923717e-05,0.000410567921089,0,0.0,0.0
10925,2.1990831766171e-05,3.5981589657283734e-05,0,0.0,0.0
10926,1.9216215410398605e-05,2.1854346510627752e-05,0,0.0,0.0
10927,1.6615013779068435e-05,8.743224823448966e-05,0,0.0,0.0
10928,1.4188901670529751e-05,2.0514931324314547e-05,0,0.0,0.0
10929,1.1944083175225006e-05,0.0001698653481437,0,0.0,0.0
10930,9.876159554827888e-06,0.0003889536965793,0,0.0,0.0
10931,7.98557479600596e-06,0.0016633027178833,0,0.0,0.0
10932,6.275740167299367e-06,0.0011225648647321,0,0.0,0.0
10933,4.742936835375676e-06,0.0023693800986848,0,0.0,0.0
10934,3.385965304339439e-06,0.0010254340796952,0,0.0,0.0
10935,2.205244313701752e-06,0.001816988534166,0,0.0,0.0
10936,1.146740567541629e-06,0.0020146877407095,0,0.0,0.0
10937,0.0008166174737516,0.0008430573536564,0,0.0,0.0
10938,0.0040765664588599,0.0019553151644808,0,0.0,0.0
10939,0.0044725813001367,0.0023364592377133,0,0.0,0.0
10940,0.0029910553873064,0.0012947024268612,0,0.2133364,0.0
10941,0.0027116960900096,0.0007469320891235,0,0.5996738,0.0
10942,0.002837586731709,0.0007271641932363,0,0.81451976,0.0
10943,0.0038891899984726,0.0002971003357784,0,0.8779196,0.0
10944,0.0033698485631814,0.0002341170109921,0,0.90074545,0.0
10945,0.0014426967236006,0.0001791007016697,0,0.9112209,0.0
10946,0.0001710805124546,0.0002661107986536,0,0.9143674,0.0
10947,0.0012130107012748,0.000258958258951,0,0.9164046,0.0
10948,0.0012316135652036,0.0003865326181136,0,0.9148074,0.0
10949,0.0016686746691837,0.0001900280612053,0,0.9086866,0.0
10950,0.0048006702611022,0.0002918787039977,0,0.8900318,0.0
10951,0.0049436912471183,0.0003417542380539,0,0.83609754,0.0
10952,0.0035968799223907,9.935641048850103e-05,0,0.67406356,0.0
10953,0.0034289145985269,0.0002130691733551,0,0.1867312,0.0
10954,0.000758992848615,0.0007802129759453,0,0.0,0.0
10955,0.003341638579419,0.0012904881974605,0,0.0,0.0
10956,0.0047723819606404,0.002051087216804,0,0.0,0.0
10957,0.0063278661352843,0.0039633999206085,0,0.0,0.0
10958,0.0084372491663679,0.0051689825753624,0,0.0,0.0
10959,0.0090913318933931,0.0070409585427739,0,0.0,0.0
10960,0.0068557552595271,0.0077204514976527,0,0.0,0.0
10961,0.0048053031869168,0.0067426023538914,0,0.0,0.0
10962,0.0037799019737171,0.0049593936732024,0,0.0,0.0
10963,0.0027359831423923,0.0039804132983941,0,0.0,0.0
10964,0.0033090855648203,0.0014427335868789,0,0.0,0.0
10965,0.0015829550095571,0.0011881995525133,0,0.0,0.0
10966,0.0005278515834665,0.0006039409746978,0,0.0,0.0
10967,0.0013776908689834,9.410169866349864e-05,0,0.0,0.0
10968,0.0025852604110635,6.953091004845915e-05,0,0.0,0.0
10969,0.0036511706121716,0.0001714928101461,0,0.0,0.0
10970,0.0034074983121834,7.430551973696716e-05,0,0.0,0.0
10971,0.001288774316803,4.3556939272448896e-05,0,0.0,0.0
10972,0.0020592093472159,0.0002000529764173,0,0.0,0.0
10973,0.0031703235537502,0.0001480708287492,0,0.0,0.0
10974,0.0012139811215301,0.0001154422101229,0,0.0,0.0
10975,0.0011483748075206,8.160218476626882e-05,0,0.0,0.0
10976,0.0031668931001901,0.0004867912917282,0,0.0,0.0
10977,0.0029788493780399,0.0005375431905733,0,0.0,0.0
10978,0.000618127301816,0.0004969626040595,0,0.0,0.0
10979,0.0010472110284159,0.0003992125116332,0,0.0,0.0
10980,0.000282207397192,9.422822292438214e-05,0,0.0,0.0
10981,0.0003053505652695,0.0002791906671637,0,0.0,0.0
10982,0.0001713723598359,0.0002644061271985,0,0.0,0.0
10983,3.1306299480386204e-05,0.0001388669815703,0,0.0,0.0
10984,0.0006444450226758,0.0003751390486793,0,0.0,0.0
10985,0.0039166013607882,0.0008936999008067,0,0.0,0.0
10986,0.0074830652626943,0.0009831426720387,0,0.0,0.0
10987,0.0063250946337319,0.000476403155362,0,0.0,0.0
10988,0.0025771694134915,0.0006717361072698,0,0.0,0.0
10989,0.0018901198193586,0.0005461668651427,0,0.0,0.0
10990,0.0018842650329041,5.914469610323798e-05,0,0.0,0.0
10991,0.0032310239166647,0.000345641875217,0,0.0,0.0
10992,0.0049581021829393,0.0009872726813074,0,0.0,0.0
10993,0.0048578186520121,0.0018527246880505,0,0.0,0.0
10994,0.0041696825760149,0.0025457922654985,0,0.0,0.0
10995,0.0038617977015171,0.0019641676075016,0,0.0,0.0
10996,0.0030007719728885,0.0007236963764207,0,0.0,0.0
10997,0.0022307039209258,0.0012266498457435,0,0.0,0.0
10998,0.0011121278254496,0.0022966184705289,0,0.0,0.0
10999,0.0008635538161206,0.0016438529777096,0,0.0,0.0
11000,0.0015781407756804,5.799451839494144e-05,0,0.0,0.0
11001,0.0012300596909425,0.0015300045372902,0,0.0,0.0
11002,0.0022307887633128,0.0012344255292572,0,0.0,0.0
11003,0.0017815222710541,0.0006447788928626,0,0.0,0.0
11004,0.0039076748963978,0.001267988531244,0,0.0,0.0
11005,0.0044472874939484,0.0014096582258066,0,0.0,0.0
11006,0.0030931853788064,0.0007449401274968,0,0.0,0.0
11007,0.0021309946450912,0.0007382588741173,0,0.0,0.0
11008,0.0016922100311691,0.0001883310015941,0,0.0,0.0
11009,0.0016253927746272,0.0001714117972402,0,0.0,0.0
11010,0.0015769747920765,0.00031153382406,0,0.0,0.0
11011,0.0008156985059727,0.0001254634113597,0,0.0,0.0
11012,0.0003983603378631,5.609495660561432e-05,0,0.0,0.0
11013,0.0003743208156868,0.0001588652297019,0,0.0,0.0
11014,0.0006564102989289,0.0002876943249103,0,0.0,0.0
11015,0.0014305724729459,0.0001163822660088,0,0.0,0.0
11016,0.0014360351525418,0.0001820818646164,0,0.0,0.0
11017,0.0006493886667332,0.0002677345565382,0,0.0,0.0
11018,0.0004080733346495,0.000200404348406,0,0.0,0.0
11019,0.0003283538969079,0.0001445913702532,0,0.0,0.0
11020,0.0005157701155205,2.6538139525347255e-05,0,0.0,0.0
11021,0.0005410311191809,1.741031677325476e-05,0,0.0,0.0
11022,0.0006003287769216,5.4197642451494384e-05,0,0.0,0.0
11023,0.0005060628920447,0.0001216876002388,0,0.0,0.0
11024,0.0007025403543247,0.0001341880976117,0,0.0,0.0
11025,0.000444637058525,0.000208614149046,0,0.0,0.0
11026,8.16275909375578e-05,6.933526451046233e-05,0,0.0,0.0
11027,3.5377203845882106e-05,2.3176808935743894e-05,0,0.0,0.0
11028,1.186320084135946e-05,6.184441614219075e-05,0,0.0,0.0
11029,4.028571057810207e-05,5.335200024182093e-05,0,0.0,0.0
11030,7.437748350001007e-05,0.0001503256068623,0,0.0,0.0
11031,3.5447812249741995e-05,5.9200796161474864e-05,0,0.0,0.0
11032,0.000132782798997,0.0001546858555458,0,0.0,0.0
11033,0.0002950174226667,0.0002742888779605,0,0.0,0.0
11034,0.0002929757074074,0.0001047306048667,0,0.0,0.0
11035,0.0002221366659648,5.8431597362066974e-05,0,0.0,0.0
11036,7.465247066401016e-05,9.791632512827908e-05,0,0.0,0.0
11037,9.373370953716968e-05,0.0003296381482666,0,0.0,0.0
11038,0.0002434885121033,0.0001093088197511,0,0.0,0.0
11039,0.0002188903865316,0.0001225884522947,0,0.0,0.0
11040,0.0006594473079761,0.000135005693671,0,0.0,0.0
11041,0.0010963988547741,0.0005132161563921,0,0.0,0.0
11042,0.0008898939092662,0.0005725215321935,0,0.0,0.0
11043,0.0013973641520716,0.0004580228846486,0,0.0,0.0
11044,0.0012389022909821,0.0007382506771368,0,0.0,0.0
11045,0.000185933061724,0.0007483887144129,0,0.0,0.0
11046,0.0022958887392418,0.0007353274269659,0,0.0,0.0
11047,0.0037060542487005,0.0010558530770586,0,0.0,0.0
11048,0.0029778881720052,0.0006284181296342,0,0.0,0.0
11049,0.0023873647876366,0.0002683164355321,0,0.0,0.0
11050,0.0044196610881666,0.0005146912410995,0,0.0,0.0
11051,0.0058816055743454,0.0004896892919922,0,0.0,0.0
11052,0.0037637123137383,0.0005969901923346,0,0.0,0.0
11053,0.0034335575854651,0.0007995149189209,0,0.0,0.0
11054,0.0048749924890725,0.0012986614107152,0,0.0,0.0
11055,0.0059702971363538,0.0019328921114447,0,0.0,0.0
11056,0.0064001677684346,0.0037886878603001,0,0.0,0.0
11057,0.007119031185191,0.004490727948879,0,0.0,0.0
11058,0.0066388529328175,0.0044568091937617,0,0.0,0.0
11059,0.0048581339129385,0.0039169392242357,0,0.0,0.0
11060,0.0046461116359439,0.0035438431556998,0,0.0,0.0
11061,0.0046733424461301,0.0053578105699671,0,0.0,0.0
11062,0.0050048399230964,0.0053484663336175,0,0.0,0.0
11063,0.0054013703007412,0.0051399433700791,0,0.0,0.0
11064,0.005205124760845,0.0047343700805783,0,0.0,0.0
11065,0.0047926640630857,0.0050462096191915,0,0.0,0.0
11066,0.0054589255599811,0.0057970126578149,0,0.0,0.0
11067,0.0055676734964983,0.0054990070015071,0,0.0,0.0
11068,0.003472410112782,0.002927661304795,0,0.0,0.0
11069,0.0030200405191879,0.0025572531259422,0,0.0,0.0
11070,0.0035357204415193,0.0041021904739319,0,0.0,0.0
11071,0.0039078478068737,0.0039479267817038,0,0.0,0.0
11072,0.0044951623783913,0.0043027095399309,0,0.0,0.0
11073,0.0059133587834705,0.0060158161576312,0,0.0,0.0
11074,0.0083177225770024,0.0072252874201792,0,0.0,0.0
11075,0.0072227047451526,0.0077883996607222,0,0.0,0.0
11076,0.0069491927935499,0.00718249822763,0,0.0,0.0
11077,0.0068121433971566,0.0051407482586851,0,0.0,0.0
11078,0.0056015196617651,0.0054379711341032,0,0.0,0.0
11079,0.0059051796909379,0.0058857084487543,0,0.0,0.0
11080,0.0055547490470512,0.0058198566021923,0,0.0,0.0
11081,0.0038949956872866,0.0049633784395715,0,0.0,0.0
11082,0.0033415430627435,0.0031451706401374,0,0.0,0.0
11083,0.0026293721399119,0.0035820321890081,0,0.0,0.0
11084,0.0027848568224703,0.0040694920845712,0,0.0,0.0
11085,0.002613772475564,0.0024923561010587,0,0.0,0.0
11086,0.0014291204362841,0.0006648554457069,0,0.0,0.0
11087,0.0012717856667515,0.000510205777144,0,0.0,0.0
11088,0.0011510901433852,0.0002491255704319,0,0.0,0.0
11089,0.0016310720666214,0.000309682290445,0,0.0,0.0
11090,0.0035374306671454,0.0005655824830027,0,0.0,0.0
11091,0.0045569394066792,0.0007051468671952,0,0.0,0.0
11092,0.0054900806967949,0.0003746561281135,0,0.0,0.0
11093,0.0043795787767182,0.00028503990213,0,0.0,0.0
11094,0.0016755176639662,0.0001207573583504,0,0.0,0.0
11095,0.0015811694603448,2.3785721352777428e-05,0,0.0,0.0
11096,0.0018302702164986,0.0001403870792201,0,0.0,0.0
11097,0.0017074636164646,0.0003949501585498,0,0.0,0.0
11098,0.0027364375507064,0.0004641793037056,0,0.0,0.0
11099,0.0031522947151194,0.0006423974263594,0,0.0,0.0
11100,0.0025436543948381,0.0002292062664547,0,0.0,0.0
11101,0.0017740683855377,3.48329224048273e-05,0,0.0,0.0
11102,0.0014111968329263,0.0001913906776717,0,0.0,0.0
11103,0.0015530075077892,0.0004532833574163,0,0.0,0.0
11104,0.0014384315772587,0.0002647106800046,0,0.0,0.0
11105,0.0025312342039984,0.0001750127106973,0,0.0,0.0
11106,0.0025932916482188,0.000740617298988,0,0.0,0.0
11107,0.0038858298882042,0.0008480427303653,0,0.0,0.0
11108,0.0031474864534847,0.0006327640788979,0,0.0,0.0
11109,0.0028792436654373,0.0011790391639461,0,0.0,0.0
11110,0.0039625301072268,0.000656459896485,0,0.0,0.0
11111,0.0022427544392234,0.0002908691873648,0,0.0,0.0
11112,0.0011847170217906,0.0003078081820259,0,0.0,0.0
11113,0.0022195974433015,0.000259963101714,0,0.0,0.0
11114,0.0012450316398731,0.0002095085529755,0,0.0,0.0
11115,0.0006054686964309,0.0005385633397193,0,0.0,0.0
11116,0.0003855080028501,0.000230861253527,0,0.0,0.0
11117,0.0001965041496688,0.0001784534563457,0,0.0,0.0
11118,0.0015404803052151,0.0003763060992785,0,0.0,0.0
11119,0.0042831006266377,0.0010079150866257,0,0.0,0.0
11120,0.0081860270186342,0.0018891128464917,0,0.0,0.0
11121,0.0070737056699958,0.0008352497312612,0,0.0,0.0
11122,0.0040679773132877,0.0001749609045207,0,0.0,0.0
11123,0.0030930386498344,0.0006665228127008,0,0.0,0.0
11124,0.0025822884195377,0.0008107182262681,0,0.0,0.0
11125,0.0020179166164316,0.0009267081000138,0,0.0,0.0
11126,0.0020123861704082,0.0010303512788686,0,0.0,0.0
11127,0.002850191645913,0.0012992187183653,0,0.0,0.0
11128,0.0031024224312178,0.0003052434788686,0,0.0,0.0
11129,0.0020153428912845,0.0002019279216441,0,0.0,0.0
11130,0.00116331521774,0.0006762096308184,0,0.0,0.0
11131,0.0014840602992973,0.0004954650713995,0,0.0,0.0
11132,0.0037666333055458,0.0010379527482185,0,0.0,0.0
11133,0.0034713429847839,0.0009469861209524,0,0.0,0.0
11134,0.001447907777944,0.0010782285231185,0,0.0,0.0
11135,0.0018395684533563,0.0005398985407866,0,0.0,0.0
11136,0.001151970389043,0.0001694387284584,0,0.0,0.0
11137,0.0001423979293361,0.0004875649834909,0,0.0,0.0
11138,0.000741798398149,0.001263381195272,0,0.0,0.0
11139,0.0001150483963919,0.000901800083181,0,0.0,0.0
11140,0.0006381945745497,0.0016683331288276,0,0.0,0.0
11141,0.0013368329305775,0.0019271254010449,0,0.0,0.0
11142,0.0027674396462993,0.0028018009679585,0,0.0,0.0
11143,0.0046696882643782,0.0029339466434195,0,0.0,0.0
11144,0.0046074293208215,0.0021981810566565,0,0.0,0.0
11145,0.0028837889274281,0.0017137172330829,0,0.0,0.0
11146,0.0009274285026705,0.0010919986704976,0,0.0,0.0
11147,0.0020077167878778,0.0004525475400437,0,0.0,0.0
11148,0.0021685506171499,0.0002957715357751,0,0.0,0.0
11149,0.0023694672692186,0.0002998608848299,0,0.0,0.0
11150,0.0017011417758914,0.0002051397445377,0,0.0,0.0
11151,0.001149486509719,0.0001700971815856,0,0.0,0.0
11152,0.0014120034621099,0.000550621927455,0,0.0,0.0
11153,0.0023761726685692,0.0013268061640813,0,0.0,0.0
11154,0.0026568489491107,0.0009650652942339,0,0.0,0.0
11155,0.0018299475262444,0.0012621322365896,0,0.0,0.0
11156,0.0024232265391304,0.0017143567753787,0,0.0,0.0
11157,0.0032845288765172,0.0018524265863345,0,0.0,0.0
11158,0.0031006727915096,0.0012606960879156,0,0.0,0.0
11159,0.0046462980968545,0.0008910389370152,0,0.0,0.0
11160,0.0050616804695844,0.000750234977064,0,0.0,0.0
11161,0.0032818874717626,0.0003383493028117,0,0.0,0.0
11162,0.001794418462069,0.0004232753226752,0,0.0,0.0
11163,0.0007025941927081,0.0005996047018702,0,0.0,0.0
11164,0.0003300975063778,0.0002147165640533,0,0.0,0.0
11165,0.000495452624411,6.110466724720782e-05,0,0.0,0.0
11166,0.0016919094883493,0.0001573206757366,0,0.0,0.0
11167,0.0026606647158946,0.0004459052104327,0,0.0,0.0
11168,0.0031943010621977,0.0004344323241396,0,0.0,0.0
11169,0.0026937024393001,0.0003289175507935,0,0.0,0.0
11170,0.0033690422302723,0.0005970896757487,0,0.0,0.0
11171,0.0036980870114173,0.000236075659378,0,0.0,0.0
11172,0.0029455145325039,0.0002367471645772,0,0.0,0.0
11173,0.001858100428441,0.0002647188547587,0,0.0,0.0
11174,0.0026450122301098,0.0005777449344062,0,0.0,0.0
11175,0.002917795269239,0.0001311266042158,0,0.0,0.0
11176,0.0030094419645757,0.0001064572315088,0,0.0,0.0
11177,0.0052980830090694,0.000178636913111,0,0.0,0.0
11178,0.0058952486298042,0.0005886673756369,0,0.0,0.0
11179,0.0051951169030662,0.0009855775654345,0,0.0,0.0
11180,0.004042938028469,0.0011034145047181,0,0.0,0.0
11181,0.0037132164044453,0.0015272136308362,0,0.0,0.0
11182,0.0044230004638871,0.0027259301505218,0,0.0,0.0
11183,0.0057947193559801,0.0024290528362005,0,0.0,0.0
11184,0.0075021599833151,0.0038494913587428,0,0.0,0.0
11185,0.0084412439088521,0.0087306619695211,0,0.0,0.0
11186,0.0071683799659567,0.0095166383793843,0,0.0,0.0
11187,0.0066605787422966,0.0063601628194224,0,0.0,0.0
11188,0.0073891497174452,0.0050512661182486,0,0.0,0.0
11189,0.0070832683829249,0.0071815738945226,0,0.0,0.0
11190,0.0069319877996546,0.0086531915432358,0,0.0,0.0
11191,0.0090237680751379,0.0092345905715777,0,0.0,0.0
11192,0.0105818369610157,0.0089867527739932,0,0.0,0.0
11193,0.0099825614220765,0.0088136177121046,0,0.0,0.0
11194,0.0096515806428891,0.009666437157123,0,0.0,0.0
11195,0.0098917981432794,0.0106570604212029,0,0.0,0.0
11196,0.0096084491083287,0.0116152023031339,0,0.0,0.0
11197,0.0085732151965882,0.0105253737706246,0,0.0,0.0
11198,0.0079044171824213,0.0094158486369884,0,0.0,0.0
11199,0.006496611319275,0.0085925977730131,0,0.0,0.0
11200,0.0071208056543908,0.0077044098366431,0,0.0,0.0
11201,0.007147954372497,0.0061976083701416,0,0.0,0.0
11202,0.0055046080595016,0.0054246683905053,0,0.0,0.0
11203,0.0066789046760971,0.0058510805769509,0,0.0,0.0
11204,0.0061933361680901,0.006275240693887,0,0.0,0.0
11205,0.0060619989370688,0.00554598319032,0,0.0,0.0
11206,0.0059811551304606,0.0045998093190796,0,0.0,0.0
11207,0.0033292432868649,0.0031167546254039,0,0.0,0.0
11208,0.0022315296836612,0.0020807869539789,0,0.0,0.0
11209,0.0021228262861644,0.0013974976595687,0,0.0,0.0
11210,0.0027334264828218,0.0017355198466033,0,0.0,0.0
11211,0.0037992440100493,0.000990111444317,0,0.0,0.0
11212,0.0034864817593479,0.0007061349159072,0,0.0,0.0
11213,0.0037206266436711,0.0015905491451191,0,0.0,0.0
11214,0.0031156319895023,0.0027946434490538,0,0.0,0.0
11215,0.0025247467510261,0.001244335313991,0,0.0,0.0
11216,0.0029023112990313,0.0009271841877704,0,0.0,0.0
11217,0.0020619942651978,0.0006012236757958,0,0.0,0.0
11218,0.0007420173436126,0.0010581993696342,0,0.0,0.0
11219,0.001052754991514,0.000922952822881,0,0.0,0.0
11220,0.0013498725878247,0.0008113433989825,0,0.0,0.0
11221,0.001196710632143,0.0006928608688858,0,0.0,0.0
11222,0.0007886387615188,0.0006066007407054,0,0.0,0.0
11223,0.001202982310015,0.0005315195825608,0,0.0,0.0
11224,0.0023238274263463,0.0004243956384997,0,0.0,0.0
11225,0.004150369373794,0.0004961787666266,0,0.0,0.0
11226,0.0058180648665938,0.0006060949418238,0,0.0,0.0
11227,0.004913827930697,0.0003462839733336,0,0.0,0.0
11228,0.0024981265006862,0.000604653740277,0,0.0,0.0
11229,0.0015808313574152,0.0006126623125575,0,0.0,0.0
11230,0.0017110453356576,0.000212613887613,0,0.0,0.0
11231,0.0004964699440274,0.0001860236828487,0,0.0,0.0
11232,8.679941123460267e-05,9.918492893761378e-05,0,0.0,0.0
11233,0.0001106761933989,0.000106882401364,0,0.0,0.0
11234,0.0001829524755784,1.8281543551694844e-05,0,0.0,0.0
11235,0.0001179540196295,5.977321515975185e-05,0,0.0,0.0
11236,0.000245223401996,8.555000802100448e-05,0,0.0,0.0
11237,8.470646310372185e-05,5.187617061038289e-05,0,0.0,0.0
11238,4.598831325197554e-05,5.375759056533892e-05,0,0.0,0.0
11239,7.060908411642265e-05,4.334854416129862e-05,0,0.0,0.0
11240,3.321997673757573e-05,1.7629446742028926e-05,0,0.0,0.0
11241,0.0001150744320828,2.404430003779161e-05,0,0.0,0.0
11242,0.0001760398917055,6.0270525452924326e-05,0,0.0,0.0
11243,7.364946109395177e-05,8.964422776178069e-05,0,0.0,0.0
11244,0.0001865578269512,8.575913691730376e-05,0,0.0,0.0
11245,0.0005099263778639,8.301223866753197e-05,0,0.0,0.0
11246,0.0012815562749659,0.0002198356539392,0,0.0,0.0
11247,0.0009259638502128,4.4571282440499344e-05,0,0.0,0.0
11248,0.0013476393603887,0.0001066537933525,0,0.0,0.0
11249,0.0020092534263416,0.0001092207446238,0,0.0,0.0
11250,0.0025112294421358,0.0001143708303898,0,0.0,0.0
11251,0.0017082380242088,0.0002863532533036,0,0.0,0.0
11252,0.0007100807880187,0.0001939737767747,0,0.0,0.0
11253,0.0006213757675767,0.0005213936887513,0,0.0,0.0
11254,0.000821313436565,0.0006531379435871,0,0.0,0.0
11255,0.0016543192199164,0.0005569799381232,0,0.0,0.0
11256,0.0055283381171017,0.0010031173465391,0,0.0,0.0
11257,0.0062598881556175,0.0011959361027261,0,0.0,0.0
11258,0.0047310648634119,0.0005821157658227,0,0.0,0.0
11259,0.0034718920414764,0.0001003792492334,0,0.0,0.0
11260,0.0022658018945532,0.0001907846505378,0,0.0,0.0
11261,0.00203943009864,0.0006317178498618,0,0.0,0.0
11262,0.0035381048428841,0.0012403201511874,0,0.0,0.0
11263,0.0038855204196972,0.0016136827578562,0,0.0,0.0
11264,0.0034183256292183,0.0017515940927156,0,0.0,0.0
11265,0.0012470070365763,0.0007335644563592,0,0.0,0.0
11266,0.0012734477266932,0.0001689162402752,0,0.0,0.0
11267,0.002765201896519,0.0002806243239077,0,0.0,0.0
11268,0.0027929788592664,0.0011192043663874,0,0.0,0.0
11269,0.0042528163796345,0.0011565301708021,0,0.0,0.0
11270,0.0022512875827195,0.0002508124461943,0,0.0,0.0
11271,0.0023144878708172,9.378714915108625e-05,0,0.0,0.0
11272,0.0023786849770283,0.0002649639848673,0,0.0,0.0
11273,0.0016880245616541,7.298462818500005e-05,0,0.0,0.0
11274,0.0019776111958906,0.0002920809807572,0,0.0,0.0
11275,0.001421191047821,0.0004055310202845,0,0.0,0.0
11276,0.0022237312061178,0.0005184156006571,0,0.0,0.0
11277,0.0025626992619813,0.0006714643642934,0,0.0,0.0
11278,0.0020836880846343,0.0005949191974978,0,0.0,0.0
11279,0.0016805801397322,0.0007362118102376,0,0.0,0.0
11280,0.0011807992101847,0.0008569065478917,0,0.0,0.0
11281,0.0009872221967909,0.0001954778602372,0,0.0,0.0
11282,0.0004216177248967,6.166202357139665e-05,0,0.0,0.0
11283,0.0006070510827878,0.0001416444882807,0,0.0,0.0
11284,0.0018199947620114,0.0002962419516741,0,0.0,0.0
11285,0.0023522351442414,0.0003942999995569,0,0.0,0.0
11286,0.0023637539501401,0.0001936467835923,0,0.0,0.0
11287,0.0015984526478035,0.0003454226936462,0,0.0,0.0
11288,0.0012105618189927,0.0009615704538725,0,0.0,0.0
11289,0.0005482299128852,0.0009312151640329,0,0.0,0.0
11290,3.8737924304502266e-05,0.0002972200394434,0,0.0,0.0
11291,0.0006337428882034,0.0005979532901946,0,0.0,0.0
11292,0.0011226783467982,0.0010493592650953,0,0.0,0.0
11293,0.0034392100986252,0.0010000028296144,0,0.0,0.0
11294,0.003164641370361,0.0007074981172716,0,0.0,0.0
11295,0.0016650155336472,0.0005104743907105,0,0.0,0.0
11296,0.0010512297967629,0.0002882599578454,0,0.0,0.0
11297,0.0005503295982958,0.000466835130992,0,0.0,0.0
11298,0.0013601024387772,0.0003595917798206,0,0.0,0.0
11299,0.0015238407703957,0.000481806047228,0,0.0,0.0
11300,0.0002483162545405,0.0002041051952162,0,0.0,0.0
11301,0.0008508324125754,0.0004704772998034,0,0.0,0.0
11302,0.0031934086377768,0.0005226407344003,0,0.0,0.0
11303,0.0062492808578371,0.0008137764128826,0,0.0,0.0
11304,0.0046589158869741,0.0010663938519176,0,0.0,0.0
11305,0.0028075046237864,0.0009457599734867,0,0.0,0.0
11306,0.0027146380656589,0.0008117390668705,0,0.0,0.0
11307,0.0025837786820662,0.0006556410713912,0,0.0,0.0
11308,0.0018367145971714,0.0005080527776375,0,0.0,0.0
11309,0.0010035011293613,9.25385173053863e-05,0,0.0,0.0
11310,0.0016894810914643,0.0001382855578267,0,0.0,0.0
11311,0.0015688242445818,0.0004283387292557,0,0.0,0.0
11312,0.0009537427890323,0.0007684268518574,0,0.0,0.0
11313,0.0011428669836728,0.0014625722886948,0,0.0,0.0
11314,0.0007743678129035,0.0005500537628639,0,0.0,0.0
11315,0.0001918495437177,0.000248713600699,0,0.0,0.0
11316,0.0005661105739502,0.0004789811820015,0,0.0,0.0
11317,0.0003598082189843,0.0004441973291124,0,0.0,0.0
11318,0.0003035708484729,0.0003226212827808,0,0.0,0.0
11319,0.0004362400865624,9.949980285706176e-05,0,0.0,0.0
11320,0.0003472586825425,0.0001217329389095,0,0.0,0.0
11321,0.0001636937712204,5.58006232484228e-05,0,0.0,0.0
11322,0.0002783193092585,9.715880803427432e-05,0,0.0,0.0
11323,0.0005463894079689,0.000117955311733,0,0.0,0.0
11324,0.0007310142725437,5.746271598517882e-05,0,0.0,0.0
11325,0.0011336309849506,0.0002304233537673,0,0.0,0.0
11326,0.0010328756851472,0.0001513850176981,0,0.0,0.0
11327,0.001303090808705,8.622705459338477e-05,0,0.0,0.0
11328,0.0014026976456687,0.0004527570407237,0,0.0,0.0
11329,0.0029631062752197,0.0002516343270141,0,0.0,0.0
11330,0.0035208125915885,0.0002936482347812,0,0.0,0.0
11331,0.0020555320177912,0.0002517414479178,0,0.0,0.0
11332,0.0019661090835014,0.0005799509945223,0,0.0,0.0
11333,0.0012394466175897,0.0003864507907605,0,0.0,0.0
11334,0.000198639463515,0.0002448149477192,0,0.0,0.0
11335,0.0001396133649516,9.927073174757204e-05,0,0.0,0.0
11336,0.0002795653062751,6.586334627492872e-05,0,0.0,0.0
11337,0.0001000147379185,8.80030025516861e-05,0,0.0,0.0
11338,0.0001146114861016,0.0001202896794705,0,0.0,0.0
11339,0.0002101359303603,0.0001298988767524,0,0.0,0.0
11340,0.0002112383787273,2.773376838881848e-05,0,0.0,0.0
11341,0.0001141097453263,1.030807708576363e-05,0,0.0,0.0
11342,0.0001196480601126,1.0702080453794407e-05,0,0.0,0.0
11343,0.0001623024081244,5.432062751182098e-06,0,0.0,0.0
11344,0.0002125574230867,2.20301770302175e-05,0,0.0,0.0
11345,0.0003249080455854,8.077701631786896e-05,0,0.0,0.0
11346,0.0005289148702292,0.0001891692985663,0,0.0,0.0
11347,0.001186058758795,0.0002064289067315,0,0.0,0.0
11348,0.0012174040409846,0.0001401611742737,0,0.0,0.0
11349,0.0013590865821101,2.5130681633647754e-05,0,0.0,0.0
11350,0.0017143698606062,6.51538849307609e-05,0,0.0,0.0
11351,0.0017391318081186,0.0002859854194566,0,0.0,0.0
11352,0.000731489342308,0.0003266292810185,0,0.0,0.0
11353,0.0002945407236124,0.000526011583696,0,0.0,0.0
11354,0.000702072729463,0.0003371608596623,0,0.0,0.0
11355,0.0011779714747102,0.0001615605271246,0,0.0,0.0
11356,0.0009786547024292,0.0002537151070502,0,0.0,0.0
11357,0.000704766201939,0.0001918809248558,0,0.0,0.0
11358,0.0005636222393985,3.771530872054788e-05,0,0.0,0.0
11359,0.0020266452860796,2.029964973383492e-05,0,0.0,0.0
11360,0.0028531276255749,9.325200429796318e-05,0,0.0,0.0
11361,0.0023347087411399,0.0003576874860485,0,0.0,0.0
11362,0.0041724534214961,0.0001607048900231,0,0.0,0.0
11363,0.0044174108333969,0.0002037325928118,0,0.0,0.0
11364,0.0028124016770958,0.0003818343407758,0,0.0,0.0
11365,0.0030540591193344,0.0004190107860343,0,0.0,0.0
11366,0.0029578683059091,0.0002508387257253,0,0.0,0.0
11367,0.0034071587731843,0.0001970566080713,0,0.0,0.0
11368,0.0043385110444359,0.0001715086401697,0,0.0,0.0
11369,0.0033067866862702,0.0007142435383634,0,0.0,0.0
11370,0.0034929586422415,0.0010457850633564,0,0.0,0.0
11371,0.0028962637989166,0.0014932530773682,0,0.0,0.0
11372,0.0027548692312027,0.0017424034720351,0,0.0,0.0
11373,0.0034086714168587,0.0016651665550409,0,0.0,0.0
11374,0.0043877848555034,0.0029561415069946,0,0.0,0.0
11375,0.0055161418303947,0.0039287487890312,0,0.0,0.0
11376,0.0067639502513633,0.0042643781141931,0,0.0,0.0
11377,0.0067282092590289,0.0057411374370059,0,0.0,0.0
11378,0.0060970604184583,0.006331450296626,0,0.0,0.0
11379,0.0060168210747256,0.0056988985383647,0,0.0,0.0
11380,0.0053408627095388,0.0057019552724333,0,0.0,0.0
11381,0.0048878217270828,0.0049234781325777,0,0.0,0.0
11382,0.0039985758315834,0.0039416747946135,0,0.0,0.0
11383,0.002931867392764,0.0034236520457849,0,0.0,0.0
11384,0.0025182969877876,0.0023421950411758,0,0.0,0.0
11385,0.0012770177308418,0.0012099825885229,0,0.0,0.0
11386,0.0020319547995308,0.0002619389280545,0,0.0,0.0
11387,0.004002595528521,0.0015376925560601,0,0.0,0.0
11388,0.0055218875570809,0.0017712336491064,0,0.0,0.0
11389,0.0051582511755814,0.0022005630549707,0,0.0,0.0
11390,0.0035992533776071,0.0012343454355343,0,0.0,0.0
11391,0.0011669106846494,0.0007528639082612,0,0.0,0.0
11392,0.000328269364277,9.095133012929004e-05,0,0.0,0.0
11393,0.000500927401267,0.0004841064532392,0,0.0,0.0
11394,0.0009719025875796,0.0010638085305414,0,0.0,0.0
11395,0.0011442693363848,0.0008113069580011,0,0.0,0.0
11396,0.0020567613220178,0.0011711693038904,0,0.0,0.0
11397,0.0027008473037111,0.001298277430999,0,0.0,0.0
11398,0.0028613626492029,0.0015063481728894,0,0.0,0.0
11399,0.0022659253936874,0.0015630002917118,0,0.0,0.0
11400,0.0017085934396412,0.0019545404596842,0,0.0,0.0
11401,0.0023210086055907,0.0012535206515672,0,0.0,0.0
11402,0.0010580183361877,0.0004126910946806,0,0.0,0.0
11403,0.0005717764826171,0.0001015877459846,0,0.0,0.0
11404,0.0003995525565028,0.0001521263946847,0,0.0,0.0
11405,0.0003505587951092,5.853819075828e-05,0,0.0,0.0
11406,0.000412590626506,0.0001137765005747,0,0.0,0.0
11407,0.0005805835931824,5.988130861020097e-05,0,0.0,0.0
11408,0.0008605733156468,0.0001857207023334,0,0.0,0.0
11409,0.0022821131705507,0.0009581649554103,0,0.0,0.0
11410,0.0061547244320495,0.0013815861846322,0,0.0,0.0
11411,0.0042720032158409,0.0018335797140153,0,0.0,0.0
11412,0.0053854364366473,0.00227155126954,0,0.0,0.0
11413,0.0051711668396662,0.0033380007008178,0,0.0,0.0
11414,0.0045792072544835,0.0035381383682209,0,0.0,0.0
11415,0.0049055721210239,0.003241337865985,0,0.0,0.0
11416,0.0054260057061715,0.0041240444411885,0,0.0,0.0
11417,0.0042718261183262,0.0045735819273937,0,0.0,0.0
11418,0.0033910156547082,0.0039686583638388,0,0.0,0.0
11419,0.0026024739862234,0.0035024614280258,0,0.0,0.0
11420,0.0023285954827849,0.0028153547060998,0,0.0,0.0
11421,0.002896314802035,0.0040170990630525,0,0.0,0.0
11422,0.0029992715629373,0.0023774639812639,0,0.0,0.0
11423,0.0027607757377469,0.0009556781435395,0,0.0,0.0
11424,0.0019318598946184,0.0007570473299262,0,0.0,0.0
11425,0.0019327146193583,0.000772257478696,0,0.0,0.0
11426,0.0034423471254002,0.000472403522162,0,0.0,0.0
11427,0.0012145522733358,0.0001728234094964,0,0.0,0.0
11428,0.0004963600335165,0.0003735599002781,0,0.0,0.0
11429,0.0009727310138516,0.0006374968984041,0,0.0,0.0
11430,0.0015813860863282,0.0007230018627884,0,0.0,0.0
11431,0.0019175520060524,0.0006725685976536,0,0.0,0.0
11432,0.0019113111994103,0.000417462871853,0,0.0,0.0
11433,0.001563144235783,0.0001787339245028,0,0.0,0.0
11434,0.0009423295798874,0.0001496217255247,0,0.0,0.0
11435,0.0003602768626986,5.605786111344302e-05,0,0.0,0.0
11436,8.138155055586035e-05,0.0003518267079059,0,0.0,0.0
11437,0.0002213684893997,0.000559919308549,0,0.0,0.0
11438,0.0005136074728341,0.0003472426446619,0,0.0,0.0
11439,0.0007719228558047,0.0002040207754193,0,0.0,0.0
11440,0.0009685445309933,0.0002128513644056,0,0.0,0.0
11441,0.0011060033775382,0.0003676912097158,0,0.0,0.0
11442,0.0011862992031861,0.0007102505294458,0,0.0,0.0
11443,0.0012127045289733,0.000782805991716,0,0.0,0.0
11444,0.0011833433074485,0.0013597290833372,0,0.0,0.0
11445,0.002149465819839,0.0017352991607661,0,0.0,0.0
11446,0.0057090509260014,0.0015391884795083,0,0.0,0.0
11447,0.0032471511633937,0.0010893997724837,0,0.0,0.0
11448,0.0007113214881884,0.0007698349052288,0,0.0,0.0
11449,0.0001132184131481,0.0004512924020707,0,0.0,0.0
11450,0.0014087561550601,0.0002496661983621,0,0.0,0.0
11451,0.0028207042145404,0.000440578324917,0,0.0,0.0
11452,0.0027556519470633,0.0007335780322955,0,0.0,0.0
11453,0.0032089714156744,0.0007487530744867,0,0.0,0.0
11454,0.0017971259940248,0.0004702856822614,0,0.0,0.0
11455,0.0018441186461109,0.0009883872387155,0,0.0,0.0
11456,0.0014214713726525,0.0013298046591724,0,0.0,0.0
11457,0.0018126606087201,0.0005786560786276,0,0.0,0.0
11458,0.0020216534618359,0.0003690655338601,0,0.0,0.0
11459,0.001998459618322,0.0005595812281981,0,0.0,0.0
11460,0.0020654120240594,0.0008126240527682,0,0.0,0.0
11461,0.0005618843205774,0.0003855143310543,0,0.0,0.0
11462,0.0003964298543318,0.0005534529235367,0,0.0,0.0
11463,0.000598454074649,0.0006312330032066,0,0.0,0.0
11464,0.0004881977811646,0.0005820090171105,0,0.0,0.0
11465,0.0011362183577827,0.0008921028929551,0,0.0,0.0
11466,0.0021292417869368,0.0020087133571918,0,0.0,0.0
11467,0.0046040217876355,0.0024496005689836,0,0.0,0.0
11468,0.0108109606126499,0.0036748574182321,0,0.0,0.0
11469,0.0082449281693276,0.0038015575686179,0,0.0,0.0
11470,0.0056768293632456,0.0038620279754536,0,0.0,0.0
11471,0.0040689321301489,0.0031013402076505,0,0.0,0.0
11472,0.0032657071325453,0.0025706978863998,0,0.0,0.0
11473,0.0054467269640561,0.0017208541132607,0,0.0,0.0
11474,0.0058908363596949,0.0015916331505986,0,0.0,0.0
11475,0.0031538609399628,0.0014174959333158,0,0.0,0.0
11476,0.0026702546328819,0.001327679433723,0,0.0,0.0
11477,0.0025999441985129,0.0014622660695843,0,0.0,0.0
11478,0.001775123371896,0.0009745656894251,0,0.0,0.0
11479,0.0011985381979211,0.0007539872445028,0,0.0,0.0
11480,0.0015533874688319,0.000599475837257,0,0.0,0.0
11481,0.0008064729304128,0.0003337489044676,0,0.0,0.0
11482,0.000496645543598,9.443457401904352e-05,0,0.0,0.0
11483,0.0003526352888199,5.640640133263477e-05,0,0.0,0.0
11484,0.0003294147705664,0.0001224533956676,0,0.0,0.0
11485,0.0001766113648772,5.6521684836628165e-05,0,0.0,0.0
11486,0.0006491031941847,0.000203353429112,0,0.0,0.0
11487,0.003935203469977,0.0009867787839009,0,0.0,0.0
11488,0.0076626172087238,0.0020368700627163,0,0.0,0.0
11489,0.0078256070030887,0.0016468989735379,0,0.0,0.0
11490,0.0049739158716297,0.0009595967971261,0,0.0,0.0
11491,0.0045457768312242,0.0006579751614408,0,0.0,0.0
11492,0.0069754461504222,0.0010588858138493,0,0.0,0.0
11493,0.0055156532456049,9.530192966044608e-05,0,0.0,0.0
11494,0.0037681632171375,0.0010198298556999,0,0.0,0.0
11495,0.0038658539734285,0.0009332448772172,0,0.0,0.0
11496,0.0018953873675269,0.000608061371064,0,0.0,0.0
11497,0.0003963291672688,0.0006361353871957,0,0.0,0.0
11498,0.0004314550304704,0.0004016801915648,0,0.0,0.0
11499,0.0012562267707858,0.0006506587215651,0,0.0,0.0
11500,0.0002579715915482,0.0008828745413731,0,0.0,0.0
11501,0.0015091140450675,0.0014548917128066,0,0.0,0.0
11502,0.0034211692925646,0.0020513443750214,0,0.0,0.0
11503,0.0041003651077259,0.002094668358363,0,0.0,0.0
11504,0.0020797626671415,0.0021704807737464,0,0.0,0.0
11505,0.001495520020658,0.0011790767009104,0,0.0,0.0
11506,0.0009927679394904,0.0011791916153699,0,0.0,0.0
11507,8.309320796858224e-05,0.0013231261615078,0,0.0,0.0
11508,0.000486768666916,0.0005487784628127,0,0.0,0.0
11509,0.00047511409455,0.0004610870899337,0,0.0,0.0
11510,0.0013117655943788,0.0009927539855158,0,0.0,0.0
11511,0.0018456099693137,0.0015950961078855,0,0.0,0.0
11512,0.001358278421746,0.0010136161919914,0,0.0,0.0
11513,0.0003214478120046,0.0007890176299301,0,0.0,0.0
11514,0.0004048553348966,0.0003320081853581,0,0.0,0.0
11515,0.0001592886733882,0.0004250239778684,0,0.0,0.0
11516,0.0002820922162488,0.0002833828075521,0,0.0,0.0
11517,0.0016672515564443,0.0004418324943305,0,0.0,0.0
11518,0.0032488750255146,0.0004106902838317,0,0.0,0.0
11519,0.0011653903564057,0.0004757982242633,0,0.0,0.0
11520,0.0008972172679869,0.0003268639707438,0,0.0,0.0
11521,0.0009113338165672,0.0003008804160491,0,0.0,0.0
11522,0.000354278152627,0.0006051493188677,0,0.0,0.0
11523,0.0004041996812379,0.0006021802743441,0,0.0,0.0
11524,0.001253560808836,0.0004227582278168,0,0.0,0.0
11525,0.0013313666585032,0.0005686247476427,0,0.0,0.0
11526,0.0025311517930659,0.000204368041433,0,0.0,0.0
11527,0.0013106029148885,0.0001383951548817,0,0.0,0.0
11528,0.0004438754456488,0.0004953182948221,0,0.0,0.0
11529,0.0011765605286947,0.0001288869946282,0,0.0,0.0
11530,0.0024497653564602,0.0001371902931505,0,0.0,0.0
11531,0.0027464304526457,0.0007187047116075,0,0.0,0.0
11532,0.0009888404773308,0.0010711508606799,0,0.0,0.0
11533,0.0012119531458347,0.0008628515950943,0,0.0,0.0
11534,0.0010437239947862,0.0005127735154071,0,0.0,0.0
11535,0.0004842634585065,0.0003505518994324,0,0.0,0.0
11536,0.0001844598792559,0.0003157371310212,0,0.0,0.0
11537,0.000464209963952,0.0006304312082642,0,0.0,0.0
11538,0.0002224820192653,0.0008393189940764,0,0.0,0.0
11539,0.0002109957028358,0.0006789247871167,0,0.0,0.0
11540,0.0001107182738581,0.0003466032791004,0,0.0,0.0
11541,6.1079943897747e-05,0.0003945739534746,0,0.0,0.0
11542,0.0001257250950045,0.0002560703213812,0,0.0,0.0
11543,0.0001014321288576,7.115163084383402e-05,0,0.0,0.0
11544,5.875639740871663e-05,4.695580836765685e-05,0,0.0,0.0
11545,0.0002117025297083,4.461620182510147e-05,0,0.0,0.0
11546,0.0002422729980048,4.782405920144437e-05,0,0.0,0.0
11547,0.0002048568534471,4.8109528611978696e-05,0,0.0,0.0
11548,4.900308342735526e-05,2.707709867698659e-05,0,0.0,0.0
11549,2.2220805170860416e-05,0.0001579601132851,0,0.0,0.0
11550,0.0001142452450057,0.0002224127467434,0,0.0,0.0
11551,0.0001342695913746,0.0003403050434877,0,0.0,0.0
11552,0.0001411099668701,0.0002422796164068,0,0.0,0.0
11553,0.000141912802996,0.0001333232657228,0,0.0,0.0
11554,6.574123424504658e-05,0.0002529041865571,0,0.0,0.0
11555,0.0001272772769927,8.006820401339661e-05,0,0.0,0.0
11556,0.0002157094017343,0.0001609979351438,0,0.0,0.0
11557,0.0001134990933045,0.00017839466327,0,0.0,0.0
11558,7.059249239813021e-05,2.88762065660173e-05,0,0.0,0.0
11559,0.0001217914474269,8.59483102333705e-05,0,0.0,0.0
11560,0.000270430901189,0.0002630465480861,0,0.0,0.0
11561,0.0002781200723771,0.0004310553542552,0,0.0,0.0
11562,7.191857728211354e-05,0.000412541302236,0,0.0,0.0
11563,0.0003959935103103,0.0001005522478498,0,0.0,0.0
11564,0.0016011643450656,0.0001898625158893,0,0.0,0.0
11565,0.0016774734257142,0.0001214318430211,0,0.0,0.0
11566,0.0008343057267867,4.038932306764462e-05,0,0.0,0.0
11567,0.0008648542469913,8.900389932427803e-05,0,0.0,0.0
11568,0.0029669996948041,0.0002368683659607,0,0.0,0.0
11569,0.0032683695929396,0.0002729793606483,0,0.0,0.0
11570,0.0031018604758329,0.0002059701477989,0,0.0,0.0
11571,0.0032054433795918,0.0006930335957654,0,0.0,0.0
11572,0.0033690379905706,0.001665254922995,0,0.0,0.0
11573,0.0034969835007923,0.0031477906768003,0,0.0,0.0
11574,0.0035912538361681,0.003216001696192,0,0.0,0.0
11575,0.0036518285148525,0.0028507332549135,0,0.0,0.0
11576,0.0036786960393355,0.0024666037100113,0,0.0,0.0
11577,0.0036718476121202,0.0016457092903196,0,0.0,0.0
11578,0.0036312752173169,0.0011596136154682,0,0.0,0.0
11579,0.0035569708010829,0.0008939221837522,0,0.0,0.0
11580,0.0034489323178387,0.0011985268207984,0,0.0,0.0
11581,0.0033071545391802,0.0016122340569082,0,0.0,0.0
11582,0.0031316367836777,0.0013613974082897,0,0.0,0.0
11583,0.0029223749277375,0.0013489067325306,0,0.0,0.0
11584,0.002679366952138,0.0014404237910303,0,0.0,0.0
11585,0.0024026119133479,0.0013849605159231,0,0.0,0.0
11586,0.0020651570250997,0.0022576397748275,0,0.0,0.0
11587,0.0015531886636819,0.0020389618899099,0,0.0,0.0
11588,0.0007966390876649,0.0019649947894379,0,0.0,0.0
11589,0.0005381357364375,0.001872440760689,0,0.0,0.0
11590,0.0001778851613283,0.0003673113767577,0,0.0,0.0
11591,7.303259154003132e-05,0.0003627241287342,0,0.0,0.0
11592,3.889038368123132e-05,0.0001698937652949,0,0.0,0.0
11593,0.0001204496257998,9.841272766121666e-05,0,0.0,0.0
11594,4.588062779236424e-05,0.0001068791535847,0,0.0,0.0
11595,3.7599079209930014e-05,0.0001120521960333,0,0.0,0.0
11596,6.844994418730346e-05,0.0002443668232487,0,0.0,0.0
11597,0.0001429559945693,9.527884766624991e-05,0,0.0,0.0
11598,0.0002405795971279,0.0001152696755183,0,0.0,0.0
11599,0.0022649963688199,0.0009382927106532,0,0.0,0.0
11600,0.0075634511750847,0.0028935017644472,0,0.0,0.0
11601,0.0079240263205568,0.0024330265837633,0,0.0,0.0
11602,0.0026678065851475,0.0010920489224045,0,0.0,0.0
11603,0.0001799495872857,0.0001966231320967,0,0.0,0.0
11604,0.0006298666451859,3.4233456149759268e-06,0,0.0,0.0
11605,0.0004241955503539,0.0001023437345726,0,0.0,0.0
11606,0.0024978891095771,0.0002885606728192,0,0.0,0.0
11607,0.0015531462682185,0.0003891953748371,0,0.0,0.0
11608,0.0010152704693415,0.0002673101546874,0,0.0,0.0
11609,0.0002185229399858,0.0002157289711694,0,0.0,0.0
11610,0.0003243701421508,0.0002569595942061,0,0.0,0.0
11611,4.013600484415342e-05,6.626253263319673e-05,0,0.0,0.0
11612,0.0004256408237744,9.513355754279883e-05,0,0.0,0.0
11613,0.0002170026369839,0.0001049630870966,0,0.0,0.0
11614,0.0001971684272323,0.0001221981896767,0,0.0,0.0
11615,0.0002031324256305,0.0004270520561315,0,0.0,0.0
11616,0.0006638015101901,0.0001582546624121,0,0.0,0.0
11617,0.0004040978761319,8.74707404198818e-05,0,0.0,0.0
11618,0.0002605147511406,0.0002374448263865,0,0.0,0.0
11619,0.0004809387474319,0.0001703226926506,0,0.0,0.0
11620,0.0007859773428798,0.0001332079552015,0,0.0,0.0
11621,0.0001620571849025,0.0001531433483685,0,0.0,0.0
11622,0.0001187319836733,0.0001758870489152,0,0.0,0.0
11623,0.0001078171963973,0.0005398858746847,0,0.0,0.0
11624,5.702196896192501e-05,0.0001073336850853,0,0.0,0.0
11625,0.0001046622456839,0.0002380249695137,0,0.0,0.0
11626,0.000325326973174,0.0007931867008655,0,0.0,0.0
11627,0.0003794044615524,0.0005263860713919,0,0.0,0.0
11628,0.0006887317661341,0.0001201303727995,0,0.0,0.0
11629,0.0002577913711859,0.0002825462013845,0,0.0,0.0
11630,0.0001750319147183,0.0001198805798051,0,0.0,0.0
11631,0.0004228591111431,1.7480600393391615e-05,0,0.0,0.0
11632,0.0003612571161075,7.881798437226746e-05,0,0.0,0.0
11633,0.0002549406731865,0.0001320585208232,0,0.0,0.0
11634,0.0002018432800424,8.561315782164923e-05,0,0.0,0.0
11635,0.0001840047800618,0.000353808920937,0,0.0,0.0
11636,0.0002860371721366,0.0003924809951688,0,0.0,0.0
11637,0.0002204664165216,0.0002508788818336,0,0.0,0.0
11638,0.000403044159004,0.0001362472202633,0,0.0,0.0
11639,0.0001545630877722,0.0002190674426108,0,0.0,0.0
11640,0.000208306768107,0.0006564806182385,0,0.0,0.0
11641,0.0001621092005339,0.0001015978213627,0,0.0,0.0
11642,0.000256429684343,0.0002886825930181,0,0.0,0.0
11643,0.000692456896013,8.848035611390793e-05,0,0.0,0.0
11644,0.0006768574515588,0.0002025610284543,0,0.0,0.0
11645,0.0004977920219235,0.0002032887564005,0,0.0,0.0
11646,0.0008614987410273,0.0001711780016449,0,0.0,0.0
11647,0.0014484400351873,7.588108044838351e-05,0,0.0,0.0
11648,0.002389439229384,0.0003171817587143,0,0.0,0.0
11649,0.0018887469065739,5.5919672268101374e-05,0,0.0,0.0
11650,0.0003564437786225,0.0001000995582589,0,0.0,0.0
11651,0.0001496922633973,6.614305157385479e-05,0,0.0,0.0
11652,0.0004438354946074,0.0002595891459029,0,0.0,0.0
11653,0.0017174201875747,6.969353478133072e-05,0,0.0,0.0
11654,0.0013804104105032,5.0141704991462384e-05,0,0.0,0.0
11655,0.0013471858868002,0.0002042157578493,0,0.0,0.0
11656,0.0011027352918182,0.0005090113992716,0,0.0,0.0
11657,0.0005883406620058,0.000192521836589,0,0.0,0.0
11658,0.0003709339661774,0.0001180836791973,0,0.0,0.0
11659,0.0006092995584484,0.0001495019080099,0,0.0,0.0
11660,0.0022431390766549,0.0005357653032394,0,0.0,0.0
11661,0.0016217074765727,0.0010737029369651,0,0.0,0.0
11662,0.0005075872551962,0.0008854120763005,0,0.0,0.0
11663,0.0003772872845748,0.0002676084442466,0,0.0,0.0
11664,0.0013696213383523,0.0004661622288397,0,0.0,0.0
11665,0.0027777740207356,0.001091763426935,0,0.0,0.0
11666,0.0024351344771629,0.0017061406785267,0,0.0,0.0
11667,0.0012654896769129,0.0017426339227874,0,0.0,0.0
11668,0.0008787306924867,0.0015398280023409,0,0.0,0.0
11669,0.0007235759894982,0.001009902480153,0,0.0,0.0
11670,0.0005508292638882,0.0006471604478184,0,0.0,0.0
11671,0.0003355798342154,0.000219803882663,0,0.0,0.0
11672,0.000139975204601,4.811332183286718e-05,0,0.0,0.0
11673,0.0007026643883112,0.0004469595804256,0,0.0,0.0
11674,0.0003440027926403,0.0005450097848653,0,0.0,0.0
11675,0.0004503247850958,0.0004840706564573,0,0.0,0.0
11676,4.6394872464824165e-05,7.159531464189208e-05,0,0.0,0.0
11677,0.0004339936252506,0.0001557984686953,0,0.0,0.0
11678,0.0002258860703461,0.0001714501830594,0,0.0,0.0
11679,0.0001055864257387,0.0003198079479808,0,0.0,0.0
11680,7.352422950502875e-05,0.0009965684309423,0,0.0,0.0
11681,6.107108192361555e-05,0.0003428261176886,0,0.0,0.0
11682,4.821583692773683e-05,0.0009802790283981,0,0.0,0.0
11683,3.496357095432318e-05,0.0001437358502628,0,0.0,0.0
11684,2.0097330206241617e-05,0.0014797057699666,0,0.0,0.0
11685,0.0003445180722739,0.0009257629223994,0,0.0,0.0
11686,0.0015158577253732,0.0034674696607791,0,0.0,0.0
11687,0.0008924801544792,0.0021176098651549,0,0.0,0.0
11688,0.0004164633848432,0.0004823835074257,0,0.0,0.0
11689,0.000580979956789,0.0003840342658791,0,0.0,0.0
11690,0.0008089219271873,0.0004747327238999,0,0.0,0.0
11691,0.0003462437303236,0.0001559183501949,0,0.0,0.0
11692,0.0002972191567527,0.0008221252032737,0,0.0,0.0
11693,0.0002932429008833,0.000106358105881,0,0.0,0.0
11694,0.0002018578598273,0.0003963641542336,0,0.0,0.0
11695,0.0003653240099946,0.0001720651160806,0,0.0,0.0
11696,0.0006523394261155,0.0008082010092388,0,0.0,0.0
11697,0.0016285099437287,0.0006402904414867,0,0.0,0.0
11698,0.0005277467551441,6.388780226414759e-05,0,0.0,0.0
11699,0.0001928193828656,0.0003798803997135,0,0.0,0.0
11700,0.0003209273408082,0.0008031845146549,0,0.0,0.0
11701,0.0002659990570698,0.0003368731023154,0,0.0,0.0
11702,0.0001728376346041,0.0004846476923554,0,0.0,0.0
11703,0.0001483344678183,0.0001619672391975,0,0.0,0.0
11704,0.0008304061713889,0.0009249582348937,0,0.0,0.0
11705,0.0015341390423679,0.0016546169718649,0,0.0,0.0
11706,0.0016507980599489,0.0004718831141524,0,0.0,0.0
11707,0.0021214001634896,0.0005491358049198,0,0.0,0.0
11708,0.0005567174900253,0.0004506130984399,0,0.0,0.0
11709,0.0003857250134708,0.0004832751122874,0,0.0,0.0
11710,0.0008269422354319,0.0009201189301454,0,0.0,0.0
11711,0.0002150322650016,0.00014882418498,0,0.0,0.0
11712,0.0001544845394259,0.0004021019114442,0,0.0,0.0
11713,0.0014478956409686,0.0008286236889862,0,0.0,0.0
11714,0.0039162395203856,0.0017147243329485,0,0.0,0.0
11715,0.0021541698480634,0.001723781127074,0,0.0,0.0
11716,0.0007662341800169,0.0016177148869868,0,0.0,0.0
11717,0.0002981802504994,0.0007725113669443,0,0.0,0.0
11718,5.002431041500455e-05,0.0004971114115399,0,0.0,0.0
11719,0.0002276345567131,0.0007809301871422,0,0.0,0.0
11720,0.0009047062829814,0.0004262363089841,0,0.0,0.0
11721,0.0006151428156337,0.0002390520167389,0,0.0,0.0
11722,0.0006746093572541,0.0001666123969266,0,0.0,0.0
11723,0.0004657581795366,0.0002232124614818,0,0.0,0.0
11724,0.0001392437687894,0.0002069966747275,0,0.0,0.0
11725,0.0002012881642702,0.0002345816602121,0,0.0,0.0
11726,0.0011859733180148,0.0006440374891712,0,0.0,0.0
11727,0.0015865839140962,0.0004231421249595,0,0.0,0.0
11728,0.0004064968626658,0.0001269644379254,0,0.0,0.0
11729,0.000192583391294,0.0009394937604797,0,0.0,0.0
11730,0.0001304093309046,0.0008697736207781,0,0.0,0.0
11731,0.0003203611166046,0.0009224124046467,0,0.0,0.0
11732,0.0008761501545585,0.0016299360287971,0,0.0,0.0
11733,7.183874702997913e-05,0.000940074886945,0,0.0,0.0
11734,0.0009258502670864,0.000450298079102,0,0.0,0.0
11735,0.0005055030018122,0.0005310687443789,0,0.0,0.0
11736,8.295990512084641e-05,0.0002695900690806,0,0.0,0.0
11737,7.91365232195819e-05,0.0002493292744699,0,0.0,0.0
11738,0.0004264585760231,0.0002456183691607,0,0.0,0.0
11739,0.0012863803089351,0.000450341373886,0,0.0,0.0
11740,0.0013122912796267,0.0006106648233266,0,0.0,0.0
11741,0.0009168082150924,0.0002260630495594,0,0.0,0.0
11742,0.0003350192390932,0.0003064725634375,0,0.0,0.0
11743,0.0001689163001141,0.0002372701273564,0,0.0,0.0
11744,2.3553948016824425e-05,1.6297888318037252e-05,0,0.0,0.0
11745,4.796637269950291e-05,0.0001695002661274,0,0.0,0.0
11746,8.557912601332404e-05,8.237588714695876e-05,0,0.0,0.0
11747,0.0006941763811905,0.000142366962013,0,0.0,0.0
11748,0.0030707793623814,0.0006748642839188,0,0.0,0.0
11749,0.0052538698250578,0.0010775901127054,0,0.0,0.0
11750,0.0033646191751364,0.0012941794015594,0,0.0,0.0
11751,0.0018449971377147,0.0006222448047774,0,0.0,0.0
11752,0.002472288837436,0.0004739939808891,0,0.0,0.0
11753,0.0033345636627213,0.0001961214562829,0,0.0,0.0
11754,0.0035295112780335,0.0006152987800873,0,0.0,0.0
11755,0.0030402762943577,0.0007509620656375,0,0.0,0.0
11756,0.0022947592862557,0.0014066944457787,0,0.0,0.0
11757,0.0015924299449584,0.0014426008976748,0,0.0,0.0
11758,0.0004468453066052,0.000789838730336,0,0.0,0.0
11759,0.0001370628312212,0.0011676138184448,0,0.0,0.0
11760,0.0005221519189946,0.0008225092012712,0,0.0,0.0
11761,0.0001433208211693,0.0005489941758624,0,0.0,0.0
11762,2.7746336268886493e-05,0.0003502602985005,0,0.0,0.0
11763,7.182448861443183e-05,0.0001503869348603,0,0.0,0.0
11764,0.0001337765839151,6.924446160532112e-05,0,0.0,0.0
11765,0.0005900969995815,0.0001182432981039,0,0.0,0.0
11766,0.0001673628712323,8.973362126479135e-05,0,0.0,0.0
11767,7.197547336671e-06,6.117368144296155e-05,0,0.0,0.0
11768,3.091323196303141e-05,7.12535646574511e-05,0,0.0,0.0
11769,0.0002691362962884,0.0002302780014386,0,0.0,0.0
11770,0.0006713473832117,0.0002748744751877,0,0.0,0.0
11771,0.0002188213221085,0.0001873287305519,0,0.0,0.0
11772,7.374925941410615e-05,0.0001270121933513,0,0.0,0.0
11773,3.999500384486391e-05,0.0001341555039597,0,0.0,0.0
11774,0.0001530684327938,6.972781005523149e-05,0,0.0,0.0
11775,0.0001193486799117,0.0002577997146649,0,0.0,0.0
11776,0.0001403757400214,0.0001919523557543,0,0.0,0.0
11777,6.457330259127645e-05,9.372801901929248e-05,0,0.0,0.0
11778,6.518725531327559e-05,2.805331352836801e-05,0,0.0,0.0
11779,1.405923135182973e-05,8.795040791085893e-06,0,0.0,0.0
11780,8.887390136831642e-06,8.860688366979276e-06,0,0.0,0.0
11781,1.6665962922778396e-05,1.333482298974706e-05,0,0.0,0.0
11782,0.0002948696302591,0.0002583340598615,0,0.0,0.0
11783,0.0022652634582303,0.0012593981507008,0,0.0,0.0
11784,0.0056092137958721,0.0018618943377501,0,0.0,0.0
11785,0.0031969327537813,0.0010464954575258,0,0.0,0.0
11786,0.0010503446046586,0.0002774201439874,0,0.0,0.0
11787,0.0019183441984487,0.000328234424606,0,0.0,0.0
11788,0.0016727347862571,0.0005414020294747,0,0.0,0.0
11789,0.0020872468522317,0.0003938560457085,0,0.0,0.0
11790,0.0027645588429036,0.0009361404660192,0,0.0,0.0
11791,0.0023219811258761,0.001296656467784,0,0.0,0.0
11792,0.0032465894232352,0.0008425040692325,0,0.0,0.0
11793,0.0024200757854865,0.0003765881239814,0,0.0,0.0
11794,0.0041246826482184,0.0002769966486069,0,0.0,0.0
11795,0.004288673487408,0.0008253793316876,0,0.0,0.0
11796,0.0040271769334209,0.0012796323029477,0,0.0,0.0
11797,0.0052242418261823,0.0016413399323902,0,0.0,0.0
11798,0.0050258904596471,0.0016473976921991,0,0.0,0.0
11799,0.0027243039988148,0.0012069033523164,0,0.0,0.0
11800,0.0015748595984882,0.0005277512716181,0,0.0,0.0
11801,0.0006418010954425,0.000569428126979,0,0.0,0.0
11802,0.0003799542805139,0.0006799124433556,0,0.0,0.0
11803,0.0004380411507286,0.000369118040648,0,0.0,0.0
11804,0.0004084057583595,0.0002982120907286,0,0.0,0.0
11805,0.0003848847040331,0.0013134296889364,0,0.0,0.0
11806,0.0005634319723209,0.0007682573322839,0,0.0,0.0
11807,0.0001075229203018,0.0002100894468887,0,0.0,0.0
11808,0.0001623346435985,0.0003359051776129,0,0.0,0.0
11809,0.0001403911317547,9.220121282376014e-05,0,0.0,0.0
11810,0.0002896906043113,3.508955238185982e-05,0,0.0,0.0
11811,0.0001156980807348,5.576236383935905e-05,0,0.0,0.0
11812,5.2774097830665294e-05,2.9127688560001965e-05,0,0.0,0.0
11813,0.0001511559976502,7.062969962618296e-05,0,0.0,0.0
11814,0.0003023244454831,0.0001215616451248,0,0.0,0.0
11815,0.0001672092516451,1.9010049960955049e-06,0,0.0,0.0
11816,6.999849075208669e-05,0.0001190220656464,0,0.0,0.0
11817,0.0001005763074762,2.253758706336849e-05,0,0.0,0.0
11818,0.0001417339546526,0.0001366232798639,0,0.0,0.0
11819,0.0003438549710742,5.129624585929089e-05,0,0.0,0.0
11820,0.0012620741879399,0.0002875294380098,0,0.0,0.0
11821,0.0014847999225059,0.0007735774016389,0,0.0,0.0
11822,3.763127419295985e-05,0.0004426034681281,0,0.0,0.0
11823,0.0017283827076445,0.0006259120215762,0,0.0,0.0
11824,0.0022688720521396,0.0008559017476622,0,0.0,0.0
11825,0.0014930687858607,0.0013615643702487,0,0.0,0.0
11826,0.0003932357737241,0.001646782145616,0,0.0,0.0
11827,0.0001329414737481,0.0010677822962047,0,0.0,0.0
11828,0.0005421667984187,0.0009299298854154,0,0.0,0.0
11829,0.0005390280968806,0.0006217487864637,0,0.0,0.0
11830,0.0009126890199151,0.0007959122714268,0,0.0,0.0
11831,0.0044475239641827,0.0010001162401917,0,0.0,0.0
11832,0.0040265464061736,0.0008612248448889,0,0.0,0.0
11833,0.0045462971517856,0.0007073868336986,0,0.0,0.0
11834,0.0050667201169583,0.0006480037644912,0,0.0,0.0
11835,0.00408319699809,0.0005737501134228,0,0.0,0.0
11836,0.0031634506220584,0.0010969161354667,0,0.0,0.0
11837,0.0033748462070912,0.0011550224697525,0,0.0,0.0
11838,0.0031260126733696,0.0013659182025255,0,0.0,0.21738179
11839,0.003538343418435,0.00140861484767,0,0.0,0.42063856
11840,0.0027542414922607,0.0006054520639901,0,0.0,0.5576375
11841,0.00134608054172,0.000908570401619,0,0.0,0.62907547
11842,0.0014529308559865,0.0011391024305731,0,0.0,0.65408576
11843,0.0006299368572188,0.001081535560524,0,0.0,0.65537155
11844,0.0002093714229274,0.0012655919768009,0,0.0,0.61775565
11845,0.0006019977467641,0.0010390285451451,0,0.0,0.5446344
11846,0.0014568774094523,0.0006153995114286,0,0.0,0.46337852
11847,0.0014207382437181,0.000745555986457,0,0.0,0.39489794
11848,0.0018375392060873,0.0007801814958335,0,0.0,0.3717847
11849,0.0014867150389979,0.0008208908595091,0,0.0,0.38917732
11850,0.00135292219934,0.0005581721048311,0,0.0,0.47983095
11851,0.001811354041555,0.0004838920645776,0,0.0,0.60866517
11852,0.0013993681112732,0.000772499474046,0,0.0,0.71536374
11853,0.0019387226149802,0.0002164652011962,0,0.0,0.8203832
11854,0.0035612533950355,0.0002942337170613,0,0.0,0.90051967
11855,0.0026763030193937,0.000297735534135,0,0.0,0.9353132
11856,0.0015375009513327,0.0002726198462885,0,0.0,0.9520055
11857,0.0018889123225101,0.0003167350749488,0,0.0,0.96130604
11858,0.0018146767190621,0.0008519950052142,0,0.0,0.964012
11859,0.0019690570222995,0.001050189691465,0,0.0,0.96450305
11860,0.0006162988938034,0.0004550661593951,0,0.0,0.9652307
11861,6.917706721761245e-05,0.0001090229904363,0,0.0,0.9641411
11862,0.0005709226671519,0.0003024809209139,0,0.0,0.9634479
11863,0.0005668493973041,0.0001619197421608,0,0.0,0.9630925
11864,0.0006898838845029,0.0001455315824389,0,0.0,0.96178424
11865,0.0009992235061564,0.000606466758184,0,0.0,0.9608236
11866,0.0006328958735394,0.0007346278795572,0,0.0,0.95755893
11867,0.001344894197585,0.0007065100498514,0,0.0,0.95464724
11868,0.0003912005792899,0.0006883166772732,0,0.0,0.94911885
11869,0.0009585273193002,0.0004034746453397,0,0.0,0.94194335
11870,0.0006233350422618,0.0001688377675081,0,0.0,0.93452334
11871,0.0011288949575085,0.0003060933368407,0,0.0,0.9281761
11872,0.000869367300726,0.0006335649907106,0,0.0,0.9134788
11873,0.0013257866226943,0.0010937683292847,0,0.0,0.8909721
11874,0.0014103038035089,0.0010041416680652,0,0.0,0.8551562
11875,0.0003510783121677,0.0004447745014276,0,0.0,0.81632036
11876,0.000459184426721,0.0004160429773457,0,0.0,0.7857279
11877,0.0004636937037003,0.0007088405998013,0,0.0,0.7635773
11878,0.0008545405305203,0.0006472203963702,0,0.0,0.76273257
11879,0.0006080092555909,0.0004019924798756,0,0.0,0.75897306
11880,0.0002048721836017,7.392712090431439e-05,0,0.0,0.75011164
11881,9.7908099637102e-05,6.635150923821391e-05,0,0.0,0.7491648
11882,0.0001087409623039,0.0001292992555773,0,0.0,0.7441239
11883,0.0001619086229973,3.286072740470272e-05,0,0.0,0.7400685
11884,0.0001149301908421,0.0002658492332781,0,0.0,0.74467295
11885,0.0002544859732056,0.0001264481503192,0,0.0,0.74565876
11886,0.0001080081872663,9.52977479263516e-05,0,0.0,0.74439806
11887,7.223554575823257e-05,2.102556642687054e-05,0,0.0,0.75094503
11888,7.947782315504399e-05,8.710784272683462e-05,0,0.0,0.75554144
11889,6.234212816515544e-05,1.1093628402712084e-05,0,0.0,0.75070524
11890,0.0001543082604906,6.878994496294324e-05,0,0.0,0.72934115
11891,0.0006109330679794,0.000293777685522,0,0.0,0.6662893
11892,0.0024696619676906,0.0008718799302208,0,0.0,0.5176261
11893,0.003617586324926,0.0009445140836496,0,0.0,0.32406026
11894,0.0032487252082598,0.0009641738007961,0,0.0,0.18565471
11895,0.0011824391108306,0.000635750551868,0,0.0,0.11622051
11896,0.0001725203569043,0.0002114838303238,0,0.0,0.0
11897,0.0005790703139513,0.0002942065431318,0,0.0,0.0
11898,0.0011630752114062,0.0008765033348344,0,0.0,0.11192665
11899,0.0020427586741021,0.0009680793389877,0,0.0,0.14858407
11900,0.0012989257927068,0.0007197614302748,0,0.0,0.18696454
11901,9.422036808042792e-05,0.000370908145039,0,0.0,0.2000495
11902,0.0007899622387786,0.0005075643532343,0,0.0,0.19185758
11903,0.0010040049309904,0.0005323992192693,0,0.0,0.19453363
11904,0.0002467341302464,0.0002712353031849,0,0.0,0.21363443
11905,0.0007408438366581,0.000598985676551,0,0.0,0.25368762
11906,0.0015271836065442,0.0008131278283436,0,0.0,0.3265009
11907,0.0014912581186912,0.0012510652010898,0,0.0,0.45646265
11908,0.0012186704539672,0.0011208527018335,0,0.0,0.6487995
11909,0.0012585409287096,0.0006606117652989,0,0.0,0.81340367
11910,0.0012571562611096,0.0008343218344779,0,0.0,0.90043813
11911,0.0007425902133999,0.0010470822720383,0,0.0,0.9321238
11912,0.0009843267164363,0.0009559973195984,0,0.0,0.9454801
11913,0.0012132901650357,0.0010940555874988,0,0.0,0.95235616
11914,0.0004005622193132,0.0007771050830048,0,0.0,0.9556475
11915,0.0005012115036279,0.0001238167094562,0,0.0,0.95547754
11916,0.0011276616124978,0.0003024301783236,0,0.0,0.9527663
11917,0.0021224000379272,0.0002448477029448,0,0.0,0.9469589
11918,0.0022988016935509,5.241349427571686e-05,0,0.0,0.94291043
11919,0.0020449042130401,0.000425673524775,0,0.0,0.94437176
11920,0.0011499305766856,0.0009107338894244,0,0.0,0.94909346
11921,0.001180764220152,0.000720242726353,0,0.0,0.95435566
11922,0.0008627772341956,0.0004267491153878,0,0.0,0.9590843
11923,0.0014034125425443,0.0003186096239443,0,0.0,0.9628354
11924,0.0010791542880691,0.0006697786782184,0,0.0,0.9659265
11925,0.0009047713040223,0.0003714979586007,0,0.0,0.96737236
11926,0.0003832496086169,0.000250991246961,0,0.0,0.9678523
11927,3.347358479331144e-05,0.0001010545830668,0,0.0,0.9679894
11928,8.847761496849591e-05,3.20826137576311e-05,0,0.0,0.96754897
11929,0.0002162611112056,1.2097690265123544e-05,0,0.0,0.9669643
11930,0.0012242702656082,2.494908481556368e-05,0,0.0,0.9651754
11931,0.0020759837533472,0.0003916362981072,0,0.0,0.96270347
11932,0.0023284243265063,0.0012066162917666,0,0.0,0.9620294
11933,0.0013389237220563,0.0014054504181397,0,0.0,0.9636033
11934,0.001754893845634,0.0010048346661406,0,0.0,0.96752864
11935,0.0018439829919694,0.000121982271815,0,0.0,0.9706004
11936,0.0005462707435653,0.0007267373602772,0,0.0,0.97158045
11937,0.0001906348929116,0.0009585883601742,0,0.0,0.971835
11938,0.0003216209896855,0.0003418254173631,0,0.0,0.9717258
11939,2.360193130121797e-05,0.0002492832980852,0,0.0,0.97104853
11940,0.0003919036441278,0.0003708259447681,0,0.0,0.9700384
11941,0.000678532236979,0.0009025154148904,0,0.0,0.9686831
11942,0.0007433500653476,0.0006142787898583,0,0.0,0.9671349
11943,0.00056301268792,0.0004368448385646,0,0.0,0.96544087
11944,0.0006481282027815,0.0004453726850995,0,0.0,0.9631893
11945,0.0009094048205422,0.0004924632873159,0,0.0,0.96052647
11946,0.000954383953083,0.0003921248679285,0,0.0,0.95754945
11947,0.0015361933306162,0.0004791087633885,0,0.0,0.95414674
11948,0.0014519521444563,0.0008746439375496,0,0.0,0.9514135
11949,0.0019603717228807,0.0014516648777935,0,0.0,0.9499269
11950,0.0022977000597796,0.0014660946149932,0,0.0,0.94667697
11951,0.0019115540331685,0.0011091760720892,0,0.0,0.9448715
11952,0.0014597370907844,0.0009143503160737,0,0.0,0.94646585
11953,0.0016587721511034,0.0011724077551025,0,0.0,0.94239765
11954,0.0021758687331247,0.0012710234881285,0,0.0,0.9423275
11955,0.0017594289829115,0.0012891873325551,0,0.0,0.9466203
11956,0.0018813785318934,0.0017442991844967,0,0.0,0.9436445
11957,0.0006386011735626,0.001773309322656,0,0.0,0.94635427
11958,0.0002039490230074,0.0010624804329911,0,0.0,0.95761687
11959,0.000963644664289,0.0005620391955839,0,0.0,0.9628267
11960,0.0002174343050143,0.0020285479980319,0,0.0,0.9646175
11961,0.0016606696107314,0.0013408994708054,0,0.0,0.9625328
11962,0.0031711057196389,0.0002496402548796,0,0.0,0.956191
11963,0.0014413174386401,0.0004770442814585,0,0.0,0.9438033
11964,0.0008777642566278,0.0009339522499427,0,0.0,0.9242887
11965,0.0010517520097506,0.0011411652366965,0,0.0,0.9110888
11966,0.0024579665172095,0.0011537157317342,0,0.0,0.8402099
11967,0.0041065281773919,0.0015366523390127,0,0.0,0.7504667
11968,0.0045075016765572,0.0025977144665216,0,0.0,0.6938848
11969,0.0038903886422334,0.0027703711131621,0,0.0,0.6096051
11970,0.0037765474381609,0.002399613104325,0,0.0,0.5488305
11971,0.0025454583771764,0.001807179138975,0,0.0,0.5032257
11972,0.0033060375218341,0.0020921404921711,0,0.0,0.43808517
11973,0.0021939403966563,0.0023856274092525,0,0.0,0.35284752
11974,0.0011667916104993,0.0019173111036981,0,0.0,0.29212108
11975,0.0016489988945583,0.0015015890789983,0,0.0,0.2304893
11976,0.0016159823157409,0.0010701276807902,0,0.0,0.17263605
11977,0.0023931328523517,0.0002183065952671,0,0.0,0.14777847
11978,0.0021369684546862,0.0007646602261848,0,0.0,0.15270133
11979,0.0020362638851955,0.0013647940289572,0,0.0,0.1573163
11980,0.0019830745919572,0.0015579877485699,0,0.0,0.23609601
11981,0.0036271643801206,0.0015615556216447,0,0.0,0.36332595
11982,0.0039050345601023,0.0020914615920966,0,0.0,0.52190125
11983,0.0051803825678388,0.0032028314061287,0,0.0,0.74274796
11984,0.0061358994081115,0.0032343650546157,0,0.0,0.9144762
11985,0.006159872765176,0.0025851165465263,0,0.0,0.96427625
11986,0.0081840187598603,0.0019901297478411,0,0.0,0.97298074
11987,0.0068995343485115,0.0012165199797689,0,0.0,0.9720348
11988,0.0050588661445889,0.0006951598802576,0,0.0,0.96228117
11989,0.002902847743006,0.0003059160909491,0,0.0,0.94291717
11990,0.0024486971873253,0.0002122829976347,0,0.0,0.9068268
11991,0.0013588590761503,0.0008025568740785,0,0.0,0.8464533
11992,0.0008266906017957,0.0008122335182324,0,0.0,0.80639744
11993,0.0009583941791356,0.0008952355841559,0,0.0,0.7722965
11994,0.001039134090987,0.000903165441899,0,0.0,0.7061476
11995,0.0023715898494327,0.0008844063025767,0,0.0,0.5987791
11996,0.0033973314246803,0.0002399654292765,0,0.0,0.4608555
11997,0.0024343828399515,0.000163223605607,0,0.0,0.35982963
11998,0.0009399524540212,0.0003471431023976,0,0.0,0.2994175
11999,0.000401061137569,0.0004350635218559,0,0.0,0.26085013
12000,0.0006093382244687,0.0008173065377997,0,0.0,0.23505895
12001,0.0011422709689775,0.0007538019119129,0,0.0,0.2301049
12002,0.0007856450807809,0.000430754143676,0,0.0,0.21218528
12003,0.0002556662856893,0.0006951880053193,0,0.0,0.23031788
12004,0.0008825414350551,0.0009917476624112,0,0.0,0.2183093
12005,0.0023749447065571,0.0015448187564242,0,0.0,0.18803532
12006,0.0018885664593982,0.0014615717044107,0,0.0,0.13499832
12007,0.0024139714864036,0.0011328339631273,0,0.0,0.0
12008,0.0046708111870502,0.0013869313782271,0,0.0,0.0
12009,0.0056336710547155,0.0033247209025417,0,0.0,0.0
12010,0.0055528800933073,0.0042801702800463,0,0.0,0.0
12011,0.0060967367295824,0.0044961195641268,0,0.0,0.0
12012,0.0065373956275539,0.0047635349591436,0,0.0,0.0
12013,0.0050127245295524,0.0038094223539168,0,0.0,0.0
12014,0.0050411028530379,0.0035609943872768,0,0.0,0.0
12015,0.0039926582707593,0.004426462516132,0,0.0,0.0
12016,0.0042451032834691,0.0052102917526983,0,0.0,0.0
12017,0.005002634514447,0.0043818546641535,0,0.0,0.0
12018,0.0047095477777677,0.0039495042345443,0,0.0,0.0
12019,0.0032350174923921,0.0039033878644611,0,0.0,0.0
12020,0.0038683310965006,0.0039860491417751,0,0.0,0.0
12021,0.0050868341375778,0.0040807109351188,0,0.0,0.0
12022,0.0062103610195676,0.0054151269333704,0,0.0,0.0
12023,0.0062488512309723,0.0055548605365526,0,0.0,0.0
12024,0.0065242036386293,0.0048900673511805,0,0.0,0.0
12025,0.0055865586056431,0.0060827206503457,0,0.0,0.0
12026,0.005390144589379,0.0058632954980011,0,0.0,0.0
12027,0.0044956096959479,0.0062731620034314,0,0.0,0.0
12028,0.0054767951110906,0.0058360852036331,0,0.0,0.0
12029,0.0058925976208453,0.0058533008950317,0,0.0,0.0
12030,0.0061489439521283,0.005959951364868,0,0.0,0.0
12031,0.0065299814158568,0.0052159752109918,0,0.0,0.0
12032,0.0056445508455809,0.0043342417068202,0,0.0,0.0
12033,0.0043923644990542,0.003508644962838,0,0.0,0.0
12034,0.0033637063351803,0.0036713106975974,0,0.22491701,0.0
12035,0.0031882961904055,0.0040336953615414,0,0.516917,0.0
12036,0.0038783954977117,0.0039354521747408,0,0.7653084,0.0
12037,0.0051608701576158,0.00293553442993,0,0.88748103,0.0
12038,0.0031285497974245,0.0016913919778504,0,0.91592675,0.0
12039,0.002035571103121,0.0013279674950783,0,0.91720015,0.0
12040,0.0010964620708956,0.0009191986474325,0,0.91313523,0.0
12041,0.0006515320865562,0.0007490132010212,0,0.9108088,0.0
12042,0.0004092274780777,0.0006617173411826,0,0.90592945,0.0
12043,0.0005689303485971,0.0007766855043369,0,0.9059126,0.0
12044,0.0002930774108931,0.0002473555032598,0,0.91872436,0.0
12045,0.0013534372673707,0.0003481990786092,0,0.9282416,0.0
12046,0.0016269182382004,0.0005574510883136,0,0.93184245,0.0
12047,0.003859176286892,0.0011235613503055,0,0.90910655,0.0
12048,0.0033493552840928,0.0008821941998425,0,0.7526947,0.0
12049,0.0021995606963829,0.0005822385338387,0,0.48340356,0.0
12050,0.0010830654204309,0.0008686598614239,0,0.3260143,0.0
12051,0.001404525604751,0.0011170212674052,0,0.2476745,0.0
12052,0.0011731134146243,0.0009090619274384,0,0.20930852,0.0
12053,0.0007243906479888,0.0008151671465208,0,0.17373116,0.0
12054,0.0008116435498119,0.000597884633475,0,0.15157564,0.0
12055,0.0002892789702576,0.0001696353308791,0,0.13860491,0.0
12056,2.6240192436499013e-05,7.496211647323964e-05,0,0.12922582,0.0
12057,0.0002619314077463,0.0003821378527575,0,0.12061299,0.0
12058,0.0006662512438539,0.0009641915859963,0,0.11457471,0.0
12059,0.0003255290292575,0.0002983808400086,0,0.106420904,0.0
12060,0.0005749028039096,0.0002119056003614,0,0.0,0.0
12061,0.0004302423632867,0.0007070873002901,0,0.0,0.0
12062,0.0007011597614763,0.0003654628647109,0,0.0,0.0
12063,0.000374356664925,0.0003607019210956,0,0.0,0.0
12064,0.0001958608453641,0.0002845872403783,0,0.0,0.0
12065,0.0006288339000824,0.0002120046973987,0,0.0,0.0
12066,0.0004357051834042,0.0006442879371262,0,0.0,0.0
12067,0.0011277643051829,0.0016585829735194,0,0.0,0.0
12068,0.0017390734727384,0.0022531366980672,0,0.0,0.0
12069,0.0032524008793626,0.0020913089540744,0,0.0,0.0
12070,0.0022940708484104,0.0015708500263651,0,0.0,0.0
12071,0.0013070798949541,0.0012848412292234,0,0.0,0.0
12072,0.0003785232631595,0.0006871570932095,0,0.0,0.0
12073,0.0006086538865909,0.0005778844105477,0,0.0,0.0
12074,0.0006338883126057,0.0013124752469843,0,0.0,0.0
12075,0.0011780076412973,0.001226266647012,0,0.0,0.0
12076,0.0003193309378642,0.000533320274172,0,0.104978524,0.0
12077,0.0014984360464616,0.0004300990778173,0,0.26294747,0.0
12078,0.0032919334442326,0.0007149280280957,0,0.6558285,0.0
12079,0.0032686396506674,0.0014953125815559,0,0.88087165,0.0
12080,0.0030412493680511,0.001693802221365,0,0.9340149,0.0
12081,0.0033429453552305,0.001592589173167,0,0.94756675,0.0
12082,0.0023130037649938,0.0007381448914515,0,0.9498473,0.0
12083,0.0010514691418909,0.0006784880982696,0,0.94749635,0.0
12084,0.0018048085932268,0.0002095441626072,0,0.9425977,0.0
12085,0.0008148793204783,8.818636642131876e-05,0,0.93481094,0.0
12086,0.0010283787593145,0.0005111184348274,0,0.92744,0.0
12087,0.0012774156048483,0.0005762027016689,0,0.91884905,0.0
12088,0.0004996448141815,0.0004925872293844,0,0.91093105,0.0
12089,0.0003161033382101,0.0006277550275344,0,0.9042812,0.0
12090,0.0006385288001425,0.0004588951546466,0,0.900716,0.0
12091,0.0006074335683328,0.0005814889325246,0,0.8968241,0.0
12092,0.0005104976619377,0.0003522326763983,0,0.89470685,0.0
12093,0.0002720327177142,0.0002110526084934,0,0.89696604,0.0
12094,0.0003204896015807,0.0003861031762999,0,0.89838547,0.0
12095,0.0009845949389333,0.0001316092854465,0,0.9001811,0.0
12096,0.0014268731783711,0.0001879400526608,0,0.8999465,0.0
12097,0.0016255559478213,0.0003618746164402,0,0.89542264,0.0
12098,0.0006034656588549,0.0003652963664128,0,0.8854494,0.0
12099,0.0003824143849869,0.0002416906020766,0,0.8744468,0.0
12100,0.000470597739196,0.000121275465062,0,0.8664446,0.0
12101,0.0005183435116838,6.690090330932546e-05,0,0.86377466,0.0
12102,0.0005142191288243,6.270984289526937e-05,0,0.86583406,0.0
12103,0.0004528432748219,0.000343210732988,0,0.8673893,0.0
12104,0.0003278902168049,0.0004263068854944,0,0.8648827,0.0
12105,0.0002386823212736,0.0001277898911273,0,0.8638804,0.0
12106,0.000261307419107,0.0002190693851885,0,0.86777717,0.0
12107,0.000160084934743,0.0003755755075346,0,0.8707122,0.0
12108,0.0002646045164838,9.489545771039112e-05,0,0.8733611,0.0
12109,0.0003500306327961,0.0002774780528183,0,0.8768517,0.0
12110,0.0004185608582885,0.0001706795442752,0,0.8779348,0.0
12111,0.0004734412802905,0.0002421986376203,0,0.8783739,0.0
12112,0.0005299559341368,0.0004118021872105,0,0.8787723,0.0
12113,0.000580206143906,0.0002760652017066,0,0.8800642,0.0
12114,0.0003039637292546,0.0001651480268809,0,0.8806589,0.0
12115,0.0001248925133487,4.77313338139577e-05,0,0.88233864,0.0
12116,0.0002759707753146,4.559631779326484e-05,0,0.88373435,0.0
12117,0.0001615598980121,0.0001179876181479,0,0.88519186,0.0
12118,0.0001648637418962,3.55034968667924e-05,0,0.8855295,0.0
12119,0.0001329842805456,0.0001545026333184,0,0.88690674,0.0
12120,0.0004650553666731,0.000141557032821,0,0.890432,0.0
12121,0.0003807113057338,0.0002269259780819,0,0.894055,0.0
12122,0.0005098777482209,0.0001618035327837,0,0.8944767,0.0
12123,0.001424764100561,0.0001487407569375,0,0.8853286,0.0
12124,0.0024064507293697,0.0002504346613437,0,0.84397006,0.0
12125,0.0028822034074936,0.000521085824849,0,0.6968421,0.0
12126,0.0019760640287035,0.0002454366007373,0,0.37788776,0.0
12127,0.0020626456453841,0.0002448625506979,0,0.13594922,0.0
12128,0.0019173647456564,0.0004668736424019,0,0.0,0.0
12129,0.0025533133876377,0.0010037268321414,0,0.0,0.0
12130,0.002903467989792,0.0011205192649261,0,0.0,0.0
12131,0.0032692760804669,0.0016528541762538,0,0.0,0.0
12132,0.0032466798591806,0.0009076683219767,0,0.0,0.0
12133,0.0022311724515602,0.0004311721541336,0,0.0,0.0
12134,0.0011606090395672,0.0005842306030659,0,0.0,0.0
12135,0.0006816510028013,0.0004014653226802,0,0.0,0.0
12136,0.0004793934365823,0.0002856652192598,0,0.0,0.0
12137,0.0002825632556865,5.24089027543606e-05,0,0.0,0.0
12138,2.116375458809045e-05,0.0001087541414033,0,0.0,0.0
12139,0.0002101545039105,0.0003253400192304,0,0.0,0.0
12140,0.0003569136315066,0.0004340637573618,0,0.0,0.0
12141,0.0009843413227768,0.0002013232804788,0,0.0,0.0
12142,0.00093293060125,0.000119562232519,0,0.0,0.0
12143,0.0007260900450174,0.0002860251572921,0,0.0,0.0
12144,0.0004708976004218,0.0004155092820642,0,0.0,0.0
12145,0.002001931285905,0.0001431486026565,0,0.0,0.0
12146,0.0039592788195085,0.0006578962930182,0,0.0,0.0
12147,0.0032846346785856,0.0011972679430772,0,0.0,0.0
12148,0.0025633091383695,0.0009256310287081,0,0.0,0.0
12149,0.0020638134473504,0.0010027572566748,0,0.0,0.0
12150,0.0017063500083898,0.0013078908842259,0,0.0,0.0
12151,0.0021482264301257,0.0008830136970875,0,0.0,0.0
12152,0.0015403753992642,0.0004982298271832,0,0.17051794,0.0
12153,0.0019465400143952,0.0006268868837432,0,0.32595566,0.0
12154,0.0013522432191196,0.0007222047536886,0,0.45216665,0.0
12155,0.0016866209846129,0.0004212335897955,0,0.56645083,0.0
12156,0.0016515251214039,0.0002516311729791,0,0.658721,0.0
12157,0.0010548904878092,0.0001221656929757,0,0.7193886,0.0
12158,0.0016207210298169,0.0001885875599554,0,0.7571573,0.0
12159,0.0011436901010523,0.000272373850509,0,0.77696306,0.0
12160,0.0007813204270119,0.0001166074940645,0,0.7838887,0.0
12161,0.0009188249614736,0.0002306968146757,0,0.7857716,0.0
12162,0.0005841060798983,0.000280576301862,0,0.7775648,0.0
12163,0.0003370817590971,0.0002781342172435,0,0.77116406,0.0
12164,5.361923685689121e-05,0.0002461338428127,0,0.769665,0.0
12165,0.0003670097667575,7.735537404855939e-05,0,0.7618233,0.0
12166,0.0006083070396011,1.3893575068297104e-05,0,0.75499743,0.0
12167,0.000307725440542,3.361550387604521e-05,0,0.7498757,0.0
12168,0.0001697320784856,0.0001090335057367,0,0.7428686,0.0
12169,0.0002783462458935,9.543907963278338e-05,0,0.742693,0.0
12170,0.0006236147561014,0.0002676276612405,0,0.74925274,0.0
12171,0.0005483381390633,0.0002870176017873,0,0.75913924,0.0
12172,0.0005149277204844,0.0001821465118161,0,0.7634198,0.0
12173,0.000377176103357,6.582867095342615e-05,0,0.76780295,0.0
12174,0.0001254326213749,7.506088147739322e-05,0,0.7731434,0.0
12175,0.0002517698187152,1.693634166869612e-05,0,0.78277355,0.0
12176,0.0002464955187144,2.860528115988584e-05,0,0.7946267,0.0
12177,0.0002385035847229,7.475176439263646e-05,0,0.8036516,0.0
12178,9.536169630996112e-05,0.0001184358050712,0,0.8077871,0.0
12179,0.0001435248488845,9.948024643009446e-05,0,0.80952287,0.0
12180,0.0002573133707739,7.817543473318339e-05,0,0.8117707,0.0
12181,0.0001969051220772,7.888566823642137e-05,0,0.81387913,0.0
12182,0.0001352757010901,9.876759147385387e-05,0,0.82159513,0.0
12183,0.0005936200672501,0.000143372556058,0,0.83324885,0.0
12184,0.0007333231688587,0.0003973573534943,0,0.848305,0.0
12185,0.0008394439128325,0.0006148101683174,0,0.867328,0.0
12186,0.000913266441602,0.0007834699803981,0,0.8825534,0.0
12187,0.0009306505793313,0.0004985844814713,0,0.8902472,0.0
12188,0.0008904950284804,8.933049772453509e-05,0,0.8935318,0.0
12189,0.0007922623807565,0.0002779599047839,0,0.89510095,0.0
12190,0.0006356591810119,0.0002891421758898,0,0.89513004,0.0
12191,0.0004128717097627,0.0003981695360171,0,0.895432,0.0
12192,0.0002798630397992,0.000467463329504,0,0.8973791,0.0
12193,0.0011217690442067,0.0006757405950678,0,0.90053636,0.0
12194,0.0008952377258884,0.0005097772400676,0,0.90436435,0.0
12195,0.0011611661629523,0.0006279086431687,0,0.9132526,0.0
12196,0.0005817907561446,0.0005065643871725,0,0.9187212,0.0
12197,0.0003083367618773,0.0003097468788202,0,0.9263165,0.0
12198,0.0018010374671634,0.0001204719004387,0,0.9362958,0.0
12199,0.0016068103717324,4.1054554448813234e-05,0,0.94194627,0.0
12200,0.0009719755290631,9.350666322546032e-05,0,0.9452479,0.0
12201,0.0020489926681013,2.429223907666888e-05,0,0.9477629,0.0
12202,0.0017192113263523,0.0002280468420363,0,0.94786817,0.0
12203,0.0014686700670134,0.0003205945211557,0,0.9459023,0.0
12204,0.0021856045783046,0.0006981104960966,0,0.9425316,0.0
12205,0.0003127230915468,0.0006983119466618,0,0.9418557,0.0
12206,0.0014489000562263,0.0003753974270843,0,0.94150573,0.0
12207,0.0018981487759597,0.0001685545738817,0,0.9420887,0.0
12208,0.0015912256910381,0.0004808933314523,0,0.94053584,0.0
12209,0.0011099269983259,0.0003989002741694,0,0.93016016,0.0
12210,0.0018214876887052,0.0003003042313724,0,0.90721524,0.0
12211,0.0026536546022762,0.0008694859377575,0,0.8659566,0.0
12212,0.0037940100085676,0.0010931375567142,0,0.77751243,0.0
12213,0.0035050315217718,0.0008103937792994,0,0.63032943,0.0
12214,0.0008562009598466,0.0002249649255752,0,0.48799154,0.0
12215,0.000522497734631,0.0001796207547344,0,0.515347,0.0
12216,0.0026208914362094,0.0004651426105883,0,0.6969581,0.0
12217,0.0026250009644497,0.0008760538546052,0,0.85929817,0.0
12218,0.0025928359383405,0.0012827508607091,0,0.9251134,0.0
12219,0.0028684522134228,0.0007143502594622,0,0.94801545,0.0
12220,0.00099505711321,0.0006044970966349,0,0.9540106,0.0
12221,0.0008592400504937,5.7534619621275006e-05,0,0.95507073,0.0
12222,0.0011098156239006,0.0003236433513837,0,0.95366555,0.0
12223,0.0007659932236569,0.0001743520249536,0,0.9508788,0.0
12224,0.0001546370343117,0.0003642261253177,0,0.9457392,0.0
12225,0.0007310392859611,0.0007353457023446,0,0.93500113,0.0
12226,0.0020967428902945,0.0013996971888315,0,0.8972887,0.0
12227,0.0035708819699076,0.0014300480027748,0,0.702016,0.0
12228,0.0030406148901259,0.0012394106018685,0,0.29099533,0.0
12229,0.0028076414788371,0.0011362867444699,0,0.0,0.0
12230,0.0015499093582058,0.0006269543892614,0,0.0,0.0
12231,0.0009348303606849,0.0005520901961941,0,0.0,0.0
12232,0.0016578957207581,0.0006164278043959,0,0.0,0.0
12233,0.0011746504623558,0.0001941302830617,0,0.0,0.0
12234,0.0007365531468038,0.0002881764014941,0,0.0,0.0
12235,0.0008480175999854,0.000436870819558,0,0.0,0.0
12236,0.0012671597424231,0.0003044766645133,0,0.0,0.0
12237,0.0004856884078526,0.0005340047352952,0,0.0,0.0
12238,0.0003384051323372,0.0004124453389556,0,0.0,0.0
12239,0.0007366797520399,0.0001817690192945,0,0.0,0.0
12240,0.0011048396215328,0.0003951379474803,0,0.0,0.0
12241,0.0013439693917179,0.0008103708894847,0,0.0,0.0
12242,0.0014340626610157,0.0008476734695247,0,0.0,0.0
12243,0.0004565656312824,0.0003844696921469,0,0.0,0.0
12244,0.0006731098532728,0.0002221293925743,0,0.0,0.0
12245,0.0013624189791724,3.308131938164225e-05,0,0.0,0.0
12246,0.0005029799676514,0.0003029867926773,0,0.0,0.0
12247,0.0003079962355573,0.0004190619627841,0,0.0,0.0
12248,0.0017074195969712,0.0004824755250597,0,0.0,0.0
12249,0.001402165657381,0.0001307940336571,0,0.0,0.0
12250,6.405735363688093e-05,5.42352657380333e-05,0,0.0,0.0
12251,0.0009790162401248,7.64425343648328e-05,0,0.0,0.0
12252,0.0010503932183197,0.0002282793524205,0,0.0,0.0
12253,0.0006442256350184,0.0003233153727958,0,0.0,0.0
12254,0.0007044999136554,2.514992010493384e-05,0,0.0,0.0
12255,0.0008607507610974,0.0002948347905841,0,0.0,0.0
12256,0.0005915105686366,0.0002153878051292,0,0.0,0.0
12257,0.0003191702223369,3.5394022912939667e-05,0,0.0,0.0
12258,9.470469407312798e-05,3.757827641781394e-05,0,0.0,0.0
12259,0.0001029835801403,0.0001592884322861,0,0.0,0.0
12260,5.242391759819916e-05,0.0004109290028366,0,0.0,0.0
12261,0.000290356993826,0.0003716747730614,0,0.0,0.0
12262,0.0004137751804284,0.0004406163882176,0,0.0,0.0
12263,0.0004120408660565,0.0003386849775938,0,0.0,0.0
12264,0.0005675700225628,0.0001491473818881,0,0.0,0.0
12265,0.000800624557834,3.04004310941489e-05,0,0.0,0.0
12266,0.000142918958658,0.0003168817352861,0,0.0,0.0
12267,0.0014014452355936,0.0007730681423907,0,0.0,0.0
12268,0.0022211620072252,0.0010712064904597,0,0.0,0.0
12269,0.0015689971810102,0.0006369086054434,0,0.0,0.0
12270,0.0028379246695174,0.0008860986447234,0,0.0,0.0
12271,0.002305305156261,0.0004763121276971,0,0.0,0.0
12272,0.000346508243078,6.102143721685631e-05,0,0.0,0.0
12273,0.0008913789018982,6.485393875504052e-05,0,0.0,0.0
12274,0.0019708924220011,0.0001129953431022,0,0.0,0.0
12275,0.0005286879850553,7.823059865396654e-05,0,0.0,0.0
12276,0.0001367117243516,1.6663874211933302e-05,0,0.0,0.0
12277,3.4980786655219664e-05,8.444975649501317e-05,0,0.0,0.0
12278,0.0001899972172439,4.3141852144980006e-05,0,0.0,0.0
12279,0.0002637496631885,9.408849998955754e-05,0,0.0,0.0
12280,0.0003340792149345,0.0001904342362576,0,0.0,0.0
12281,0.0005587478480039,0.0001686858271826,0,0.0,0.0
12282,0.0003285925605319,5.23349516190838e-05,0,0.0,0.0
12283,0.0001088383738377,6.284135120578795e-06,0,0.0,0.0
12284,0.0001842105907089,2.4836516661783768e-05,0,0.0,0.0
12285,0.0004465865343821,0.0002355032979193,0,0.0,0.0
12286,0.0005169018871894,0.0007912529530975,0,0.0,0.0
12287,0.0006097447480318,0.0001890726262532,0,0.0,0.0
12288,0.0008638248568345,6.662171408693846e-05,0,0.0,0.0
12289,0.0017062926015963,0.0002290030035608,0,0.0,0.0
12290,0.0033943766378972,0.0005018731849093,0,0.0,0.0
12291,0.0025063479647348,0.0001709648613624,0,0.0,0.0
12292,0.0025690203708479,0.0001937486458233,0,0.0,0.0
12293,0.0006480897456874,9.570492697242545e-05,0,0.0,0.0
12294,0.0009497434182406,0.0001831126060981,0,0.0,0.0
12295,0.0014797488072044,0.0002598941879038,0,0.0,0.0
12296,0.0009704690185898,0.0003305300594162,0,0.0,0.0
12297,0.0001369279569249,0.000144447733532,0,0.0,0.0
12298,0.00064200869871,0.0002709450930892,0,0.0,0.0
12299,0.0006373034477191,0.0004600641613062,0,0.0,0.0
12300,0.0004566416965465,0.0004471416070896,0,0.0,0.0
12301,0.0003266249606459,0.0001054412857635,0,0.0,0.0
12302,0.0005345678212898,6.787381730285473e-05,0,0.0,0.0
12303,8.845039500090453e-05,6.744527060662867e-05,0,0.0,0.0
12304,0.0003300499996672,5.256613323016523e-05,0,0.0,0.0
12305,0.0006409234716238,6.293099566289039e-05,0,0.0,0.0
12306,0.0008945055527792,8.280629656989492e-05,0,0.0,0.0
12307,0.0008120742380359,4.559385239134033e-05,0,0.0,0.0
12308,0.0017823014930709,0.0001907589403444,0,0.0,0.0
12309,0.0025270766082119,0.000889511086357,0,0.101368956,0.0
12310,0.0013957532024188,0.000565587843481,0,0.18793485,0.0
12311,0.0009593089007997,0.0004403776894671,0,0.21339338,0.0
12312,0.0028014358682293,0.001167367530665,0,0.21748982,0.0
12313,0.0018182006643245,0.0005454640570494,0,0.1882561,0.0
12314,0.0004321344173505,0.0005236250891877,0,0.19374335,0.0
12315,0.0010322193335547,0.0001698672741773,0,0.21938393,0.0
12316,0.0009652419954862,0.0001544167954405,0,0.274133,0.0
12317,0.0014041683958956,0.0002771405923388,0,0.32016647,0.0
12318,0.0008289961144568,0.0001654512645783,0,0.32697493,0.0
12319,0.000694312626182,0.0001347058851941,0,0.28305957,0.0
12320,0.0027219765902646,0.0004854703619136,0,0.16573082,0.0
12321,0.0045682652784121,0.0011264866707384,0,0.0,0.0
12322,0.0034228131254281,0.0005085481227186,0,0.0,0.0
12323,0.0027743845802358,0.0008000880853301,0,0.0,0.0
12324,0.0033126615517311,0.0008217893941113,0,0.0,0.0
12325,0.0020942738110604,0.0005772877919986,0,0.0,0.0
12326,0.0008300170100801,0.0002655092766288,0,0.0,0.0
12327,0.0003204345491102,0.0002775827675658,0,0.0,0.0
12328,0.0003717163515596,0.0008077774554663,0,0.0,0.0
12329,0.0013239413611476,0.0005520304442656,0,0.0,0.0
12330,0.0008646566308144,0.0003429661530799,0,0.0,0.0
12331,0.0010638274392261,0.0001426803503581,0,0.0,0.0
12332,0.0026790392795353,9.193826375415312e-05,0,0.0,0.0
12333,0.0029477360869868,0.0002375811831007,0,0.17855817,0.0
12334,0.002400458278535,0.0003149489054736,0,0.27082723,0.0
12335,0.0012740393249865,0.0005328757233127,0,0.34419033,0.0
12336,0.0028165025904191,0.0006917803804266,0,0.41094637,0.0
12337,0.0019122612955552,0.0004589630986562,0,0.48843905,0.0
12338,0.0020802983956059,0.0004928027065888,0,0.56211066,0.0
12339,0.0024996050338178,0.0004390895178181,0,0.6227866,0.0
12340,0.0014891529340706,0.0002597289511997,0,0.6480213,0.0
12341,0.000414600321865,0.0003187434382265,0,0.64311326,0.0
12342,0.0006638999089831,0.0003393292210423,0,0.6425074,0.0
12343,0.0007935911005528,0.0002977444912356,0,0.65925956,0.0
12344,0.0017615616627033,0.000294349521047,0,0.6872225,0.0
12345,0.0009740949237748,0.0001854688996143,0,0.71409124,0.0
12346,0.0010574816492869,3.698383640905548e-05,0,0.7313647,0.0
12347,9.010501520322243e-05,0.000163764540591,0,0.742623,0.0
12348,0.0014825590998394,0.0004965119596311,0,0.74366486,0.0
12349,0.0028838501561267,0.00063135928487,0,0.72321606,0.0
12350,0.0014421984732849,0.0002786638800621,0,0.6929047,0.0
12351,0.0005998016483183,0.0001394475519217,0,0.66586995,0.0
12352,7.059853204858254e-05,0.0002086026487129,0,0.630139,0.0
12353,0.0005037616044425,0.0003210685244187,0,0.5917611,0.0
12354,0.0005998162205617,0.0006233954263108,0,0.56402147,0.0
12355,0.0010506802796447,0.0003263797877233,0,0.53669184,0.0
12356,0.0013231138599199,0.0002992489377357,0,0.51263416,0.0
12357,0.0017974340300757,0.0006250572746807,0,0.51574504,0.0
12358,0.001612101000401,0.0009851189776626,0,0.5323871,0.0
12359,0.0009826239199827,0.0005801925715871,0,0.5475016,0.0
12360,0.0001764674337136,0.000242749854775,0,0.56482255,0.0
12361,3.056505025075633e-05,0.0002876647182533,0,0.59458816,0.0
12362,0.0006570766591097,9.423026440240136e-05,0,0.6229421,0.0
12363,0.0030428601938311,0.0007148978915514,0,0.6591293,0.0
12364,0.0035378396231693,0.0010853361167794,0,0.7065023,0.0
12365,0.0013129379342219,0.000791518667379,0,0.7457223,0.0
12366,0.0014617315062851,0.0007169747571853,0,0.756573,0.0
12367,0.0017337497552827,0.0008082559035701,0,0.7641954,0.0
12368,0.0007775104383401,0.0008454320554141,0,0.77004564,0.0
12369,9.012510074426851e-05,0.0006455750838172,0,0.77514726,0.0
12370,0.0003820826289718,0.0006871589750445,0,0.8017545,0.0
12371,0.0008889513656025,0.0010652151380815,0,0.84082365,0.0
12372,0.0018999747490718,0.0013089879773301,0,0.8847872,0.0
12373,0.0023864925047778,0.0011525923682455,0,0.9207796,0.0
12374,0.003644665128112,0.0009617752663672,0,0.9403379,0.0
12375,0.0025211535494285,0.0012529165478285,0,0.9481327,0.0
12376,0.0009711206449026,0.0006688148441524,0,0.9494103,0.0
12377,0.0012828890034925,0.0004817518643511,0,0.9457447,0.0
12378,0.0016957639460877,0.0002213476580373,0,0.9354022,0.0
12379,0.002110555321801,0.0002413293782341,0,0.92046916,0.0
12380,0.0020502643311816,0.001246119748091,0,0.90061945,0.0
12381,0.0015130192247783,0.0009441354194236,0,0.88207245,0.0
12382,0.0008990154824063,0.0006539684449568,0,0.8725043,0.0
12383,0.0026334189053237,0.0018310811234885,0,0.8585004,0.0
12384,0.003620679608306,0.0032536756304233,0,0.83163935,0.0
12385,0.0039332496235077,0.0028248976988287,0,0.7763373,0.0
12386,0.0035066726973043,0.0011144057282686,0,0.61825985,0.0
12387,0.0031927585526119,0.000847732331434,0,0.3378321,0.0
12388,0.0016816054423082,0.001174802529365,0,0.12521133,0.0
12389,0.0014330346970556,0.0011537696683082,0,0.0,0.0
12390,0.0019385133437818,0.0010071859405485,0,0.0,0.0
12391,0.0007774705275266,0.0007207237884455,0,0.0,0.0
12392,0.0008600206181129,0.0006039095734299,0,0.0,0.0
12393,0.0012583325673202,0.0007912384847388,0,0.0,0.0
12394,0.000862868014396,0.0005405791381169,0,0.0,0.0
12395,0.0006840860444461,0.000410491118844,0,0.0,0.0
12396,0.0015009193376475,0.0005552828501015,0,0.0,0.0
12397,0.0027287242431567,0.0004085401310855,0,0.0,0.0
12398,0.0030034312100056,7.48483208188789e-05,0,0.0,0.0
12399,0.0026649514790806,0.0003885081501633,0,0.0,0.0
12400,0.0013155788185601,0.0003292312966471,0,0.0,0.0
12401,0.0009985124297712,7.126820362681116e-05,0,0.0,0.0
12402,0.0005688093555181,0.0001485790593643,0,0.0,0.0
12403,0.0010378663030293,9.631554553619864e-05,0,0.0,0.0
12404,0.0019028543302519,0.0002269953861591,0,0.0,0.0
12405,0.0020851268102547,0.0008251800289088,0,0.0,0.0
12406,0.0014064258807113,0.0003032998009349,0,0.0,0.0
12407,0.0005903960847722,0.0001742572222423,0,0.0,0.0
12408,0.001014520879565,0.0002003886405777,0,0.0,0.0
12409,0.0010973421996776,0.000134073229326,0,0.0,0.0
12410,0.0003395403362239,0.0001383773139315,0,0.0,0.0
12411,0.0003876034914292,0.00037316444508,0,0.0,0.0
12412,0.0011089345782547,0.0004162726575555,0,0.0,0.0
12413,0.00109622357244,0.0003102875358493,0,0.0,0.0
12414,0.0018716481142982,8.353476106840977e-05,0,0.0,0.0
12415,0.0019513896827916,0.0001322585191636,0,0.0,0.0
12416,0.0030046948448555,0.0004458188157087,0,0.0,0.0
12417,0.0031777862411902,0.0002512180199112,0,0.0,0.0
12418,0.001816542832886,0.0002368544537521,0,0.0,0.0
12419,0.0009373643546447,0.0005795258553518,0,0.0,0.0
12420,0.0005806747954334,4.90362594304965e-05,0,0.0,0.0
12421,0.0007563264647614,0.0007721302714424,0,0.0,0.0
12422,0.0012334251082822,0.0002395834186525,0,0.0,0.0
12423,0.000705813534008,0.0001789859217232,0,0.0,0.0
12424,4.438566856181822e-05,5.642159000353533e-05,0,0.0,0.0
12425,0.0004029958706134,4.686535444179451e-05,0,0.0,0.0
12426,0.0001058666111127,0.0001175162678666,0,0.0,0.0
12427,2.1241024887543885e-05,0.000130590629041,0,0.0,0.0
12428,0.0002043159385318,9.656980415524117e-05,0,0.0,0.0
12429,0.0002389781123297,1.3116808196553407e-05,0,0.0,0.0
12430,0.0003710508216835,7.733010179429655e-05,0,0.0,0.0
12431,0.0004328054570579,0.000117548262155,0,0.0,0.0
12432,0.0002211102925356,8.443341826287159e-05,0,0.0,0.0
12433,0.00015080418183,9.911596690589232e-05,0,0.0,0.0
12434,0.0001209484441102,3.88312731174688e-05,0,0.0,0.0
12435,9.046051173543872e-05,4.4534886225801794e-05,0,0.0,0.0
12436,9.150031343313466e-05,0.0001043542438183,0,0.0,0.0
12437,8.877137170878973e-05,8.741224984381122e-05,0,0.0,0.0
12438,0.0001077151493714,6.522207783642579e-05,0,0.0,0.0
12439,0.0002608146529983,4.290064670906346e-05,1,0.0,0.0
12440,0.0002726994817777,3.627852680151726e-05,1,0.0,0.0
12441,5.22182736913098e-05,0.0001038119773602,1,0.0,0.0
12442,4.897219174771389e-05,8.463857521644786e-05,1,0.0,0.0
12443,0.0001419940222358,6.518659477276531e-05,1,0.0,0.0
12444,0.0001553947969205,0.0001482685035145,1,0.0,0.0
12445,4.951500152931993e-05,3.70234444376744e-05,1,0.0,0.0
12446,1.324618820789509e-05,1.0661861170529823e-05,0,0.0,0.0
12447,8.946921146335633e-05,2.658251077980812e-05,0,0.0,0.0
12448,5.734980810170754e-05,3.030545178118728e-05,0,0.0,0.0
12449,1.5107525855931508e-05,2.834864515439547e-05,0,0.0,0.0
12450,2.5059004736313672e-05,0.0001106546492811,0,0.0,0.0
12451,0.0001204761251462,0.0001093972321881,0,0.0,0.0
12452,0.0001516448905302,3.987060496490654e-05,0,0.0,0.0
12453,0.0001168802035646,3.4191034572859344e-05,0,0.0,0.0
12454,0.0003577578490068,8.911294048811929e-05,0,0.0,0.0
12455,0.0004609109458036,0.000252769640626,0,0.0,0.0
12456,0.0001948523849349,0.0001889792151707,0,0.0,0.0
12457,8.55594582850149e-05,4.255520425965387e-05,0,0.0,0.0
12458,0.000223519420978,2.5320760554648328e-05,0,0.0,0.0
12459,0.0007332892501212,0.0001545159341992,0,0.0,0.0
12460,0.0009333005176604,0.0002740345741834,0,0.0,0.0
12461,0.0010310973474902,2.6486117657515468e-05,0,0.0,0.0
12462,0.0022205170679334,0.0004460721077298,0,0.0,0.0
12463,0.0027675039221311,0.0006427929647425,0,0.0,0.0
12464,0.0020128670253079,0.0004033351088687,0,0.0,0.0
12465,0.0016069140070353,0.0001595299906034,0,0.0,0.0
12466,0.0014863768903306,0.0001408316591828,0,0.0,0.0
12467,0.0010245102856683,0.0002102581497484,0,0.0,0.0
12468,0.0015712880696973,0.0003188619853747,0,0.0,0.0
12469,0.0026663720632146,0.0006269198165566,0,0.0,0.0
12470,0.001402092043842,0.0005014138097975,0,0.0,0.0
12471,0.0031750387957466,0.0006614600226165,0,0.0,0.0
12472,0.0063288804221133,7.005236897557882e-05,0,0.0,0.0
12473,0.0040207438517086,0.0003635068989923,0,0.0,0.0
12474,0.0006228201812751,0.0002909341644521,0,0.0,0.0
12475,0.0003112571465524,0.0009491046894969,0,0.0,0.0
12476,0.0005235349348757,0.0002276549678256,0,0.0,0.0
12477,0.0006914373188714,0.0001727252630412,0,0.0,0.0
12478,0.0008345330671611,4.501000840611102e-05,0,0.0,0.0
12479,0.0009529242097892,0.0001040897854626,0,0.0,0.0
12480,0.0010467412522985,0.0001060791722106,0,0.0,0.0
12481,0.0011161584393226,0.0006430531834957,0,0.0,0.0
12482,0.0011614110937827,0.0008738612031807,0,0.0,0.0
12483,0.0011828207725953,0.000199621691628,0,0.0,0.0
12484,0.0011808654923911,0.000301234759111,0,0.0,0.0
12485,0.0011562329879131,0.0002789962795507,0,0.0,0.0
12486,0.0011099827541163,0.0006988919472746,0,0.0,0.0
12487,0.0010438152613276,0.0001746637846332,0,0.0,0.0
12488,0.0009605615312561,2.8482917167318512e-05,0,0.0,0.0
12489,0.0008652598901379,0.000141012980663,0,0.0,0.0
12490,0.0007671628673055,0.0002127835127168,0,0.0,0.0
12491,0.0006747897575264,3.2879093355514266e-05,0,0.0,0.0
12492,0.0007134223192514,0.0003730823219387,0,0.0,0.0
12493,0.0011581629620928,0.0008761491121719,0,0.0,0.0
12494,0.0018119574281232,0.0002777600881797,0,0.0,0.0
12495,0.0022011331983038,0.0003777040966127,0,0.0,0.0
12496,0.0014865976752633,0.0006950787273319,0,0.0,0.0
12497,0.0024848989515338,0.0007739210439112,0,0.0,0.0
12498,0.0024571682232396,0.0005155177214833,0,0.0,0.0
12499,0.0007657942033796,0.0001633772641063,0,0.0,0.0
12500,0.0006704505083717,0.0001939778075871,0,0.0,0.0
12501,0.0012825492807998,0.0006242234929872,0,0.0,0.0
12502,0.0012654739393061,0.0007267299137194,0,0.0,0.0
12503,0.0009737797237327,0.0005079003795584,0,0.0,0.0
12504,0.0013308566956562,0.0006194833042414,0,0.0,0.0
12505,0.0006971183857839,0.0005447041219075,0,0.0,0.0
12506,0.0011288639992338,0.0005445631504273,0,0.0,0.0
12507,0.002217658278583,0.0008997057320032,0,0.0,0.0
12508,0.0018738107510525,0.0009707512559402,0,0.0,0.0
12509,0.0013442410903969,0.0007411649091132,0,0.0,0.0
12510,0.0010809529350471,0.0004615322856535,0,0.0,0.0
12511,0.0011973106589512,0.0006049725317845,0,0.0,0.0
12512,0.0015177765123043,0.0006534938227836,0,0.0,0.0
12513,0.0014460572503881,0.0006933015620987,0,0.0,0.0
12514,0.0020843449180135,0.0007289420227042,0,0.1769446,0.0
12515,0.0017801399248785,0.0005757935183949,0,0.3884605,0.0
12516,0.0012538984443039,0.0007942326348706,0,0.5515849,0.0
12517,0.0006304269565929,0.0003784917408975,0,0.6274659,0.0
12518,0.0009626209805853,0.000145308318023,0,0.65655816,0.0
12519,0.0009271227358828,0.0007094929005312,0,0.630341,0.0
12520,0.0013752511592362,0.0005225285717913,0,0.51318085,0.0
12521,0.0014013378093938,0.0005280670186523,0,0.38324174,0.0
12522,0.0018440654398882,0.0008818672034558,0,0.23997183,0.0
12523,0.0028551918583994,0.0010082460409351,0,0.119972154,0.0
12524,0.0041345255902257,0.0011624423746583,0,0.0,0.0
12525,0.0032407153073837,0.0010152662267655,0,0.0,0.0
12526,0.0033941149569465,0.0004545133696345,0,0.0,0.0
12527,0.0029319690171929,0.0003959601675295,0,0.0,0.0
12528,0.0012113688116272,0.0004747183906221,0,0.0,0.0
12529,0.0010971705842272,0.0002870092184512,0,0.0,0.0
12530,0.0012465856707422,0.0001748207125166,0,0.0,0.0
12531,0.0005101344798358,0.0002995530303755,0,0.0,0.0
12532,0.0006879401488274,0.000321884713636,0,0.0,0.0
12533,0.0017318639062569,0.0002421380437773,0,0.0,0.0
12534,0.0019940159799392,0.0001123757847363,0,0.0,0.0
12535,0.0011866213709727,7.961785954972711e-05,0,0.0,0.0
12536,0.0007959359908245,0.0002305347218932,0,0.0,0.0
12537,0.0013363187446813,0.0007705132042568,0,0.0,0.0
12538,0.0003324273597783,0.000593444040263,0,0.0,0.0
12539,0.0003404828526766,0.0003277262797402,0,0.0,0.0
12540,0.0006931773441166,0.0004375547274263,0,0.0,0.0
12541,0.0008901243839849,0.0003634281441034,0,0.0,0.0
12542,0.0002175701775296,0.0002726888679763,0,0.0,0.0
12543,8.236928853608432e-05,0.0001594246661862,0,0.0,0.0
12544,0.0004650731273909,0.0001193302595365,0,0.0,0.0
12545,0.0006637807505555,4.847847679472785e-05,0,0.0,0.0
12546,0.0006522334373381,0.0003439492972525,0,0.0,0.0
12547,0.0008444347726362,0.000396749605362,0,0.0,0.0
12548,0.0003863261286425,0.0003072399259238,0,0.0,0.0
12549,0.0003956335288082,0.0002959618132171,0,0.0,0.0
12550,8.758732668742395e-05,0.0001652058869018,0,0.0,0.0
12551,7.950172070579636e-05,5.61931527270914e-05,0,0.0,0.0
12552,7.534859360919806e-05,9.909631869382352e-05,0,0.0,0.0
12553,0.0002158727488458,0.0001401399639243,0,0.0,0.0
12554,0.0002021153855422,0.0001196235378804,0,0.0,0.0
12555,0.0005344233144938,6.952368032505892e-05,0,0.0,0.0
12556,0.0005994430665149,0.0002199492940075,0,0.0,0.0
12557,0.000301682762466,0.0001255980569665,0,0.0,0.0
12558,0.0002349129963611,8.840562805478898e-05,0,0.0,0.0
12559,0.0003717554071731,6.412216875675825e-05,0,0.0,0.0
12560,0.0002429323647477,0.000104568723623,0,0.0,0.0
12561,0.0001950932746529,0.0001995687471028,0,0.0,0.0
12562,0.0002071847743248,0.0001055590321932,0,0.0,0.0
12563,7.215232041508655e-05,4.543043268790072e-05,0,0.0,0.0
12564,3.5368600689631355e-05,1.347462069524103e-05,1,0.0,0.0
12565,9.233309394177724e-06,6.670136208958933e-06,1,0.0,0.0
12566,0.0001051521571081,8.418831308033216e-06,1,0.0,0.0
12567,0.0003386891049521,3.321572971458766e-05,1,0.0,0.0
12568,0.0001083899346461,3.664380265801068e-05,1,0.0,0.0
12569,5.021282738010753e-05,3.971643549582587e-05,1,0.0,0.0
12570,2.756900759272621e-05,7.201249008512331e-06,1,0.0,0.0
12571,1.3286976817370746e-05,2.058737208282766e-05,1,0.0,0.0
12572,1.3719917167783727e-05,2.000012233918109e-05,1,0.0,0.0
12573,2.5430894367670844e-05,1.6965912882003007e-05,1,0.0,0.0
12574,8.03487511680721e-05,4.5672800337382494e-05,1,0.0,0.0
12575,0.0001350295530062,1.094085484216082e-05,1,0.0,0.0
12576,2.9587332019120794e-05,2.95819608403075e-06,1,0.0,0.0
12577,9.554448333231404e-05,4.158956572779068e-05,1,0.0,0.0
12578,0.0001059449082555,0.0001611822228385,1,0.0,0.0
12579,0.0001120078168393,8.297020313477471e-05,1,0.0,0.0
12580,0.0001943967424826,5.057298849534628e-05,1,0.0,0.0
12581,0.0002469325009481,5.1801918461564176e-05,1,0.0,0.0
12582,0.0001218192386883,5.5763827480699577e-05,0,0.0,0.0
12583,9.45807831844578e-05,2.109963403598154e-05,0,0.0,0.0
12584,0.0001017072196159,6.119974848059109e-05,0,0.0,0.0
12585,6.815683729154566e-05,0.0001001166378091,0,0.0,0.0
12586,0.0001600533217288,0.0001061189692627,0,0.0,0.0
12587,0.0002686758097748,5.761785903242438e-05,0,0.0,0.0
12588,0.0003604524397242,3.004566466472157e-05,0,0.0,0.0
12589,0.0001078542507025,9.634999393548708e-05,0,0.0,0.0
12590,9.921212588447256e-05,8.049376000331717e-05,0,0.0,0.0
12591,2.561675623309756e-05,4.56501068823787e-05,0,0.0,0.0
12592,2.8692685776046324e-05,8.81528938240876e-05,0,0.0,0.0
12593,0.000101185304937,0.000113156832672,0,0.0,0.0
12594,0.0004889829381783,0.000233989182515,0,0.0,0.0
12595,0.0020835686018483,0.0001371745290334,0,0.0,0.0
12596,0.0027040574247079,0.0005310336212642,0,0.0,0.0
12597,0.0025586591035752,0.0005072905854694,0,0.0,0.0
12598,0.0035896747754355,0.0003178711894084,0,0.0,0.0
12599,0.0038576927456345,0.0008311171458616,0,0.0,0.0
12600,0.0028179908897389,0.0013814863105007,0,0.0,0.0
12601,0.002076605509817,0.0005686294542269,0,0.0,0.0
12602,0.0022178642449787,0.000464300788922,0,0.0,0.0
12603,0.0019751725189565,0.0006943131453266,0,0.0,0.0
12604,0.0013602253127149,0.000559934168935,0,0.0,0.0
12605,0.0011467377649273,0.0004767576042193,0,0.0,0.0
12606,0.0008919646119677,0.0003566391891891,0,0.0,0.0
12607,0.0011461463673518,0.0004166969896841,0,0.0,0.0
12608,0.0013623065906049,0.000561701324607,0,0.0,0.0
12609,0.0009573026198647,0.0005744439890323,0,0.0,0.0
12610,0.0007143454331759,0.0004073345962426,0,0.0,0.0
12611,0.0008774310545579,0.0005260445717973,0,0.0,0.0
12612,0.0007581771710233,0.0003484254519765,0,0.0,0.0
12613,0.000732442428959,0.0002160758074256,0,0.0,0.0
12614,0.0006502615262349,0.0002173343869722,0,0.0,0.0
12615,0.0002962102514841,0.0001832874100475,0,0.0,0.0
12616,0.0001887773941998,0.0001796067983645,0,0.0,0.0
12617,4.276503088629086e-05,8.636603950241385e-05,0,0.0,0.0
12618,3.0535076051039515e-05,2.848069261531685e-05,0,0.0,0.0
12619,0.0007396396825144,0.0002476685066747,0,0.0,0.0
12620,0.0041521959478521,0.0013097711645363,0,0.0,0.0
12621,0.0078019174181323,0.0015336592019667,0,0.0,0.0
12622,0.0058664765676925,0.000602990278868,0,0.0,0.0
12623,0.0020160542535075,6.978110175599263e-05,0,0.0,0.0
12624,0.000484726584287,0.0004204130407493,0,0.0,0.0
12625,0.0003912462160792,0.0005514753629598,0,0.0,0.0
12626,0.0014982636538632,0.0004265761157355,0,0.0,0.0
12627,0.004340137441749,0.0002059798801673,0,0.0,0.0
12628,0.004152089832703,0.000287778670616,0,0.0,0.0
12629,0.0019772608081389,0.0001966973091226,0,0.0,0.0
12630,0.0003047744076439,0.0004222983697072,0,0.0,0.0
12631,0.000139833743135,0.0003271953040868,0,0.0,0.0
12632,0.0011624223513699,0.0005485934293299,0,0.0,0.0
12633,0.003229072197349,0.0005564947599278,0,0.0,0.0
12634,0.0033536981482365,0.0016996120016891,0,0.25095195,0.0
12635,0.0032550681192177,0.0020861522673671,0,0.65172195,0.0
12636,0.0038486753064723,0.0018128039010107,0,0.8852499,0.0
12637,0.0026368817820471,0.0012482401025065,0,0.93760186,0.0
12638,0.0007182764675897,0.0001693657730432,0,0.9486365,0.0
12639,5.1072624601549066e-05,0.0003956504072182,0,0.95166665,0.0
12640,0.000151608032566,0.0002619834912069,0,0.9509656,0.0
12641,0.000759479711067,0.0005530078429678,0,0.9489031,0.0
12642,0.0011051683912017,0.0010431035009864,0,0.94426435,0.0
12643,0.0013299330512648,0.0009484221357331,0,0.938005,0.0
12644,0.0009191276251023,0.0006584521502904,0,0.9307772,0.0
12645,0.0004530863645195,0.0002664844431686,0,0.92448026,0.0
12646,0.0004802845383577,0.0003708697951355,0,0.91973627,0.0
12647,0.0002841973278171,0.0007638329410919,0,0.91357064,0.0
12648,0.0005481638431351,0.0003326618016918,0,0.9039673,0.0
12649,0.0011159600430796,0.0002200181134869,0,0.8866896,0.0
12650,0.0010341782961642,0.0003704561810554,0,0.8625636,0.0
12651,0.0010192167263108,0.0002944972712688,0,0.8343691,0.0
12652,0.0006868046151564,0.0002724820767327,0,0.80221975,0.0
12653,0.0004698003734676,0.0002596774667541,0,0.77757126,0.0
12654,0.0003051583881283,0.0002733485396938,0,0.7559186,0.0
12655,0.000271434083549,0.0002771662963437,0,0.7299413,0.0
12656,0.0003075017686862,0.0001273432086412,0,0.71374005,0.0
12657,8.830073522663198e-05,4.740837033235059e-05,0,0.695914,0.0
12658,3.615590150490041e-05,1.3763422883075717e-05,0,0.68233055,0.0
12659,9.43618265681552e-05,5.437431890586492e-05,0,0.6695957,0.0
12660,7.619489313288436e-05,3.622373877808534e-05,0,0.6617286,0.0
12661,4.428142261764142e-05,2.7930172745144207e-05,0,0.6534874,0.0
12662,0.00017337119485,1.9976915054154007e-05,0,0.6415597,0.0
12663,0.0002416794941395,0.0001121022757864,0,0.62782156,0.0
12664,0.0001526203210218,0.0001434266731372,0,0.61662924,0.0
12665,1.2986643717588266e-05,2.2114263469437756e-05,0,0.61639786,0.0
12666,7.681027691341396e-05,5.367246394384907e-05,0,0.61980975,0.0
12667,2.801175554412728e-05,3.90489482869929e-06,0,0.62171435,0.0
12668,2.895446251624113e-05,5.778548655392255e-05,1,0.6214281,0.0
12669,6.209745883327351e-06,5.396457498729324e-05,1,0.61730456,0.0
12670,5.445897339857284e-05,0.0001715374610989,1,0.61016285,0.0
12671,2.735706739595132e-05,4.1901736103987095e-05,1,0.6045192,0.0
12672,1.871410584260728e-05,5.588959796406691e-06,1,0.60238934,0.0
12673,4.954849732728155e-06,7.230260066019781e-06,1,0.5990624,0.0
12674,2.38529425451836e-05,4.499532421166178e-05,1,0.5977257,0.0
12675,2.1240160458298924e-05,8.307035473587937e-05,1,0.59733474,0.0
12676,4.3442395805635326e-05,0.0001199229595253,1,0.59635794,0.0
12677,1.1233792150545125e-05,5.4313994581582e-05,1,0.5975838,0.0
12678,7.044952638944406e-06,0.0001410072744754,1,0.5945934,0.0
12679,3.015736060644754e-05,0.0001827388581439,1,0.5923143,0.0
12680,3.3907912620936e-05,4.921451393376595e-05,1,0.59641546,0.0
12681,0.0001159251534618,2.0273419612269167e-05,1,0.60470426,0.0
12682,7.748782490175523e-05,4.67204241162067e-05,1,0.61542994,0.0
12683,1.5017718886901868e-05,2.246405625674137e-05,1,0.6243018,0.0
12684,4.976105362370529e-06,3.78217333722483e-05,1,0.62963307,0.0
12685,2.1035111953030632e-06,3.69920369751096e-05,1,0.6277562,0.0
12686,1.147723935322498e-05,0.0001305940661915,1,0.6280213,0.0
12687,2.8823739628863603e-05,6.975728121133202e-05,1,0.633516,0.0
12688,3.493482174234409e-05,5.282704568008095e-05,1,0.63780427,0.0
12689,4.184071762004656e-05,7.45713468760509e-05,1,0.64393336,0.0
12690,2.484246692158245e-05,6.044007747348131e-05,1,0.64796984,0.0
12691,2.3560703981276944e-05,3.177477117485461e-05,1,0.6491578,0.0
12692,5.577343021457017e-05,5.170518424086201e-05,1,0.65347046,0.0
12693,6.705833102186444e-05,5.6076485187699645e-05,1,0.6574211,0.0
12694,0.0001253135489939,6.808821173802544e-05,1,0.66173214,0.0
12695,4.640930488100928e-05,3.7388026220343776e-05,1,0.66780734,0.0
12696,7.327038394765266e-05,4.119400154581386e-05,1,0.6734188,0.0
12697,4.028109362679369e-05,2.8064604092718405e-05,1,0.6780285,0.0
12698,1.745638297315263e-05,1.1385308975284845e-05,1,0.6811912,0.0
12699,2.36453921080577e-05,3.657149535546604e-05,1,0.68084687,0.0
12700,3.8077720495099775e-05,7.596593732218308e-05,0,0.6793736,0.0
12701,2.4509322142280952e-05,3.468557886506611e-05,0,0.6772863,0.0
12702,2.3821260121200087e-05,3.264756851254473e-05,0,0.67792994,0.0
12703,5.640861590480575e-05,2.222412092725511e-05,0,0.6820955,0.0
12704,6.927608384832084e-05,1.2917287460345822e-05,0,0.68187076,0.0
12705,3.003965971769469e-05,4.014050897515173e-05,0,0.68875986,0.0
12706,4.70701839078412e-05,8.141602715527233e-05,0,0.70896006,0.0
12707,5.0291401450261295e-05,1.7732334773335876e-05,0,0.72284335,0.0
12708,0.0003961839502446,0.0001441321348271,0,0.7632976,0.0
12709,0.0012130602203471,0.0001699036402741,0,0.8063695,0.0
12710,0.0004899757826432,0.0003912279570049,0,0.83652395,0.0
12711,0.0003358104911232,0.0001755251797211,0,0.8514076,0.0
12712,0.0005895694950883,0.0001219712301233,0,0.86241055,0.0
12713,2.857118674256692e-05,5.666497770599203e-05,0,0.86273795,0.0
12714,0.0003416556171518,0.0003611024201113,0,0.8570301,0.0
12715,0.0007949884116248,0.0002616823499718,0,0.8496806,0.0
12716,0.0002380729072966,0.0001048700744501,0,0.84303725,0.0
12717,3.946782533259318e-05,1.4281106408086804e-05,0,0.83875656,0.0
12718,0.0001148253433068,3.415523505314988e-05,0,0.83417463,0.0
12719,0.0001102817936327,1.5181954622685863e-05,0,0.834837,0.0
12720,6.096252859329345e-05,2.3755412599754268e-05,0,0.8365821,0.0
12721,7.153301187186835e-05,3.115522238434595e-05,0,0.8365488,0.0
12722,0.0001653326463043,1.0546097316375633e-05,0,0.8388282,0.0
12723,0.0001043175181629,4.813315776106053e-05,0,0.84052986,0.0
12724,0.0005051287195853,9.27147000870993e-05,0,0.84210163,0.0
12725,0.0012861540362022,0.0001359546865822,0,0.8429001,0.0
12726,0.0018514988214398,0.0004999948966467,0,0.83333683,0.0
12727,0.0014479935478756,0.0005744004046718,0,0.8055339,0.0
12728,0.00283227201134,0.0003611089820643,0,0.75397474,0.0
12729,0.0028562974391336,0.0004295903807741,0,0.6805389,0.0
12730,0.0016239472106615,0.0004413818760716,0,0.58751935,0.0
12731,0.0008533863625996,0.0002903695900657,0,0.4498446,0.0
12732,0.0014851905000662,0.0004678036002984,0,0.31558937,0.0
12733,0.001300793092348,0.0006614023241912,0,0.22248639,0.0
12734,0.0010631220386665,0.0006805270376737,0,0.17546839,0.0
12735,0.0004190150141763,0.0003647069661395,0,0.15178253,0.0
12736,0.0001454073373715,0.0002668847714929,0,0.14358068,0.0
12737,0.0010145040597364,0.0001755091922425,0,0.15108022,0.0
12738,0.0013776890509109,0.0001408657389354,0,0.17531952,0.0
12739,0.0014156866627474,0.0003228268461583,0,0.19936004,0.0
12740,0.0019795273715492,0.0005729432639031,0,0.19326535,0.0
12741,0.0025304906456612,0.0005916806183264,0,0.14630137,0.0
12742,0.0018225448384539,0.0007723578351291,0,0.0,0.0
12743,0.0014609391722087,0.0008716200569456,0,0.0,0.0
12744,0.0017058340941568,0.0008388840191154,0,0.0,0.0
12745,0.00207782925315,0.0009406552192216,0,0.0,0.0
12746,0.0026272578546496,0.0008093230698775,0,0.0,0.0
12747,0.0018042182260895,0.0003137702912345,0,0.0,0.0
12748,0.001285075702301,6.295372518062584e-05,0,0.0,0.0
12749,0.0002689337231782,1.6649131486790164e-05,0,0.0,0.0
12750,0.0001155611713892,3.5877233354802647e-05,0,0.0,0.0
12751,0.0003451339772838,0.0001828053856583,0,0.0,0.0
12752,0.0005785515417249,0.0001754595741608,0,0.0,0.0
12753,0.0006307414292972,0.0001853073830548,0,0.0,0.0
12754,0.0003673293918148,0.0001447015400631,0,0.0,0.0
12755,0.0003072098985337,0.000172560137498,0,0.0,0.0
12756,0.0001668330340062,9.785541036004474e-05,0,0.0,0.0
12757,0.0002142144863428,5.066452047204588e-05,0,0.0,0.0
12758,0.0001924973691093,0.0001301949693885,0,0.0,0.0
12759,0.0003803433259506,0.0001205125769576,0,0.0,0.0
12760,0.0001888399393261,0.0001422561976674,0,0.0,0.0
12761,4.675968053115518e-05,5.672310816197445e-05,0,0.0,0.0
12762,6.068148086962344e-05,1.9311294084887663e-05,0,0.0,0.0
12763,2.903313614458576e-05,1.2308614616759795e-06,1,0.0,0.0
12764,8.948065760546075e-06,1.2202259862750695e-06,1,0.0,0.0
12765,4.86868987130296e-05,1.3085166233631977e-05,1,0.0,0.0
12766,0.0001563605148167,3.865482324900123e-05,1,0.0,0.0
12767,0.000152812177278,2.1641988428994477e-05,1,0.0,0.0
12768,0.0001117820753248,3.462188648016461e-05,1,0.0,0.0
12769,8.245114822061998e-05,2.619782954926544e-05,1,0.0,0.0
12770,4.237384569837552e-05,2.9912996958832557e-05,1,0.0,0.0
12771,3.13412211961867e-05,1.4397071964071329e-05,1,0.0,0.0
12772,7.797881147003187e-05,3.2265577746501296e-06,1,0.0,0.0
12773,0.0001234107210499,1.341348411455917e-05,1,0.0,0.0
12774,9.489794245563188e-05,5.813197941479914e-05,1,0.0,0.0
12775,0.0001156716430884,5.650127329395509e-05,1,0.0,0.0
12776,8.56570623395468e-05,0.0001136070701552,1,0.0,0.0
12777,0.0001457802027897,7.857463480644038e-05,1,0.0,0.0
12778,0.0001831584240994,6.802024591433438e-05,0,0.0,0.0
12779,2.745916259299632e-05,3.894419575870288e-05,0,0.0,0.0
12780,0.0001403569923598,7.914575357770077e-05,0,0.0,0.0
12781,8.887444132410801e-05,5.204085896779776e-05,0,0.0,0.0
12782,3.622418406344044e-05,4.636306372217574e-05,0,0.0,0.0
12783,4.5497908506500446e-05,1.8564375402692094e-05,0,0.0,0.0
12784,0.0002193792802534,5.709832156952705e-05,0,0.0,0.0
12785,0.0010607384157226,0.0001469004558994,0,0.0,0.0
12786,0.0008121412650632,6.308000176167488e-05,0,0.0,0.0
12787,0.0002219931906502,6.764160334901215e-05,0,0.0,0.0
12788,0.0003261413603529,8.559898703703648e-05,0,0.0,0.0
12789,0.0005090428657799,1.2803794643311564e-05,0,0.0,0.0
12790,0.0003796651056582,5.422304936600363e-05,0,0.0,0.0
12791,0.0003830306401523,0.0001317516450993,0,0.0,0.0
12792,0.0011871615018592,0.0003055995306175,0,0.0,0.0
12793,0.0030812711653008,0.0004727354552003,0,0.0,0.0
12794,0.00254737838409,0.0003005843779645,0,0.0,0.0
12795,0.0017567892738995,0.0003781769518204,0,0.0,0.0
12796,0.0013719661460051,0.0001465403465318,0,0.0,0.0
12797,0.0007256776182896,6.91209289277602e-05,0,0.0,0.0
12798,0.0003020242411816,0.0001844547341233,0,0.0,0.0
12799,0.001255641892228,0.0006456229095796,0,0.0,0.0
12800,0.0023356819779162,0.0011601959995514,0,0.0,0.0
12801,0.0002481585975138,0.000506240362896,0,0.0,0.0
12802,0.0018640299338772,0.0005934462099156,0,0.0,0.0
12803,0.0016917430397705,0.0004355414432797,0,0.0,0.0
12804,0.0008216168331313,0.0001449927752575,0,0.0,0.0
12805,0.0023472806694193,0.0009868525398413,0,0.0,0.0
12806,0.0016028949833875,0.0008134822763765,0,0.0,0.0
12807,0.0002163538036927,0.0006055578524793,0,0.0,0.0
12808,0.0009113315606597,0.0011006924778725,0,0.0,0.0
12809,0.0024384726160163,0.0018208504133413,0,0.0,0.0
12810,0.0018617017269328,0.0022891337169142,0,0.0,0.0
12811,0.0026534053399455,0.0024122905582378,0,0.0,0.0
12812,0.0035949877194172,0.0013775728673804,0,0.0,0.0
12813,0.0020566275519153,0.0003836707162437,0,0.0,0.0
12814,0.0022178940850781,0.0001201846539211,0,0.0,0.0
12815,0.0014962928794937,0.000452496140684,0,0.0,0.0
12816,0.0044133838839576,0.0004791917266344,0,0.0,0.0
12817,0.0030311326698982,0.0003494893294408,0,0.0,0.0
12818,0.0004851115806356,0.0003080439353603,0,0.0,0.0
12819,0.0001969771868048,0.00038038949829,0,0.0,0.0
12820,0.0003301440072301,0.0003522314308928,0,0.0,0.0
12821,0.0004416509118367,0.0005402738834071,0,0.0,0.0
12822,0.0005408398864763,0.0001066054984756,0,0.0,0.0
12823,0.0006277082621899,0.0001055010803986,0,0.0,0.0
12824,0.0007022574738608,0.0001792529571431,0,0.0,0.0
12825,0.0007644938415215,0.0003672519535758,0,0.0,0.0
12826,0.0008144170195599,0.0003810105713279,0,0.0,0.0
12827,0.0008520536527969,0.000414835778646,0,0.0,0.0
12828,0.0008773968211692,0.0005537074538703,0,0.0,0.0
12829,0.0008904583503458,0.000362854841511,0,0.0,0.0
12830,0.0008912618020096,0.0003185943391773,0,0.0,0.0
12831,0.0008798289910168,0.0003600016983594,0,0.0,0.0
12832,0.0008562012625958,0.000580936535893,0,0.0,0.0
12833,0.0008204126089621,0.0001174086660722,0,0.0,0.0
12834,0.0007725439933445,0.0001879304867313,0,0.0,0.0
12835,0.0007208900778125,1.1919016235838095e-05,0,0.0,0.0
12836,0.0006127720402053,0.0001525839625442,0,0.0,0.0
12837,0.0003043049261639,0.0001871365803556,0,0.0,0.0
12838,0.0004165090641595,0.0003196039659953,0,0.0,0.0
12839,0.0013814339800995,0.0004620382222026,0,0.0,0.0
12840,0.0035192678282975,0.0010744358928759,0,0.0,0.0
12841,0.0053260356928537,0.000825968032356,0,0.0,0.0
12842,0.0027971748820136,0.0010499214780387,0,0.0,0.0
12843,0.0030653408662419,0.0010900255010375,0,0.0,0.0
12844,0.0032507211671983,0.0014208095419251,0,0.0,0.0
12845,0.0046784740989185,0.0020618421802076,0,0.0,0.0
12846,0.0045597290525152,0.0027077228424863,0,0.5808308,0.0
12847,0.0054286039176758,0.0024715180323896,0,0.9117564,0.0
12848,0.0023134032094953,0.0011337336034042,0,0.954004,0.0
12849,0.0006122244299066,0.0003364315634759,0,0.96147066,0.0
12850,0.000851222171808,0.0002237201935998,0,0.9625552,0.0
12851,0.0012634538105948,0.0001626992938419,0,0.96073455,0.0
12852,0.0021187572540518,0.0005416282731695,0,0.95402193,0.0
12853,0.0024859368204227,0.0017765372196712,0,0.93841076,0.0
12854,0.0016228798674566,0.002483185260305,0,0.9165714,0.0
12855,0.0020839675816318,0.0021853779376614,0,0.88806635,0.0
12856,0.002435472997306,0.0013929293831265,0,0.85191685,0.0
12857,0.0014116722837674,0.0014619431537246,0,0.83223385,0.0
12858,0.0016038185829714,0.0018158467249395,0,0.8334525,0.0
12859,0.0009526203987074,0.0015437073993977,0,0.8263131,0.0
12860,0.0008938112208713,0.0013494268948231,0,0.8505914,0.0
12861,0.0006101419499473,0.001588546057026,0,0.8863814,0.0
12862,0.0012774020539543,0.0015035047886398,0,0.91613144,0.0
12863,0.0034498584769244,0.0015161977380845,0,0.937135,0.0
12864,0.0025737620296956,0.0006268225618433,0,0.9502703,0.0
12865,0.0004690332419629,0.0003346709030773,0,0.96059185,0.0
12866,0.0004630297121836,0.0004479970308739,0,0.96255124,0.0
12867,0.0005896585224176,0.0007509618811343,0,0.9658308,0.0
12868,0.0024500634917326,0.0007480794225982,0,0.96532345,0.0
12869,0.0028637402695485,0.0011052256983239,0,0.9641035,0.0
12870,0.0016142673523337,0.0005890484772221,0,0.95806277,0.0
12871,0.0009947346221307,0.0004169594397125,0,0.9397801,0.0
12872,0.0014734880777868,0.0006496327831986,0,0.91454333,0.0
12873,0.0023471617068725,0.0010672945483093,0,0.85421735,0.0
12874,0.0033565085059913,0.0015817228636027,0,0.8164167,0.0
12875,0.0032896963883253,0.0018328083475802,0,0.82284474,0.0
12876,0.0030315657045759,0.0025874610746799,0,0.83021814,0.0
12877,0.0044814989079605,0.0030184987243097,0,0.85904294,0.0
12878,0.0052562720064469,0.0030755163890375,0,0.87332875,0.0
12879,0.0046851048910858,0.0034033709438274,0,0.9135663,0.0
12880,0.0029749862755,0.0028688326102672,0,0.92605734,0.0
12881,0.0018388328353908,0.0024887002073258,0,0.88719815,0.0
12882,0.0015594936058836,0.0006917682218177,0,0.83697647,0.0
12883,0.001899620539475,0.0005298916776257,0,0.7310011,0.0
12884,0.0016171724517844,0.0008996076549878,0,0.59664065,0.0
12885,0.0016707315690098,0.0024804627578798,0,0.59075314,0.0
12886,0.0022324370581982,0.0019649460813807,0,0.6113121,0.0
12887,0.0036573376564282,0.0015081325561989,0,0.69169456,0.0
12888,0.0067638204461717,0.0017401737088711,0,0.64398825,0.0
12889,0.0077543020659579,0.001552127815123,0,0.5613092,0.0
12890,0.005469120851776,0.0013156282043984,0,0.4493722,0.0
12891,0.0035854925782477,0.0016350436346057,0,0.30060226,0.0
12892,0.0026186951907481,0.0015932055325863,0,0.18167895,0.0
12893,0.0035301650250719,0.0017608767680987,0,0.11490905,0.0
12894,0.0060438013065043,0.0026951042897298,0,0.0,0.0
12895,0.007690322453738,0.0040578589112235,0,0.0,0.0
12896,0.0090713845594522,0.0067958299766712,0,0.0,0.0
12897,0.0092368770863197,0.0097941369930375,0,0.0,0.0
12898,0.0094337277599627,0.0108498604140669,0,0.0,0.0
12899,0.0085171238296876,0.0109381240144372,0,0.0,0.0
12900,0.0071661485802008,0.0093972483326417,0,0.0,0.0
12901,0.0079650095451878,0.0066924198088435,0,0.0,0.0
12902,0.0081896006283897,0.0070029657851619,0,0.0,0.0
12903,0.0077329214830958,0.0097883749173101,0,0.0,0.0
12904,0.0072134741890962,0.0069623502768801,0,0.0,0.0
12905,0.0082718509949425,0.0059009757727792,0,0.0,0.0
12906,0.0057987524722631,0.0068216328803802,0,0.0,0.0
12907,0.0048966936367135,0.0061034087547735,0,0.0,0.0
12908,0.0053888451634153,0.0062542118381002,0,0.0,0.0
12909,0.0050576587774229,0.007105222992038,0,0.0,0.0
12910,0.0061866093634633,0.0068871328792837,0,0.0,0.0
12911,0.0051230175929233,0.0051277285089257,0,0.0,0.0
12912,0.0039507535546773,0.0060939247237349,0,0.0,0.0
12913,0.0056105671936286,0.0048680403956671,0,0.0,0.0
12914,0.0046151344891989,0.0042904713783596,0,0.0,0.0
12915,0.0038897829487112,0.0029628153028607,0,0.0,0.0
12916,0.0060369864613286,0.0028599892056643,0,0.0,0.0
12917,0.006731694449956,0.0032741896107911,0,0.0,0.0
12918,0.0058304281449709,0.0037057407265765,0,0.0,0.0
12919,0.0044788853635784,0.0040515782848249,0,0.0,0.0
12920,0.0048487969753611,0.0043618872252553,0,0.0,0.0
12921,0.0049925713396969,0.0038959008308121,0,0.0,0.0
12922,0.0047828565067973,0.0050997757362101,0,0.0,0.0
12923,0.0030968088284675,0.003929035030348,0,0.0,0.0
12924,0.0021859239650834,0.0027587297934557,0,0.0,0.0
12925,0.0026028183570069,0.0015845440295604,0,0.0,0.0
12926,0.0032777286068988,0.0010536089428947,0,0.0,0.0
12927,0.0019566215112387,0.0012395671309046,0,0.0,0.0
12928,0.0009876496652628,0.0010501602817195,0,0.0,0.0
12929,0.0006480818029344,0.0011097492651564,0,0.0,0.0
12930,0.001534263363612,0.0004181976762718,0,0.0,0.0
12931,0.0025729609911649,0.0001397222829864,0,0.0,0.0
12932,0.0021813666638209,0.0001790073123208,0,0.0,0.0
12933,0.0013785322444282,0.000659711924293,0,0.0,0.0
12934,0.000609791465529,0.000312515731451,0,0.0,0.0
12935,0.0004607797674706,9.698279714299872e-05,0,0.0,0.0
12936,0.000109008580077,0.0005059234303878,0,0.0,0.0
12937,4.7456420366843095e-05,4.3153842761012674e-05,0,0.0,0.0
12938,0.0002281067863052,0.000646947981391,0,0.0,0.0
12939,0.001261387847607,0.00049158997772,0,0.0,0.0
12940,0.0053928335523492,0.0010824541091123,0,0.0,0.0
12941,0.0051148434698089,0.0010297580206833,0,0.0,0.0
12942,0.0019552811800802,0.0006366519282245,0,0.0,0.0
12943,0.0010988780633708,0.0004797759228463,0,0.0,0.0
12944,0.0010974628632436,0.0002876736095541,0,0.0,0.0
12945,0.0010469791486856,6.36327069154789e-05,0,0.0,0.0
12946,0.0012853146438479,0.000226058990509,0,0.0,0.0
12947,0.00161113361736,0.0006902482161701,0,0.0,0.0
12948,0.0010085164365835,0.0003451688632297,0,0.0,0.0
12949,0.0013170410519203,0.0002635214697213,0,0.0,0.0
12950,0.0015971104431877,0.001073089994701,0,0.0,0.0
12951,0.0045417562695272,0.0020511639267445,0,0.0,0.0
12952,0.0051114167665822,0.0020542646836364,0,0.0,0.0
12953,0.0027871956661499,0.0009010118419688,0,0.0,0.0
12954,0.0031902706963076,0.0004262442154366,0,0.0,0.0
12955,0.0077237804844166,0.0004030972457752,0,0.0,0.0
12956,0.0088559362338877,0.0004493299734209,0,0.0,0.0
12957,0.0052157200093145,0.000442261959871,0,0.0,0.0
12958,0.0030308497717683,0.0002124923017654,0,0.0,0.0
12959,0.0022048704179011,0.0008411003843835,0,0.0,0.0
12960,0.0016378539435006,0.0008068420572599,0,0.0,0.0
12961,0.0019945209320023,0.0004440736109931,0,0.0,0.0
12962,0.0042111571371682,0.0008844418288861,0,0.0,0.0
12963,0.0037406697280877,0.001521026030188,0,0.0,0.0
12964,0.0034901541911492,0.0018722642147486,0,0.0,0.0
12965,0.0053552172687899,0.0030388768155053,0,0.0,0.0
12966,0.005228685217936,0.0037768936618859,0,0.0,0.0
12967,0.0048412767358767,0.0043657991356059,0,0.0,0.0
12968,0.0051738596768223,0.0038022545720295,0,0.0,0.0
12969,0.0044265220773494,0.0032785713348781,0,0.0,0.0
12970,0.0045823230340003,0.0027494229147811,0,0.0,0.0
12971,0.0035128547040974,0.003567408390419,0,0.0,0.0
12972,0.0031573597874125,0.0035796593618783,0,0.0,0.0
12973,0.0043211000338689,0.0038110706835782,0,0.0,0.0
12974,0.0045447967082729,0.0040985553214245,0,0.0,0.0
12975,0.0041383396098982,0.0047443521593929,0,0.0,0.0
12976,0.00562282673955,0.0046000750773752,0,0.0,0.0
12977,0.0062862038136361,0.0056280991396856,0,0.0,0.0
12978,0.0061821858171805,0.0065420674700361,0,0.0,0.0
12979,0.0058381927391991,0.0068964246620667,0,0.0,0.0
12980,0.0045896109497269,0.0050398319263524,0,0.0,0.0
12981,0.0040851576160429,0.0040322961156076,0,0.0,0.0
12982,0.0043296137588594,0.004178945730003,0,0.0,0.0
12983,0.0038747272455738,0.0046035712593707,0,0.0,0.0
12984,0.004838686572998,0.0064447883224458,0,0.0,0.0
12985,0.0054559530296815,0.0059930212501473,0,0.0,0.0
12986,0.0052621359131029,0.0052237693718241,0,0.0,0.0
12987,0.0082045385885114,0.0045635822660088,0,0.0,0.0
12988,0.0095777119597554,0.0048791082080766,0,0.0,0.0
12989,0.0062279091512626,0.0042012297372502,0,0.27038187,0.0
12990,0.0045903777508061,0.0022240444451845,0,0.7632163,0.0
12991,0.003017875911545,0.0010627643559987,0,0.93226874,0.0
12992,0.0022341523915966,0.0017663481106276,0,0.96255404,0.0
12993,0.0015551908860804,0.0020894824622042,0,0.972239,0.0
12994,0.0026030834144722,0.0015518792493293,0,0.9756846,0.0
12995,0.0019394196993981,0.0001656844727366,0,0.976525,0.0
12996,0.0011309820913584,0.0007147494189558,0,0.9752784,0.0
12997,0.0016976299505093,0.0003787716158141,0,0.972628,0.0
12998,0.0006244706061657,0.0001130568574418,0,0.96818936,0.0
12999,0.0016134013744941,0.0004956516118892,0,0.960205,0.0
13000,0.0024071903987373,0.0003685866433471,0,0.94047296,0.0
13001,0.0013572149497779,0.0002307765617755,0,0.919152,0.0
13002,0.0015602756429722,0.0006305702862151,0,0.9040321,0.0
13003,0.000724804093067,0.0007194498695206,0,0.8911662,0.0
13004,0.0015617702333278,0.0012915990040297,0,0.9095198,0.0
13005,0.0020374097760112,0.0010682989683998,0,0.92742425,0.0
13006,0.0013062544506912,0.0013306164831536,0,0.93190354,0.0
13007,0.0014181702206515,0.0013108912422058,0,0.92730075,0.0
13008,0.0019954523513966,0.0010371950760852,0,0.91158646,0.0
13009,0.0015607517772977,0.00079943837194,0,0.8823455,0.0
13010,0.0012489981884285,0.0006809534418029,0,0.8407231,0.0
13011,0.0010705244146394,0.0004915775769556,0,0.7981688,0.0
13012,0.0003051484581826,0.0002400430752612,0,0.77762485,0.0
13013,0.0002596263038513,0.0001893284896004,0,0.7709302,0.0
13014,0.0002830624700575,0.0002005746831862,0,0.77269596,0.0
13015,0.0008066921983971,0.0001379811150128,0,0.79412335,0.0
13016,0.0008596902897063,9.486366773782596e-05,0,0.80227077,0.0
13017,0.0005090793238764,0.0002624407192524,0,0.7718406,0.0
13018,0.0006653407583583,0.0006461031314163,0,0.6743623,0.0
13019,0.002573590952934,0.0007048297070236,0,0.41657808,0.0
13020,0.0040168708367789,0.0004767457108973,0,0.16690229,0.0
13021,0.0029577742171722,2.3888915599677777e-05,0,0.0,0.0
13022,0.0017828297714108,0.0004501843736901,0,0.0,0.0
13023,0.0019267996494168,0.0005736482208017,0,0.0,0.0
13024,0.0027703427679279,0.0014462293492137,0,0.0,0.0
13025,0.0034952706262506,0.0015351720151063,0,0.0,0.0
13026,0.0035063767354761,0.0021929146640591,0,0.0,0.0
13027,0.003360843220196,0.0034344660307839,0,0.0,0.0
13028,0.0046804585564247,0.0043193007230941,0,0.0,0.0
13029,0.0041708735859555,0.0042246486114398,0,0.0,0.0
13030,0.0044476855319591,0.0036654521238969,0,0.0,0.0
13031,0.0034343886999945,0.0030169987995552,0,0.0,0.0
13032,0.0020160436875083,0.0025735746511108,0,0.0,0.0
13033,0.0010549209576026,0.0019722206575833,0,0.0,0.0
13034,0.0008538167849672,0.0008647720428721,0,0.0,0.0
13035,0.0045118805031754,0.0010242723005926,0,0.0,0.0
13036,0.0043012193396708,0.0009049108707264,0,0.0,0.0
13037,0.0030088555690007,0.0009607041819027,0,0.0,0.0
13038,0.0039478858048205,0.0007801253553282,0,0.0,0.0
13039,0.0026744780028771,0.0010561710063979,0,0.0,0.0
13040,0.0019664258677166,0.0009537560246901,0,0.0,0.0
13041,0.0024187077473964,0.0011277181201543,0,0.0,0.0
13042,0.0032028484335823,0.0004804743126216,0,0.0,0.0
13043,0.0024314593893403,0.0010044971763535,0,0.0,0.0
13044,0.003733696218209,0.0009457161127243,0,0.0,0.0
13045,0.0043371602363963,0.0004349967274556,0,0.0,0.0
13046,0.0008162083685185,8.206889513219623e-05,0,0.0,0.0
13047,0.0007280952136938,0.0004197628215363,0,0.0,0.0
13048,0.0019574501886273,0.0007199960990898,0,0.0,0.0
13049,0.0032277605461177,0.001755655669737,0,0.0,0.0
13050,0.001528753874486,0.0010934205597218,0,0.0,0.0
13051,0.000737906037442,0.0002797232290303,0,0.0,0.0
13052,0.0006977610998456,6.479837824656487e-05,0,0.0,0.0
13053,0.0003453334175402,0.0001108300914262,0,0.0,0.0
13054,0.0003707290760794,0.000316519198851,0,0.0,0.0
13055,0.0009949142255328,0.0002968616626285,0,0.0,0.0
13056,0.0025638412956276,0.0003591808222684,0,0.0,0.0
13057,0.0028474069738155,0.0001045859124226,0,0.0,0.0
13058,0.0004331946016569,7.403056803875619e-05,0,0.0,0.0
13059,0.0009937655465872,0.0001798997164858,0,0.0,0.0
13060,0.0015203175476623,4.9210737374475605e-05,0,0.0,0.0
13061,0.0003414816012466,0.00015759957045,0,0.0,0.0
13062,6.59481584239953e-05,6.925881288488974e-05,0,0.0,0.0
13063,0.0003395232079873,1.6738118663621706e-05,0,0.0,0.0
13064,0.0004808295115194,5.7628997918283e-05,0,0.0,0.0
13065,0.0009182244641621,4.2542470174148814e-05,0,0.0,0.0
13066,0.0015681461411295,4.975529728182506e-05,0,0.0,0.0
13067,0.0019323468495263,0.0002493159459767,0,0.0,0.0
13068,0.0020104010239985,0.0001095810438497,0,0.0,0.0
13069,0.000232741713793,3.052159277328713e-05,0,0.0,0.0
13070,0.0007874826476343,6.545336312132641e-05,0,0.0,0.0
13071,0.0003762522270008,6.499490277350222e-05,0,0.0,0.0
13072,0.000627692742395,0.0001468351868926,0,0.0,0.0
13073,0.0004904063422811,0.0001262225145458,0,0.0,0.0
13074,0.0004038974855097,4.457962390342844e-05,0,0.0,0.0
13075,0.0005594693511841,5.383806972903594e-05,0,0.0,0.0
13076,0.0003042297546908,0.00019560130758,0,0.0,0.0
13077,9.92182297579946e-05,0.0001399320045468,0,0.0,0.0
13078,4.971487559950109e-05,3.798802145835056e-05,0,0.0,0.0
13079,0.0001383206847603,1.5229406394252835e-05,0,0.0,0.0
13080,0.0006320877514751,9.764895212914552e-05,0,0.0,0.0
13081,0.0007031566152002,0.0001258203927007,0,0.0,0.0
13082,0.0007342899120896,7.805955872597008e-05,0,0.0,0.0
13083,0.0001584368103499,5.17119786148831e-05,0,0.0,0.0
13084,4.583546616951999e-05,2.4578291315728655e-05,0,0.0,0.0
13085,0.0002571928059493,3.766426629610382e-05,0,0.0,0.0
13086,0.0007713664580792,7.69583624543397e-05,0,0.0,0.0
13087,0.0013331808024802,0.000206391611021,0,0.0,0.0
13088,0.0018339481986184,0.0006172882299995,0,0.0,0.0
13089,0.0003766772215359,0.0003994935224128,0,0.0,0.0
13090,0.0002943798130216,0.0002409834411764,0,0.0,0.0
13091,0.0005285003250159,0.0003740574815664,0,0.0,0.0
13092,0.0003096701827067,0.0002317257718237,0,0.0,0.0
13093,0.0011537465075023,0.0003366090000111,0,0.0,0.0
13094,0.0024778615381414,0.0002215690868284,0,0.0,0.0
13095,0.0014431417450945,0.0002005478482092,0,0.0,0.0
13096,0.0005301019843112,0.0002775697978136,0,0.0,0.0
13097,0.0011322789356517,0.0004180541971336,0,0.0,0.0
13098,0.0028876682531103,0.0005370694033392,0,0.0,0.0
13099,0.0038834090074343,0.000771350861167,0,0.0,0.0
13100,0.0036953892676006,0.0012476832489552,0,0.0,0.0
13101,0.0031487171447982,0.0009375420808235,0,0.0,0.0
13102,0.0019733851934608,0.000686578308811,0,0.0,0.0
13103,0.0008507382948988,0.0002646978298236,0,0.0,0.0
13104,0.0010551101938302,4.5825155854946186e-05,0,0.0,0.0
13105,0.0002843383782623,6.99066548991622e-05,0,0.0,0.0
13106,8.701724418540914e-05,0.0001061349869022,0,0.0,0.0
13107,0.0003734625837461,0.0002757063468948,0,0.0,0.0
13108,0.0005235240394969,0.0006303340103784,0,0.0,0.0
13109,6.883942768744005e-05,0.0011078193276116,0,0.0,0.0
13110,0.0004214225859038,0.0005897938496113,0,0.0,0.0
13111,0.0001864896768628,0.000325197969073,0,0.0,0.0
13112,0.0001505608795297,0.0001191840309239,0,0.0,0.0
13113,0.0005040245278549,0.000124148614917,0,0.0,0.0
13114,0.0001843182406704,0.0001012095047648,0,0.0,0.0
13115,6.443220175812261e-05,3.5427545590677954e-05,0,0.0,0.0
13116,8.50087334568162e-05,1.2729817658849248e-05,0,0.0,0.0
13117,6.327729385018248e-05,1.6519955709963424e-05,0,0.0,0.0
13118,9.060200755785529e-05,1.248683627768186e-05,0,0.0,0.0
13119,9.920275880977648e-05,4.0927683117352496e-05,0,0.0,0.0
13120,6.67621887078687e-05,4.193865407262144e-05,0,0.0,0.0
13121,0.0002348598480208,2.5141365981421305e-05,0,0.0,0.0
13122,0.0015773050299003,0.0003948356518644,0,0.0,0.0
13123,0.0069339378362955,0.0017612183209973,0,0.0,0.0
13124,0.0073083993489631,0.0019381320103992,0,0.0,0.0
13125,0.0057849390343984,0.0010767853956074,0,0.0,0.0
13126,0.0034523895569918,0.0007501747570134,0,0.0,0.0
13127,0.0027453639615545,0.0005219307412957,0,0.0,0.0
13128,0.0047862322701533,9.572188744078668e-05,0,0.0,0.0
13129,0.0045064286870724,6.829016313125256e-05,0,0.0,0.0
13130,0.0036772547596537,0.0002738702956196,0,0.0,0.0
13131,0.0027885358302227,5.6843437783995664e-05,0,0.0,0.0
13132,0.0048193931088108,0.0001736447854968,0,0.0,0.0
13133,0.0050846593700158,0.0004496217278527,0,0.0,0.0
13134,0.0071171206436977,0.0004671601109019,0,0.0,0.0
13135,0.0091159696803458,0.0001715957279625,0,0.0,0.0
13136,0.005718558695974,0.0009483965941378,0,0.0,0.0
13137,0.0039291854942237,0.0016390987453774,0,0.0,0.0
13138,0.0030028333875832,0.0022523504447319,0,0.2768534,0.0
13139,0.0018736894022628,0.0009122494584331,0,0.58695525,0.0
13140,0.0022542423720156,0.0004590299130993,0,0.7579058,0.0
13141,0.0020307842729596,0.0001759030477809,0,0.84258497,0.0
13142,0.0015127792461119,6.743677357012508e-05,0,0.87651855,0.0
13143,0.0015323517744391,0.0004795460858972,0,0.8966172,0.0
13144,0.0011963827575306,0.0007773938716302,0,0.90620047,0.0
13145,0.0015014389053096,0.0007570502199783,0,0.9126193,0.0
13146,0.0021950317281483,0.0008807059175691,0,0.92118335,0.0
13147,0.0019948629179608,0.0010115782724015,0,0.9268308,0.0
13148,0.001750686383385,0.0007607970030213,0,0.9325372,0.0
13149,0.0022415712229335,0.0007598560899608,0,0.93806905,0.0
13150,0.0016467426991988,6.915206556353952e-06,0,0.9398321,0.0
13151,0.0021466795408092,0.0006829259351952,0,0.9396737,0.0
13152,0.0014189722162574,0.0003731466360622,0,0.9392876,0.0
13153,0.0008483227762712,8.400040167372465e-05,0,0.9373779,0.0
13154,0.001312390731371,7.041792113421738e-05,0,0.93478346,0.0
13155,0.0016274593472867,0.0002130385809833,0,0.9330677,0.0
13156,0.001381945603806,0.0002596257325127,0,0.9316666,0.0
13157,0.0017184349583122,0.0005465296961989,0,0.9304453,0.0
13158,0.0009183824675599,0.0006348353715759,0,0.9319331,0.0
13159,0.0014523343977182,0.0005523996756423,0,0.9368762,0.0
13160,0.0015168546053872,0.000760649492293,0,0.94388455,0.0
13161,0.0012217967120532,0.0005452233067573,0,0.9499216,0.0
13162,0.0008327948604787,0.0008089461937236,0,0.9542782,0.0
13163,0.0010268639352259,0.0002131747596843,0,0.9569891,0.0
13164,0.0014356252000944,0.0001618213864613,0,0.9585123,0.0
13165,0.0006257409567867,9.464546717461802e-06,0,0.9594418,0.0
13166,0.0008121299776495,0.0001490122013101,0,0.9599066,0.0
13167,0.0021162609518067,0.0002546968314496,0,0.9594543,0.0
13168,0.0027809342028364,0.0006580534638973,0,0.95812154,0.0
13169,0.0021840650526885,0.0005439853112886,0,0.9559964,0.0
13170,0.0005046395929586,0.0001184805020794,0,0.95286566,0.0
13171,0.0004587104992831,3.847882945479165e-05,0,0.95032305,0.0
13172,0.0013326905407948,0.0001217568689262,0,0.946212,0.0
13173,0.0013045893167254,8.024175808843558e-05,0,0.9406799,0.0
13174,0.0010470339862248,0.0001831737376278,0,0.93407756,0.0
13175,0.0008472573311252,0.0003247170792712,0,0.92789316,0.0
13176,0.0004684567898262,0.0003677094396924,0,0.9237368,0.0
13177,0.0001506684970329,0.0003366153985199,0,0.91574407,0.0
13178,0.0004256195434262,0.0002307361938133,0,0.9043897,0.0
13179,0.0011906364353662,8.41746602240881e-05,0,0.8851501,0.0
13180,0.0043282691408179,0.0004718328029356,0,0.7961201,0.0
13181,0.0058249819944669,0.0009859886943983,0,0.5150637,0.0
13182,0.0041514299358693,0.0014319658811611,0,0.16137066,0.0
13183,0.0047947686681168,0.0008328659369168,0,0.0,0.0
13184,0.0040611121090277,0.0007312630576156,0,0.0,0.0
13185,0.0039725457657838,0.0003655556422279,0,0.0,0.0
13186,0.003538440830098,0.0009837579148142,0,0.0,0.0
13187,0.0027460323400111,0.0018068372979721,0,0.0,0.0
13188,0.0021267315571609,0.0016016637867692,0,0.0,0.0
13189,0.0026578593115712,0.0013447967369935,0,0.0,0.0
13190,0.002536606399498,0.0014660690865236,0,0.0,0.0
13191,0.0031165430686575,0.0021575349717203,0,0.0,0.0
13192,0.0050891027165802,0.0032158870683025,0,0.0,0.0
13193,0.005891445788097,0.0046261484773025,0,0.0,0.0
13194,0.0057373378206138,0.0054277061720365,0,0.0,0.0
13195,0.0058271084239845,0.0043468219299949,0,0.0,0.0
13196,0.0050213199652213,0.0050128073215217,0,0.0,0.0
13197,0.0039132480244918,0.0029104066412795,0,0.0,0.0
13198,0.0044422641353227,0.003368882679857,0,0.0,0.0
13199,0.0032347684946497,0.0036867927736965,0,0.0,0.0
13200,0.0033869844992474,0.0038418914840878,0,0.0,0.0
13201,0.0052383847902471,0.003441287354373,0,0.0,0.0
13202,0.0025454884254824,0.002389510257397,0,0.0,0.0
13203,0.0015389731384665,0.0008960045339329,0,0.0,0.0
13204,0.0006378684235018,0.0008202061220827,0,0.0,0.0
13205,0.0002185327293458,0.0013772957054106,0,0.0,0.0
13206,0.0005571468200812,0.0010191156837695,0,0.0,0.0
13207,0.0004239704248671,0.0007620194094503,0,0.0,0.0
13208,0.000299148420563,0.0003516404874511,0,0.0,0.0
13209,7.827852920007601e-05,9.094504738435952e-05,0,0.0,0.0
13210,7.786708163464443e-05,0.0003144276113095,0,0.0,0.0
13211,4.324493100568736e-05,0.0002146497017618,0,0.0,0.0
13212,0.0001138009972228,2.1491001019741367e-05,0,0.0,0.0
13213,7.242151563499744e-05,0.0001187745183402,0,0.0,0.0
13214,9.60949276242534e-05,0.0001921676137192,0,0.0,0.0
13215,4.471789254195132e-05,8.894784570815589e-05,0,0.0,0.0
13216,4.462553863172124e-05,0.0001230354164415,0,0.0,0.0
13217,3.1328903676709007e-05,6.458975317647262e-05,0,0.0,0.0
13218,0.0002384136538889,0.000100835239298,0,0.0,0.0
13219,0.0007529310367957,0.0003433553040331,0,0.0,0.0
13220,0.000435895820049,0.0006600994432748,0,0.0,0.0
13221,0.0002089862342609,0.0006432311848842,0,0.0,0.0
13222,0.0004051983427192,0.0007241754932945,0,0.0,0.0
13223,0.0014086380680222,0.0006841763921646,0,0.0,0.0
13224,0.0001521350391441,0.001290058154691,0,0.0,0.0
13225,0.0012764236791556,0.0006621323103272,0,0.0,0.0
13226,0.0026940483703945,0.000367351590252,0,0.0,0.0
13227,0.0041579146512568,0.0026032046202679,0,0.0,0.0
13228,0.0070511884190743,0.0041096210932795,0,0.0,0.0
13229,0.0049703203989704,0.0041461360247196,0,0.0,0.0
13230,0.0044389819378659,0.0036051774866003,0,0.0,0.0
13231,0.0052844719441447,0.0044491271559525,0,0.0,0.0
13232,0.0048205109556015,0.004629642466703,0,0.0,0.0
13233,0.0043020883401345,0.0040952908085397,0,0.0,0.0
13234,0.0035319481175537,0.0033489583833201,0,0.0,0.0
13235,0.0039049938344193,0.0024400811722901,0,0.0,0.0
13236,0.004779313987823,0.0027237426788039,0,0.0,0.0
13237,0.0051287662340721,0.0033586555627485,0,0.0,0.0
13238,0.0018562117328869,0.0017744225162195,0,0.0,0.0
13239,0.0002873930031222,0.0010716110072202,0,0.0,0.0
13240,0.0001425652095793,0.0009869130533723,0,0.0,0.0
13241,0.0002157480353754,0.0014972270020481,0,0.0,0.0
13242,0.0004052547161624,0.0018716675565284,0,0.0,0.0
13243,0.0010915749826481,0.0013022259623969,0,0.0,0.0
13244,0.0015062314232986,0.0014094343801466,0,0.0,0.0
13245,0.0009926692575583,0.0012537988233301,0,0.0,0.0
13246,0.0011971627556596,0.0004419945280769,0,0.0,0.0
13247,0.0010040355897293,0.0006464466677245,0,0.0,0.0
13248,0.0013571053735753,0.0006440756831168,0,0.0,0.0
13249,0.0006791845392108,0.0005269950719724,0,0.0,0.0
13250,0.0009659166504099,0.0002280008017549,0,0.0,0.0
13251,0.0043719325097769,0.0003393685657012,0,0.0,0.0
13252,0.0052311979597121,0.0013430217816527,0,0.0,0.0
13253,0.0041394427520881,0.0016592099255996,0,0.0,0.0
13254,0.0039654810175269,0.0003572687725231,0,0.0,0.0
13255,0.0032584537371495,0.000675105073993,0,0.0,0.0
13256,0.0040447231040295,0.0008179936316444,0,0.0,0.0
13257,0.0041140789010693,0.001740583664196,0,0.0,0.0
13258,0.0057788070614451,0.0032819042452868,0,0.0,0.0
13259,0.0055430054189326,0.0043252862658561,0,0.0,0.0
13260,0.0056923245024193,0.0046562772930509,0,0.0,0.0
13261,0.0042158863642371,0.0040608619538177,0,0.0,0.11108613
13262,0.0038022269810163,0.0044967069369178,0,0.0,0.19753386
13263,0.0038021558668661,0.004165926745018,0,0.0,0.30260175
13264,0.0026214720493406,0.0038406594272701,0,0.0,0.44265744
13265,0.0040415181133494,0.0032726237253919,0,0.0,0.5677494
13266,0.003132610129703,0.003348885963465,0,0.0,0.6599325
13267,0.0030016875382439,0.002512304066467,0,0.0,0.7033833
13268,0.0020386727790176,0.0024545059830044,0,0.0,0.72014225
13269,0.0025209669026326,0.0019751511215433,0,0.0,0.70446134
13270,0.0016295309856136,0.0014106189307559,0,0.0,0.6947569
13271,0.0011065100499605,0.0009866111410408,0,0.0,0.6958701
13272,0.0011823624311857,0.0008735826265449,0,0.0,0.69004995
13273,0.0005426348697317,0.000803055953802,0,0.0,0.7099268
13274,0.0006829153201681,0.0014020315183593,0,0.0,0.74018496
13275,0.0009062039463191,0.0020967187611658,0,0.0,0.73357743
13276,0.0006393205538651,0.0018584549189879,0,0.0,0.7453352
13277,0.0003635724580684,0.0018542638329575,0,0.0,0.7462563
13278,0.0003639530059821,0.0011738700641874,0,0.0,0.72599584
13279,0.0014364482143914,0.0004922565236834,0,0.0,0.7152199
13280,0.0036530972332977,0.0013121321067516,0,0.0,0.65022236
13281,0.0037582277020014,0.0023666768063231,0,0.0,0.51589954
13282,0.0065888319721086,0.0033339690995447,0,0.0,0.22377549
13283,0.0073931005399192,0.0042956474000096,0,0.0,0.0
13284,0.0064575461771416,0.0043692996664783,0,0.0,0.0
13285,0.0048418092181072,0.0075916688450826,0,0.0,0.0
13286,0.0050036802606965,0.0077050245902699,0,0.0,0.0
13287,0.0046582779724628,0.0057795843917229,0,0.0,0.0
13288,0.0038826093654744,0.00632973233673,0,0.0,0.0
13289,0.0040889907537233,0.0070916959681707,0,0.0,0.0
13290,0.0047029876711838,0.0075181444730787,0,0.0,0.0
13291,0.005259039313071,0.0074759422223162,0,0.0,0.0
13292,0.0046238213831789,0.0051650714939962,0,0.0,0.0
13293,0.0063300488159615,0.0037961597701921,0,0.0,0.0
13294,0.0023161984943455,0.0031330580697619,0,0.0,0.0
13295,0.0007725921788737,0.0022335306111604,0,0.0,0.0
13296,0.0006534826656116,0.0011043905405422,0,0.0,0.0
13297,0.0016277712939139,0.0005791501753302,0,0.0,0.0
13298,0.0051149080391397,0.0003955784041673,0,0.0,0.0
13299,0.0022980163084316,0.0004176011060768,0,0.0,0.0
13300,0.0020678710893826,0.0003369914317823,0,0.0,0.0
13301,0.0052201979828574,0.0006787379365908,0,0.0,0.0
13302,0.0041588424067403,0.001903759729569,0,0.0,0.0
13303,0.0053753414023155,0.0024664560164184,0,0.0,0.0
13304,0.0041921178956303,0.0026258580875983,0,0.0,0.0
13305,0.0053017698506374,0.0021611652278032,0,0.0,0.0
13306,0.0042070790381927,0.0019597363052802,0,0.0,0.0
13307,0.002475148323063,0.0024842192778548,0,0.0,0.0
13308,0.0035409906358992,0.0025557029892948,0,0.0,0.0
13309,0.0029973056345215,0.0016373550000021,0,0.0,0.0
13310,0.0004737551567862,0.0015741626347905,0,0.0,0.0
13311,0.001181152476799,0.0011619841393051,0,0.0,0.0
13312,0.0024482990465129,0.0006998093140821,0,0.0,0.0
13313,0.0006314990810254,0.0005551476025002,0,0.0,0.0
13314,0.0007852747232817,0.0002751198768183,0,0.0,0.0
13315,0.0011555250995533,0.0003282106269215,0,0.0,0.0
13316,0.0014601818690206,0.0003480231066508,0,0.0,0.0
13317,0.0015094935291395,0.0005141223625458,0,0.0,0.0
13318,0.0014434775486914,0.0004797263631482,0,0.0,0.0
13319,0.0025093397564411,0.0003321157828725,0,0.0,0.0
13320,0.0017151085900877,0.0001934020205838,0,0.0,0.0
13321,0.0003049259899217,0.0001453601906992,0,0.0,0.0
13322,0.0003706949784534,0.0001648365817494,0,0.0,0.0
13323,0.0002918654445157,0.0002479126241582,0,0.0,0.0
13324,0.0002648691592753,0.0001767559033428,0,0.0,0.0
13325,0.0002192051617832,3.52216218010756e-05,0,0.0,0.0
13326,0.0001272559723263,1.282240614608712e-06,0,0.0,0.0
13327,9.037428208329464e-05,7.682272736119102e-06,0,0.0,0.0
13328,0.0003268818782953,4.499457325112213e-05,0,0.0,0.0
13329,0.0009431925452844,8.33634653992271e-05,0,0.0,0.0
13330,0.003198699435771,3.76433410061476e-05,0,0.0,0.0
13331,0.0060911606275256,9.124293878184784e-05,0,0.0,0.0
13332,0.0055990140247204,0.0005221016697074,0,0.0,0.0
13333,0.0031239559335843,0.0017663293591387,0,0.0,0.0
13334,0.0021951329352298,0.0032426323470067,0,0.0,0.0
13335,0.0026848224359913,0.0039538381307989,0,0.0,0.0
13336,0.0052660539757086,0.0045953159334628,0,0.0,0.0
13337,0.0054820935644636,0.0048857376075371,0,0.0,0.0
13338,0.0062711621055356,0.0055552993070066,0,0.0,0.0
13339,0.0079933823277556,0.0048808674523991,0,0.0,0.0
13340,0.0068012353713718,0.0042905626055517,0,0.0,0.0
13341,0.0046307788028381,0.0033077469534675,0,0.0,0.0
13342,0.0026088777929818,0.0039981233020351,0,0.0,0.0
13343,0.0018627488937454,0.0029736944752253,0,0.0,0.0
13344,0.002271804520014,0.0010740422958001,0,0.0,0.0
13345,0.0040416721213602,0.0012050317992669,0,0.0,0.0
13346,0.0034465926166951,0.0025456726960296,0,0.0,0.0
13347,0.0037166550807661,0.0028507030155812,0,0.0,0.0
13348,0.0038899942423456,0.0038515389835487,0,0.0,0.0
13349,0.0049264444978871,0.004469446954428,0,0.0,0.0
13350,0.0037187670000566,0.0038726969485323,0,0.0,0.0
13351,0.0035395848044681,0.0023291330597882,0,0.0,0.0
13352,0.0052742257071325,0.0028219033007903,0,0.0,0.0
13353,0.0038458734262171,0.0025303534378941,0,0.0,0.0
13354,0.0035509605144953,0.0021168579575061,0,0.0,0.0
13355,0.0029739848415561,0.0020645083513424,0,0.0,0.0
13356,0.0018982433715096,0.0018792946804302,0,0.0,0.0
13357,0.0008556405989238,0.0007638299621796,0,0.0,0.0
13358,0.000417663896035,0.0009370063000368,0,0.0,0.0
13359,0.0018438900603132,0.0006984715447567,0,0.0,0.0
13360,0.0030407365113725,0.0004168604222677,0,0.0,0.0
13361,0.0023491632782778,0.000290848148612,0,0.0,0.0
13362,0.0012362442766203,0.000665978770608,0,0.0,0.0
13363,0.0040637464179231,0.0006365469875242,0,0.0,0.0
13364,0.0025383116869013,0.0007872298124988,0,0.0,0.0
13365,0.0014511861384151,0.0008973166415167,0,0.0,0.0
13366,0.0010471707134518,0.0008339947266231,0,0.0,0.0
13367,0.0006752414862768,0.0004274402002174,0,0.0,0.0
13368,0.0039135150975581,0.0003513231354412,0,0.0,0.0
13369,0.0054073797619862,0.0012543187235193,0,0.0,0.0
13370,0.0042595883041464,0.0024117628408423,0,0.0,0.0
13371,0.0045203822360044,0.0036039539842634,0,0.0,0.0
13372,0.0032321858265024,0.0028524555935663,0,0.0,0.0
13373,0.0029878699723336,0.0017023030543708,0,0.0,0.0
13374,0.0016523699941348,0.0008870257810806,0,0.0,0.0
13375,0.0013862879348188,0.0017786349089621,0,0.0,0.0
13376,0.0028443499340048,0.0031366711780378,0,0.0,0.0
13377,0.002169926181413,0.0027165475564615,0,0.0,0.0
13378,0.0020065692904374,0.0017653739555891,0,0.0,0.0
13379,0.0046343660123899,0.001503340433593,0,0.0,0.0
13380,0.0028823370364422,0.0016319887214718,0,0.0,0.0
13381,0.00225580027911,0.0008239194211904,0,0.0,0.0
13382,0.0030840138795926,0.0004195574218889,0,0.0,0.0
13383,0.002935674358998,0.000548733187485,0,0.0,0.0
13384,0.0033028025687775,0.0020326314846214,0,0.0,0.0
13385,0.0037691455996884,0.0020636389584554,0,0.0,0.0
13386,0.0029544623191189,0.0020817826984301,0,0.0,0.0
13387,0.0048066447295292,0.0025527168014027,0,0.0,0.0
13388,0.0039585289713678,0.004214790491411,0,0.0,0.0
13389,0.0046953880155276,0.0049991895201337,0,0.0,0.0
13390,0.0048851835038318,0.0039964781109394,0,0.0,0.0
13391,0.0041802475601032,0.0038957246232488,0,0.0,0.0
13392,0.0045362495465274,0.0047623040807353,0,0.0,0.0
13393,0.0049868003915135,0.0057020755411983,0,0.0,0.0
13394,0.0053505859670282,0.0063070953069189,0,0.0,0.0
13395,0.0059830130072464,0.0059336483557895,0,0.0,0.0
13396,0.005841209252846,0.005206038873849,0,0.0,0.0
13397,0.0056315085177024,0.0048890047426195,0,0.0,0.0
13398,0.0055783657144152,0.0052581222127998,0,0.0,0.0
13399,0.0041178132197047,0.005703876445883,0,0.0,0.0
13400,0.0007567388535492,0.0032724872338343,0,0.0,0.0
13401,0.0006549415709727,0.0016551201706578,0,0.0,0.0
13402,0.0027195839244873,9.4519109684509e-05,0,0.0,0.0
13403,0.0046896067480942,0.001420931827172,0,0.0,0.0
13404,0.0033506325972251,0.0018586216840588,0,0.0,0.0
13405,0.003183488545236,0.0018741016795711,0,0.0,0.0
13406,0.0018157779576331,0.001332922860302,0,0.0,0.0
13407,0.0006577552242425,0.0013047763549415,0,0.0,0.0
13408,0.0012492104468924,0.0011569047543734,0,0.0,0.0
13409,0.0016276454065145,0.0009343705036344,0,0.0,0.0
13410,0.0005635992450537,0.000452943804499,0,0.0,0.0
13411,0.0002822568375506,0.0004142079150053,0,0.0,0.0
13412,0.0011360498252829,0.0001808140080473,0,0.0,0.0
13413,0.0006169885975697,0.0003032713926993,0,0.0,0.0
13414,0.0015492296337586,0.0002676987521642,0,0.0,0.0
13415,0.0019567268573303,0.0010085756349436,0,0.0,0.0
13416,0.0024321888471099,0.0010963680146655,0,0.0,0.0
13417,0.0044185657745792,0.0019364060015743,0,0.0,0.0
13418,0.0041828652808701,0.0029313478387037,0,0.0,0.0
13419,0.0054175464616005,0.0038505632947893,0,0.0,0.0
13420,0.0048086375326655,0.0039433058776209,0,0.0,0.0
13421,0.0040356675031424,0.0041613857188962,0,0.0,0.0
13422,0.0043323125241403,0.0037814845938565,0,0.0,0.0
13423,0.0036840190810088,0.0039333744612846,0,0.0,0.0
13424,0.00362384950727,0.0038851797822191,0,0.0,0.0
13425,0.0042976225378566,0.0026259626690838,0,0.0,0.0
13426,0.0028726987402828,0.001982555200098,0,0.0,0.0
13427,0.0027723991862915,0.0020835324862452,0,0.0,0.0
13428,0.002442020372805,0.0020166777280708,0,0.0,0.0
13429,0.0002684939791539,0.0013374441539692,0,0.0,0.0
13430,0.001939817612339,0.000932419708408,0,0.0,0.0
13431,0.0023074692730313,0.0010481927911452,0,0.0,0.0
13432,0.0015851683359919,0.0013528318217111,0,0.0,0.0
13433,0.0013216951533287,0.0008074461094841,0,0.0,0.0
13434,0.0021054849957252,0.0006473101266959,0,0.0,0.0
13435,0.0038245968426208,0.0029776694366739,0,0.0,0.0
13436,0.0032255064688991,0.0023948624869415,0,0.0,0.0
13437,0.0017727432851357,0.0010694980792273,0,0.0,0.0
13438,0.0006568707465029,0.0002010481347311,0,0.0,0.0
13439,0.0006279892102786,0.0001540142255842,0,0.0,0.0
13440,0.0020075349463758,0.0005683019174948,0,0.0,0.0
13441,0.003742298202065,0.0008534597419289,0,0.0,0.0
13442,0.0007862671300279,0.0003884673066802,0,0.0,0.0
13443,0.0013996009526932,0.000185095080687,0,0.0,0.0
13444,0.0010878917452688,0.0002088710137429,0,0.0,0.0
13445,0.0005363474405582,0.0005216920884819,0,0.0,0.0
13446,0.0004042307069333,0.0004312368366407,0,0.0,0.0
13447,0.0015855801923615,0.000281637827427,0,0.0,0.0
13448,0.0007981001834375,0.000523419848996,0,0.0,0.0
13449,0.0001412760679613,0.0004055031369717,0,0.0,0.0
13450,5.181228063504384e-05,0.0001850276349311,0,0.0,0.0
13451,4.329388038485752e-05,0.0001451974017135,0,0.0,0.0
13452,0.0001618519563317,0.0001441519142792,0,0.0,0.0
13453,0.0001937669642096,0.0001228623175578,0,0.0,0.0
13454,0.0003310294194602,4.543023728509519e-05,0,0.0,0.0
13455,0.0012053072699361,0.0001005605848151,0,0.0,0.0
13456,0.0013165487908873,0.0002070255987041,0,0.0,0.0
13457,0.0006651940173604,0.0003220587354295,0,0.0,0.0
13458,0.0001200360072746,0.0002764689054046,0,0.0,0.0
13459,0.0004816597013346,0.000352446924526,0,0.0,0.0
13460,0.0019317169986106,0.0004739731064167,0,0.0,0.0
13461,0.0009769869424495,0.0004372776982687,0,0.0,0.0
13462,0.0002918847290917,0.0002113258861657,0,0.0,0.0
13463,0.0015342203306379,0.0004776278173539,0,0.0,0.0
13464,0.0029495647288256,0.0005241111084867,0,0.0,0.0
13465,0.002219352660647,0.0008123539004176,0,0.0,0.0
13466,0.0035463718437629,0.0006326840586271,0,0.0,0.0
13467,0.0035255646138656,0.0005737343480118,0,0.0,0.0
13468,0.0017436183806758,0.0008536010080956,0,0.0,0.0
13469,0.0005703773396624,0.0003929883791526,0,0.0,0.0
13470,0.0021182941058706,0.0001581748941081,0,0.0,0.0
13471,0.0014604891098838,0.0004841289332784,0,0.0,0.0
13472,0.0012694502187192,0.0005181522036807,0,0.0,0.0
13473,0.0005962682489311,0.0003040612352048,0,0.0,0.0
13474,0.0004462485752193,0.0002537952164945,0,0.0,0.0
13475,0.0011658255742386,5.583625090755423e-05,0,0.0,0.0
13476,0.0008708089461261,6.793363428607801e-05,0,0.0,0.0
13477,0.0003264206308634,0.0001597609451317,0,0.0,0.0
13478,4.2364522666583566e-05,5.612350984909774e-05,0,0.0,0.0
13479,0.0005926237976475,6.522371414375003e-05,0,0.0,0.0
13480,0.0010575827178809,0.0001324019421667,0,0.0,0.0
13481,0.0005545378520615,4.1705964584641024e-05,0,0.0,0.0
13482,0.0003285950092163,0.0001075384938284,0,0.0,0.0
13483,0.0014862442470134,0.0001473346888869,0,0.0,0.0
13484,0.0006023477556391,0.0001942316984566,0,0.0,0.0
13485,0.0040974789913346,0.000876461726696,0,0.0,0.0
13486,0.0065021179831367,0.0015923748571001,0,0.0,0.0
13487,0.0053592030083185,0.0017058215512219,0,0.0,0.0
13488,0.0041432580055074,0.0015214094710997,0,0.0,0.0
13489,0.003906021345754,0.0017280502288363,0,0.0,0.0
13490,0.0040988842867526,0.0022562892979312,0,0.0,0.0
13491,0.0031583182059724,0.0028561184063618,0,0.0,0.0
13492,0.0042542277302076,0.0028245030515421,0,0.0,0.0
13493,0.0034729522154474,0.0035573994301955,0,0.0,0.0
13494,0.0035315926786209,0.0038173102748353,0,0.0,0.0
13495,0.0033451719150443,0.0038570797834981,0,0.0,0.0
13496,0.0026342251877278,0.0026688265987429,0,0.0,0.0
13497,0.0027690276582414,0.0026682170278849,0,0.0,0.0
13498,0.0040233777739763,0.0027883964240454,0,0.0,0.0
13499,0.0029405736867765,0.002536719672775,0,0.0,0.0
13500,0.0053006022703323,0.0028629009574148,0,0.0,0.0
13501,0.0059612496165355,0.0043427506713183,0,0.0,0.0
13502,0.0058131858596334,0.0052105623438639,0,0.0,0.0
13503,0.006119923612,0.0039479185058362,0,0.0,0.0
13504,0.0050022914204634,0.0042414202332908,0,0.0,0.0
13505,0.0056141355710088,0.0051727535999064,0,0.0,0.0
13506,0.0046906117459547,0.0056462309493948,0,0.0,0.0
13507,0.0064087095958096,0.0062507848431288,0,0.0,0.0
13508,0.0077158230542078,0.0069917445163385,0,0.0,0.0
13509,0.0074872822711365,0.0074663280049586,0,0.0,0.0
13510,0.0069011179422404,0.0062422806911238,0,0.0,0.0
13511,0.005424104395508,0.0063703732508707,0,0.0,0.0
13512,0.0057892613758062,0.0060433983388011,0,0.0,0.0
13513,0.0057229037205863,0.0050384660614713,0,0.0,0.0
13514,0.0052881924196491,0.0051540253525509,0,0.0,0.0
13515,0.0049216605242885,0.0043381898180372,0,0.0,0.0
13516,0.0028858558390313,0.003955541495808,0,0.0,0.0
13517,0.0017813456870517,0.0028106596257976,0,0.0,0.0
13518,0.0017332476047892,0.0020205182832115,0,0.0,0.0
13519,0.0005361701406048,0.0018046102262911,0,0.0,0.0
13520,0.000102893214915,0.0009195595307172,0,0.0,0.0
13521,0.0008732106071484,0.0002162058694542,0,0.0,0.0
13522,0.0018928335012469,0.0006040423622817,0,0.0,0.0
13523,0.0009632765575073,0.0003496000218124,0,0.0,0.0
13524,0.0001324285591069,0.0005144472097807,0,0.0,0.0
13525,0.000518120687836,5.395842659297793e-05,0,0.0,0.0
13526,0.0003820423456065,0.0006419121831603,0,0.0,0.0
13527,3.007886458451296e-05,0.0010024533642154,0,0.0,0.0
13528,0.0002861697153333,0.0007874520311908,0,0.0,0.0
13529,0.0002201405552565,0.0006477081758672,0,0.0,0.0
13530,0.0008684313473377,0.0008404576059365,0,0.0,0.0
13531,0.0037108825600702,0.0006945013227174,0,0.0,0.0
13532,0.0033033453559165,0.0008359152925255,0,0.0,0.0
13533,0.002296338573809,0.0006052226017506,0,0.0,0.0
13534,0.0015719687849091,0.0005259338941867,0,0.0,0.0
13535,0.0027446414362357,0.0005175540193017,0,0.0,0.0
13536,0.0028741203055052,0.00089607190567,0,0.0,0.0
13537,0.0013903185287501,0.0011220731771454,0,0.0,0.0
13538,0.0007504441631291,0.0014050518314555,0,0.0,0.0
13539,0.0004442966450885,0.0006078144476623,0,0.0,0.0
13540,0.0002192464555743,0.0001889227149133,0,0.0,0.0
13541,0.0012015222985631,0.000258642589018,0,0.0,0.0
13542,0.0012832113080648,0.0003569608731954,0,0.0,0.0
13543,0.0003391150037425,0.0004634506377338,0,0.0,0.0
13544,0.0004384988518965,0.0003588284938573,0,0.0,0.0
13545,0.0008230969844663,0.0001146620783096,0,0.0,0.0
13546,0.0001901446897874,0.0002392781154508,0,0.0,0.0
13547,5.773216743114554e-05,0.0004788637137822,0,0.0,0.0
13548,0.0002496338446704,9.420093629342591e-05,0,0.0,0.0
13549,0.0006444515375107,0.0001737144522504,0,0.0,0.0
13550,0.002343032915453,0.0001833311557647,0,0.0,0.0
13551,0.0048911770036338,0.0003305158940426,0,0.0,0.0
13552,0.0035869853502895,0.0004998847924552,0,0.0,0.0
13553,0.0008902442939816,0.0003965004636255,0,0.0,0.0
13554,0.0004632089256217,0.0004697610118391,0,0.0,0.0
13555,0.0003985386120761,0.0002450332578683,0,0.0,0.0
13556,0.0001643079380294,0.0001527139295795,0,0.0,0.0
13557,0.0002918576680712,8.633138013748339e-05,0,0.0,0.0
13558,0.0009687545859552,8.901900825007308e-05,0,0.0,0.0
13559,0.0011760325640186,8.180462914805587e-06,0,0.0,0.0
13560,0.0017144302359258,0.000180979586338,0,0.0,0.0
13561,0.0048313743206287,0.0006547985250605,0,0.0,0.0
13562,0.0038144754772094,0.0007216799480209,0,0.0,0.0
13563,0.003577718535426,0.0004127423002722,0,0.0,0.0
13564,0.0033807991293875,0.0004637152798472,0,0.0,0.0
13565,0.0027424760856792,0.0002426540592189,0,0.0,0.0
13566,0.0033724010628456,0.000738207691041,0,0.0,0.0
13567,0.0027664098063415,0.0005187041030972,0,0.0,0.0
13568,0.0017399525917619,0.0003675673634846,0,0.0,0.0
13569,0.0020855638475133,0.0002569419242669,0,0.0,0.0
13570,0.0030994639099581,0.0003125484208878,0,0.0,0.0
13571,0.0017127651051368,0.0003931929570539,0,0.0,0.0
13572,0.0016230874708627,7.411970294984029e-05,0,0.0,0.0
13573,0.000286447865623,9.277210387280844e-05,0,0.0,0.0
13574,0.0009397378969364,0.0001032176879074,0,0.0,0.0
13575,0.0015763239920558,0.0001984131673908,0,0.0,0.0
13576,0.0009898262848452,0.0005860292793738,0,0.0,0.0
13577,0.0007593244798082,0.0005595724708491,0,0.0,0.0
13578,0.0005274311551368,0.0009012333682895,0,0.0,0.0
13579,0.0002147420857105,0.000727379637013,0,0.0,0.0
13580,0.0002868824359518,0.0002808233093514,0,0.0,0.0
13581,0.0002804294327175,3.2010398664945166e-05,0,0.0,0.0
13582,0.0002283418003079,0.0001580782802777,0,0.0,0.0
13583,0.0001832213924859,3.58390373360629e-05,0,0.0,0.0
13584,5.621448614245069e-05,0.0001225669080556,0,0.0,0.0
13585,0.0001669297673955,0.0004270412368998,0,0.0,0.0
13586,0.0004413574913932,0.0004440159752477,0,0.0,0.0
13587,9.090240666650463e-05,8.03730353492486e-05,0,0.0,0.0
13588,8.746095150889481e-05,0.0002079856610342,0,0.0,0.0
13589,5.769639998589553e-05,9.643399790006652e-05,0,0.0,0.0
13590,0.00024434844045,0.0005412478660324,0,0.0,0.0
13591,0.0004659447799505,0.0005863538405058,0,0.0,0.0
13592,0.0019373067056094,0.0012554945626221,0,0.0,0.0
13593,0.006341555223112,0.001655831621502,0,0.0,0.0
13594,0.0054860021524385,0.0017872680557882,0,0.0,0.0
13595,0.0046715837138632,0.0027517896314156,0,0.0,0.0
13596,0.0056855154570947,0.0038946558431697,0,0.0,0.0
13597,0.0066685343939298,0.0020827791462167,0,0.0,0.0
13598,0.0061471159371307,0.0005013729958571,0,0.0,0.0
13599,0.0046032274843989,0.0007278351994494,0,0.0,0.0
13600,0.0071990772788536,0.0005628740842482,0,0.0,0.0
13601,0.0059066286724412,0.0001479504556526,0,0.0,0.0
13602,0.0051120329061716,0.0006265801536102,0,0.0,0.0
13603,0.0038898338373892,0.0017463583540666,0,0.0,0.0
13604,0.0032578984447984,0.0020172995831901,0,0.0,0.0
13605,0.0035499244683096,0.0023189716632579,0,0.0,0.0
13606,0.0030219810462349,0.0019973133893635,0,0.0,0.0
13607,0.0017084260263833,0.0026285583819006,0,0.0,0.0
13608,0.0019167834352827,0.0020452276219487,0,0.0,0.0
13609,0.0014311133798516,0.001715777312152,0,0.0,0.0
13610,0.0014351415246349,0.0015775941348144,0,0.0,0.0
13611,0.0041878089817092,0.0017775501471779,0,0.0,0.0
13612,0.0058811448022889,0.002795768395518,0,0.0,0.0
13613,0.0057805874373883,0.004609286211323,0,0.0,0.0
13614,0.0055745163709073,0.0046288106171835,0,0.0,0.0
13615,0.0051535773982037,0.0043395236369789,0,0.0,0.0
13616,0.0035965926583078,0.0040677379907277,0,0.0,0.0
13617,0.0028071427077717,0.0033389773930603,0,0.0,0.0
13618,0.0035643428192467,0.0033129052590569,0,0.0,0.0
13619,0.0032543462732308,0.0035067085290221,0,0.0,0.0
13620,0.003621044238754,0.0024869381944533,0,0.0,0.0
13621,0.0049944732548746,0.0028038036382265,0,0.0,0.0
13622,0.0058060316263846,0.0046841241178154,0,0.0,0.0
13623,0.0069900238227513,0.0074173206900634,0,0.0,0.0
13624,0.0084515164090136,0.0084596542491219,0,0.0,0.0
13625,0.0070828378495179,0.0069288397576286,0,0.0,0.0
13626,0.0062951666535258,0.0055184189023205,0,0.0,0.0
13627,0.0062921557334538,0.0055713460717244,0,0.0,0.0
13628,0.0058049589426491,0.006484164204582,0,0.0,0.0
13629,0.0059471172420862,0.006087985952871,0,0.0,0.0
13630,0.0049421145698872,0.0057677316239825,0,0.0,0.0
13631,0.0052179196437302,0.0060378243549204,0,0.0,0.0
13632,0.0067316406982588,0.0066038651420205,0,0.0,0.0
13633,0.0063374606361959,0.0067312768403068,0,0.0,0.0
13634,0.006273020003605,0.0073080760723516,0,0.0,0.0
13635,0.0063607588902986,0.0062483329464147,0,0.0,0.0
13636,0.0049163424067075,0.0051811000583981,0,0.0,0.0
13637,0.0038113941717706,0.0050739676299132,0,0.0,0.0
13638,0.0020811012062789,0.0037805246491685,0,0.0,0.0
13639,0.0003797474227054,0.0024306076854305,0,0.0,0.0
13640,0.0004887499275776,0.0008525331085773,0,0.0,0.0
13641,0.0016962934616623,0.0006279255607498,0,0.0,0.0
13642,0.0041897772579883,0.0008070511880121,0,0.0,0.0
13643,0.0030529022655694,0.0011390982087395,0,0.0,0.0
13644,0.0026414743967868,0.0017556589983897,0,0.0,0.0
13645,0.0005477496834029,0.0015069605678941,0,0.0,0.0
13646,0.0009886098573263,0.0009015531786492,0,0.0,0.0
13647,0.0020109316563733,0.0001516007227625,0,0.0,0.0
13648,0.0019810493190794,0.0009248895682184,0,0.0,0.0
13649,0.0021485358380997,0.0005108145145768,0,0.0,0.0
13650,0.0004962257955185,0.0005890212708461,0,0.0,0.0
13651,0.0029027201592728,0.0010383494000707,0,0.0,0.0
13652,0.0040353953125622,0.0014759912523442,0,0.0,0.0
13653,0.0025296791783106,0.0012349201607264,0,0.0,0.0
13654,0.0013032961434127,0.0003490931898418,0,0.0,0.0
13655,0.0017604413333192,0.0002387791410147,0,0.0,0.0
13656,0.0012911027813843,0.0007430003590319,0,0.0,0.0
13657,0.0017016947291516,0.0009987159077557,0,0.0,0.0
13658,0.0012724557238408,0.0007239249587083,0,0.0,0.0
13659,0.0007652725580114,0.0007142460860857,0,0.0,0.0
13660,0.0011537800394405,0.0009357081870666,0,0.0,0.0
13661,0.0021809000520385,0.0011878409895612,0,0.0,0.0
13662,0.0020677524965133,0.0012974288308297,0,0.0,0.0
13663,0.0016062679816778,0.0009764130669661,0,0.0,0.0
13664,0.0006120440915308,0.0005228238865305,0,0.0,0.0
13665,0.000391795348253,0.0002364996555924,0,0.0,0.0
13666,0.0001863700073442,0.0001066125875372,0,0.0,0.0
13667,5.510334655374916e-05,0.0001778694214789,0,0.0,0.0
13668,0.000327089132542,0.0001233274842137,0,0.0,0.0
13669,9.275321871340272e-05,1.2358970786895693e-05,0,0.0,0.0
13670,0.0001261691345704,5.944894054569349e-05,0,0.0,0.0
13671,0.000230120720979,7.493743618798154e-05,0,0.0,0.0
13672,0.0002138965218601,4.161943927365472e-05,0,0.0,0.0
13673,0.0001916082339713,7.733218957059288e-05,0,0.0,0.0
13674,2.648942140474211e-05,1.917992593777625e-05,0,0.0,0.0
13675,5.1642417577888376e-05,5.343305208391686e-06,0,0.0,0.0
13676,5.9246224936973726e-06,1.528738617782361e-05,0,0.0,0.0
13677,6.445937128720572e-05,2.2472382884296443e-05,0,0.0,0.0
13678,0.0001785067447042,5.678625465929699e-05,0,0.0,0.0
13679,6.745540677957729e-05,9.07774548612652e-05,0,0.0,0.0
13680,0.0001447072643972,6.576545100354975e-05,0,0.0,0.0
13681,6.573098979306048e-05,2.5623561390375245e-05,0,0.0,0.0
13682,2.6102199335045088e-05,2.742621369036092e-05,0,0.0,0.0
13683,1.4171932569113084e-05,3.579910491552566e-05,0,0.0,0.0
13684,1.9061056149705768e-05,3.788401821210826e-05,0,0.0,0.0
13685,2.906209915508769e-05,0.0001365278783671,0,0.0,0.0
13686,0.0001121152831053,0.0001333696347625,0,0.0,0.0
13687,0.0004349467582295,6.257956087475927e-05,0,0.0,0.0
13688,0.0019679440861514,0.0003270909734281,0,0.0,0.0
13689,0.00247285653848,0.0004735107043761,0,0.0,0.0
13690,0.001761319089907,0.0005170788128042,0,0.0,0.0
13691,0.0015579008028395,0.0011657754457552,0,0.0,0.0
13692,0.0035573518295449,0.0009714488917964,0,0.0,0.0
13693,0.0061393330240314,0.0005844525520081,0,0.0,0.0
13694,0.0077927750200027,0.0014268914402931,0,0.0,0.0
13695,0.0045408712713851,0.001882323079876,0,0.0,0.0
13696,0.003702561008703,0.002369443109989,0,0.0,0.0
13697,0.0038975990422236,0.0026625197175379,0,0.0,0.0
13698,0.0035845350230897,0.0025413430966813,0,0.0,0.0
13699,0.0044770099010593,0.0016035481806792,0,0.4335209,0.0
13700,0.0051189048198408,0.0019576367794389,0,0.68859756,0.0
13701,0.0021301025148835,0.0013157890428424,0,0.8190873,0.0
13702,0.0002335467236674,0.0002266207426492,0,0.8700055,0.0
13703,0.000280310392524,0.0002655326889607,0,0.89717275,0.0
13704,0.0007145081102514,0.0012219011897147,0,0.91156244,0.0
13705,0.0017950156455932,0.0016926797175923,0,0.9238294,0.0
13706,0.0034153629756734,0.0009998197532006,0,0.9386114,0.0
13707,0.004794012442081,0.0014605647672064,0,0.94819146,0.0
13708,0.006059937580659,0.0013618832106266,0,0.9525148,0.0
13709,0.0042458957147162,0.0011781918850665,0,0.9549328,0.0
13710,0.0040362092356327,0.0008069699642074,0,0.95510006,0.0
13711,0.0031969316689826,0.000350356065837,0,0.95327127,0.0
13712,0.0015755955279009,0.0014565578854291,0,0.9516521,0.0
13713,0.0002465704062804,0.0011029326765452,0,0.9518392,0.0
13714,0.0021446419309428,0.0005865681599502,0,0.95227677,0.0
13715,0.0012696959163852,0.0003109274163748,0,0.9526479,0.0
13716,0.0008767334738244,0.000895596115358,0,0.9520411,0.0
13717,0.0008222890330097,0.000767067421108,0,0.94926435,0.0
13718,0.0005250284123452,0.000161761978288,0,0.9450638,0.0
13719,0.0011983839994407,0.0001995323637896,0,0.93625206,0.0
13720,0.0022983161132388,0.0004810814893908,0,0.91073626,0.0
13721,0.0033149188744041,0.0005654209470453,0,0.8445747,0.0
13722,0.0017419393050807,0.0003444825771396,0,0.71076155,0.0
13723,0.0013255427778332,0.0003524942989017,0,0.47255102,0.0
13724,0.0018764971645776,0.0001590638842814,0,0.23158498,0.0
13725,0.0024791556859723,0.0004898011823445,0,0.12423083,0.0
13726,0.0034822384449214,0.0001140002570402,0,0.0,0.0
13727,0.0032459453151042,0.0011676024884583,0,0.0,0.0
13728,0.0032901534930927,0.0013192952488079,0,0.0,0.0
13729,0.0039458941452062,0.0020910363911722,0,0.0,0.0
13730,0.0046166721934355,0.0028748093786452,0,0.0,0.0
13731,0.0060192836363315,0.0028483034991824,0,0.0,0.0
13732,0.0077122139532824,0.0039463440566798,0,0.0,0.0
13733,0.0092201880361885,0.0052124118908964,0,0.0,0.0
13734,0.009349282041438,0.0071954854825539,0,0.0,0.0
13735,0.0087377694410695,0.0095657205799848,0,0.0,0.0
13736,0.0087403520643684,0.009407849105437,0,0.0,0.0
13737,0.0077383972092668,0.0087059234186865,0,0.0,0.0
13738,0.0071698053191455,0.007036601959923,0,0.0,0.0
13739,0.00918344207474,0.0068782123903607,0,0.0,0.0
13740,0.0085069488175445,0.0090336268899234,0,0.0,0.0
13741,0.0066782648459548,0.008671370881838,0,0.0,0.0
13742,0.0083232268841988,0.0063958701105722,0,0.0,0.0
13743,0.0095897334846262,0.0081387754517634,0,0.0,0.0
13744,0.0102118383916642,0.0078501106671203,0,0.0,0.0
13745,0.0112306598260542,0.0088215739637196,0,0.0,0.0
13746,0.0111385296697325,0.011215400336399,0,0.0,0.0
13747,0.0108280222228273,0.0109808161981434,0,0.0,0.0
13748,0.0112509421753058,0.0099276827042095,0,0.0,0.0
13749,0.0102155247922612,0.0104959439598761,0,0.0,0.0
13750,0.0094813693421,0.011596993318061,0,0.0,0.0
13751,0.0107919966581528,0.0102019822213499,0,0.0,0.0
13752,0.011119027993418,0.0092490107049895,0,0.0,0.0
13753,0.0100504282061242,0.0104936985637575,0,0.0,0.0
13754,0.0097052142205243,0.0098831538752029,0,0.0,0.0
13755,0.0100240091505395,0.0098830477140042,0,0.0,0.0
13756,0.0109203923344634,0.0114507298377718,0,0.0,0.0
13757,0.0112805624479977,0.0124965088101011,0,0.0,0.0
13758,0.0106266912075095,0.0103454702768713,0,0.0,0.0
13759,0.0092040727385851,0.0092660952205236,0,0.0,0.0
13760,0.007342639922384,0.0088076556585035,0,0.0,0.0
13761,0.0051428602221903,0.0068889338314216,0,0.0,0.0
13762,0.0051462038952758,0.004487245512149,0,0.0,0.0
13763,0.0054788855313883,0.0030944496387374,0,0.0,0.0
13764,0.002273464544875,0.0027373270208878,0,0.0,0.0
13765,0.0023578257377374,0.0018376021686566,0,0.0,0.0
13766,0.0016660054183008,0.0018960910474441,0,0.0,0.0
13767,0.0004085677898672,0.001756342542454,0,0.0,0.0
13768,0.0003138539143759,0.0009404871818261,0,0.0,0.0
13769,0.0001984216806919,0.000128424850879,0,0.0,0.0
13770,0.0008841317584146,0.000254133608989,0,0.0,0.0
13771,0.0049005237601421,0.0001953794270708,0,0.0,0.0
13772,0.0062324489334409,0.0002434915882161,0,0.0,0.0
13773,0.0036987755425916,0.0009058997187118,0,0.0,0.0
13774,0.0026461119439745,0.00085057208321,0,0.0,0.0
13775,0.0027671595032049,0.0005722097064318,0,0.0,0.0
13776,0.0013005844276914,0.0005939819490203,0,0.0,0.0
13777,0.0001987435849728,0.000241602658797,0,0.0,0.0
13778,0.0001407472509928,0.000234246020075,0,0.0,0.0
13779,9.947095766693244e-05,0.0001545287754383,0,0.0,0.0
13780,5.689782949723957e-05,0.0001876187412796,0,0.0,0.0
13781,0.0002510739269389,0.000205321937831,0,0.0,0.0
13782,0.0001145211990372,0.0003544919749683,0,0.0,0.0
13783,0.0002532712890202,0.0004839155939992,0,0.0,0.0
13784,0.000865273686546,0.0006826849940962,0,0.0,0.0
13785,0.0012723583660482,0.0014969203515806,0,0.0,0.0
13786,0.0025278096254157,0.0018025228094557,0,0.0,0.0
13787,0.0020417833613049,0.0012475031018607,0,0.0,0.0
13788,0.0013474232788656,0.0002894335010582,0,0.0,0.0
13789,0.0002131689129316,7.291390227394786e-05,0,0.0,0.0
13790,0.0008840771119871,0.0003420064650845,0,0.0,0.0
13791,0.0009241695571809,0.0002778449225838,0,0.0,0.0
13792,0.000197665050052,0.0001264328125532,0,0.0,0.0
13793,0.0008448934031934,0.0002938914897217,0,0.0,0.0
13794,0.0006194550128974,0.0007247009540773,0,0.0,0.0
13795,0.0019086552862545,0.0008531272903149,0,0.0,0.0
13796,0.0023994870878468,0.0011401208851431,0,0.0,0.0
13797,0.0026903713585211,0.0005916251675303,0,0.0,0.0
13798,0.0038205026892266,0.00033737761451,0,0.0,0.0
13799,0.0054285543687343,0.0006939683914795,0,0.0,0.0
13800,0.0049636260139192,0.0001599679665928,0,0.0,0.0
13801,0.0025482465549003,0.000256802990259,0,0.0,0.0
13802,0.0028009861275539,0.0006901733063224,0,0.0,0.0
13803,0.0027977096969388,0.0016654501907609,0,0.0,0.0
13804,0.0021883443547513,0.0022719109751712,0,0.0,0.0
13805,0.0011188338528918,0.0022041024834178,0,0.0,0.0
13806,0.0001827796047504,0.0014575099824855,0,0.0,0.0
13807,5.600871978733222e-05,0.0010916134925008,0,0.0,0.0
13808,1.87945416242012e-05,0.0014347778935925,0,0.0,0.0
13809,0.0001016704157829,0.0020087201824892,0,0.0,0.0
13810,0.0003086861260349,0.0015731780926867,0,0.0,0.0
13811,0.0005087830598833,0.0010845651868878,0,0.0,0.0
13812,0.0006890501188138,0.0004665995040959,0,0.0,0.0
13813,0.0008566652802954,0.0011927965727956,0,0.0,0.0
13814,0.0010117975040637,0.0011332781377893,0,0.0,0.0
13815,0.0011546414075544,0.0011867293621772,0,0.0,0.0
13816,0.0012854387964521,0.0007935320542929,0,0.0,0.0
13817,0.0014044056573188,0.0007587573675512,0,0.0,0.0
13818,0.0015118668949298,0.0011252895604893,0,0.0,0.0
13819,0.0016081752130693,0.0013145756001112,0,0.0,0.0
13820,0.0016937154264578,0.0018004192139073,0,0.0,0.0
13821,0.0017687260894676,0.0018705098803269,0,0.0,0.0
13822,0.0018720562957695,0.0033439101082102,0,0.0,0.0
13823,0.0017499356647353,0.0021123731118089,0,0.0,0.0
13824,0.0001904180664681,0.0008564620527634,0,0.0,0.0
13825,0.0010505171365268,0.0010704151323251,0,0.0,0.0
13826,0.0018553667867747,0.0010822507003815,0,0.0,0.0
13827,0.001370313781127,0.0005822364435227,0,0.0,0.0
13828,0.0004907452258522,0.0004423149674424,0,0.0,0.0
13829,0.0004441593561205,0.0008257808895535,0,0.0,0.0
13830,0.002262311162932,0.0010912419188042,0,0.0,0.0
13831,0.0034789357868617,0.001803013683418,0,0.0,0.0
13832,0.0061080517690592,0.0023877066886433,0,0.0,0.0
13833,0.008369260309713,0.0034291138070775,0,0.0,0.0
13834,0.0080161495300553,0.0034523199011908,0,0.0,0.0
13835,0.0058914749872051,0.002801301281769,0,0.0,0.0
13836,0.0036795208343842,0.0020264555722599,0,0.0,0.0
13837,0.0029087031950664,0.0011953760203525,0,0.0,0.0
13838,0.0032298394853146,0.0006446030790627,0,0.0,0.0
13839,0.0059502799398661,0.0001834077481272,0,0.0,0.0
13840,0.0070197874182076,0.0003833704369831,0,0.0,0.0
13841,0.0047281838546429,0.0005332052638821,0,0.0,0.0
13842,0.0041001588920354,0.0005690886140659,0,0.0,0.0
13843,0.0024238775175454,0.0006633666125382,0,0.0,0.0
13844,0.0013034770986991,0.0004652767857798,0,0.0,0.0
13845,0.0028490522467908,0.0004776513377774,0,0.0,0.0
13846,0.0045308422365283,0.000570585639711,0,0.0,0.0
13847,0.0060857884350874,0.0008644972684259,0,0.0,0.0
13848,0.002539930564572,0.0015018189057309,0,0.0,0.0
13849,0.0019847789133132,0.0011467156192711,0,0.0,0.0
13850,0.0025443096811063,0.0007153878367192,0,0.0,0.0
13851,0.0025984488950132,0.0004099090636558,0,0.0,0.0
13852,0.0012269428329471,8.881419122077016e-05,0,0.0,0.0
13853,0.0012822195929124,0.0004725436876762,0,0.0,0.0
13854,0.0020995134957677,0.000571162217303,0,0.0,0.0
13855,0.0014222451777286,0.0012880251521866,0,0.0,0.0
13856,0.0028474222234267,0.0021230405699401,0,0.0,0.0
13857,0.0049545178484909,0.0020848719667366,0,0.0,0.0
13858,0.0062059227490701,0.0033816729710086,0,0.0,0.0
13859,0.0071711833708432,0.0049910751194899,0,0.0,0.0
13860,0.0084286945721041,0.007108835318962,0,0.0,0.0
13861,0.0083641150353965,0.0083135872110976,0,0.0,0.0
13862,0.0066970767483717,0.0081268243613747,0,0.0,0.0
13863,0.0066133359952727,0.0069323526656645,0,0.0,0.0
13864,0.0061657656721575,0.0057814335798814,0,0.0,0.0
13865,0.0048771127093532,0.0047980304059517,0,0.0,0.0
13866,0.0053044516059138,0.0051777878962706,0,0.0,0.0
13867,0.0050488565444058,0.0056244189475484,0,0.0,0.0
13868,0.0045604485573769,0.004838625467063,0,0.0,0.0
13869,0.004577732802323,0.0041281616708597,0,0.0,0.0
13870,0.0042615701649927,0.003506708186349,0,0.0,0.0
13871,0.0052883502439442,0.0045111725493546,0,0.0,0.0
13872,0.0078587912736088,0.0063998839988028,0,0.0,0.0
13873,0.0070926492975875,0.0065972527343276,0,0.0,0.0
13874,0.0056253708146491,0.0063861675644484,0,0.0,0.0
13875,0.0051700295684416,0.0052570147697296,0,0.0,0.0
13876,0.0040568980928239,0.0040522684508327,0,0.0,0.0
13877,0.0047991510276015,0.0044474542711416,0,0.0,0.0
13878,0.0042669773709873,0.0048861516999504,0,0.0,0.0
13879,0.0029929467608932,0.0038449938928218,0,0.0,0.0
13880,0.003433226797127,0.0031079084666112,0,0.0,0.0
13881,0.0030284055274188,0.0036014206787658,0,0.0,0.0
13882,0.0020711162302943,0.0026053467916161,0,0.0,0.0
13883,0.0021860771963775,0.0028775309697716,0,0.0,0.0
13884,0.0010464999607124,0.0025404252788769,0,0.0,0.0
13885,0.001267554875323,0.0020036421183109,0,0.0,0.0
13886,0.0025565326242463,0.0013293262726886,0,0.0,0.0
13887,0.0021704411605349,0.0015979558470798,0,0.0,0.0
13888,0.0028320025315419,0.0014673005465877,0,0.0,0.0
13889,0.0016405583963695,0.0010437844798656,0,0.0,0.0
13890,0.000869434694442,0.0005921692662537,0,0.0,0.0
13891,0.0024890983473798,0.0002560253244316,0,0.0,0.0
13892,0.0026735858725115,0.0002962994716377,0,0.0,0.0
13893,0.0031100551964852,0.0005126198205493,0,0.0,0.0
13894,0.0048039400308094,0.0005388922108211,0,0.0,0.0
13895,0.0050519279249826,0.0003113498777867,0,0.0,0.0
13896,0.0026747285860428,0.0007332010841096,0,0.0,0.0
13897,0.0018744785580918,0.0013791147906541,0,0.0,0.0
13898,0.001652855867606,0.0010574971526199,0,0.0,0.0
13899,0.0014436260472912,0.0006661691300302,0,0.0,0.0
13900,0.0012504371960695,0.0001824303189726,0,0.0,0.0
13901,0.001078958980882,0.0001587716860063,0,0.0,0.0
13902,0.0009379027108267,0.0005110627022683,0,0.0,0.0
13903,0.0008391928120691,0.0007475868366522,0,0.0,0.0
13904,0.000789213551566,0.0007937368077292,0,0.0,0.0
13905,0.0015167976594693,0.0002538837001556,0,0.0,0.0
13906,0.0059567936043244,0.0004648360946523,0,0.0,0.0
13907,0.0044419456774908,0.0007450837827538,0,0.0,0.0
13908,0.0029714241440321,0.0007588333633899,0,0.0,0.0
13909,0.0031758061161485,0.0009048754518657,0,0.0,0.0
13910,0.0037636291325419,0.0017561402731111,0,0.0,0.0
13911,0.0049571335999507,0.0029037158657385,0,0.0,0.0
13912,0.0046331022591668,0.0033926672520892,0,0.0,0.0
13913,0.00217722006406,0.0027840636219197,0,0.0,0.0
13914,0.0003594408105288,0.0016696269210126,0,0.0,0.0
13915,0.0004518238573096,0.0005898371082835,0,0.0,0.0
13916,0.0021297451977443,0.0004568164493382,0,0.0,0.0
13917,0.0057395254062764,0.0007028287684795,0,0.0,0.0
13918,0.0049930199760594,0.0013512885661009,0,0.0,0.0
13919,0.0012663532971318,0.001159218714182,0,0.0,0.0
13920,0.0008121670773485,0.0013649790985064,0,0.0,0.0
13921,0.0004806590141507,0.000651577927814,0,0.0,0.0
13922,0.0001056480759264,0.0001587277561345,0,0.0,0.0
13923,0.0001377346664174,0.0005636689252744,0,0.0,0.0
13924,8.711923939704229e-05,0.0002562329360138,0,0.0,0.0
13925,0.000187459752624,0.0001334295582542,0,0.0,0.0
13926,0.0004486748606199,0.0002643199668265,0,0.0,0.0
13927,0.0005664055969064,0.0002358363018342,0,0.0,0.0
13928,0.0020691997343961,7.193593870965495e-05,0,0.0,0.0
13929,0.0047223486129947,0.0006151637942134,0,0.0,0.0
13930,0.0032644637168415,0.0011356219604834,0,0.0,0.0
13931,0.0009131300301696,0.002323145205703,0,0.0,0.0
13932,0.0024946633912835,0.003370641484329,0,0.0,0.0
13933,0.0033215448835581,0.0023778322307651,0,0.0,0.0
13934,0.0027980572392424,0.0007688986563966,0,0.0,0.0
13935,0.0038022658816899,0.0005907725595985,0,0.0,0.0
13936,0.0061089284901424,0.0011140681267311,0,0.0,0.0
13937,0.0052945418905571,0.0009048469017681,0,0.0,0.0
13938,0.0043922766384769,0.0008863098256795,0,0.0,0.0
13939,0.0029286565218356,0.0005513712367869,0,0.0,0.0
13940,0.0026115069741308,0.0003080838011534,0,0.0,0.0
13941,0.0018876553256494,0.0006835485517619,0,0.0,0.0
13942,0.0014148901538539,0.0009819368603942,0,0.0,0.0
13943,0.0011506746008974,0.0007810402921682,0,0.0,0.0
13944,0.0013576361414706,0.0007437778642574,0,0.0,0.0
13945,0.0012392622853904,0.0007374114903682,0,0.0,0.0
13946,0.0014570694704633,0.0008081434403515,0,0.0,0.0
13947,0.0020446303666541,0.0007100123990952,0,0.0,0.0
13948,0.0033294166671226,0.0004938148684004,0,0.0,0.0
13949,0.0019031831223419,0.0010714084893208,0,0.0,0.0
13950,0.0002091815197467,0.0008891505000191,0,0.0,0.0
13951,0.0023728881002775,0.00018486489461,0,0.0,0.0
13952,0.0026393689160673,5.504629742989468e-05,0,0.0,0.0
13953,0.0005606086428737,0.000206548083123,0,0.0,0.0
13954,0.0001321145399057,0.000429349228609,0,0.0,0.0
13955,0.0010666805374252,0.0005715590033409,0,0.0,0.0
13956,0.0025816883541864,0.0002024782392813,0,0.0,0.0
13957,0.000766588049302,0.0001538904031186,0,0.0,0.0
13958,0.0004206807159329,9.819961394392422e-05,0,0.0,0.0
13959,0.0009908611494592,0.0002833381998784,0,0.0,0.0
13960,0.0024707037959182,0.0007543089519691,0,0.0,0.0
13961,0.0023374537881352,0.0006848763126947,0,0.0,0.0
13962,0.0021910959630959,0.0013507815284564,0,0.0,0.0
13963,0.0040248698837761,0.002108412171169,0,0.0,0.0
13964,0.0022222494183793,0.0017117836429925,0,0.0,0.0
13965,0.0008402105636896,0.0008989950958974,0,0.0,0.0
13966,0.0008511254241887,0.0007791216430107,0,0.0,0.0
13967,0.00016682230337,0.0007991459491799,0,0.0,0.0
13968,0.0003492650763881,0.0009617160966755,0,0.0,0.0
13969,0.0017577695184956,0.0010676649913138,0,0.0,0.0
13970,0.0033121496921193,0.0018720649176702,0,0.0,0.0
13971,0.0031131088282104,0.0023096601904604,0,0.0,0.0
13972,0.0025449913125822,0.0014268237739597,0,0.0,0.0
13973,0.0010386351111332,0.0011017923666101,0,0.0,0.0
13974,0.000795486765892,0.0004791748355829,0,0.0,0.0
13975,0.0019858528887349,0.0001250839125503,0,0.0,0.0
13976,0.0009152922580987,0.0004027479019434,0,0.0,0.0
13977,0.0003823317897767,0.000861834746984,0,0.0,0.0
13978,0.0010078500181179,0.0006899718492318,0,0.0,0.0
13979,0.0003925925465602,0.0003070908050519,0,0.0,0.0
13980,0.0007249300544424,0.0001725641295409,0,0.0,0.0
13981,0.000922288641669,0.0002504862793534,0,0.0,0.0
13982,0.0004357288039995,8.420248687418748e-05,0,0.0,0.0
13983,0.0002141178148344,2.379775211125856e-05,0,0.0,0.0
13984,0.0003798536037136,3.818437737997419e-05,0,0.0,0.0
13985,0.001173452303482,1.6982499362540336e-05,0,0.0,0.0
13986,0.0018227269790355,0.0001005375886728,0,0.0,0.0
13987,0.0015565795000761,0.0002892838118355,0,0.0,0.0
13988,0.0056749522015746,9.80346030534748e-05,0,0.0,0.0
13989,0.0069987587402945,0.0001161120148628,0,0.0,0.0
13990,0.0038862120671352,0.0002570861168196,0,0.0,0.0
13991,0.0026860157388292,0.0002212017743252,0,0.0,0.0
13992,0.0019397036195285,0.0004793835878827,0,0.0,0.0
13993,0.0016787743959305,0.0007513572152843,0,0.0,0.0
13994,0.0016364256208426,0.0012437020483069,0,0.0,0.0
13995,0.0025759734847087,0.0007037616273199,0,0.0,0.0
13996,0.0049900644281015,0.0003100797060466,0,0.0,0.0
13997,0.0053621757988833,0.0003014334924001,0,0.0,0.0
13998,0.0034980347040993,0.0006912162808041,0,0.0,0.0
13999,0.0031575256951325,0.0006198805197885,0,0.0,0.0
14000,0.0022863700441059,0.0003158547782485,0,0.0,0.0
14001,0.0015029889548883,4.449205339895544e-05,0,0.0,0.0
14002,0.0011659971913604,0.0001747430277303,0,0.0,0.0
14003,0.0006204682435502,0.0005627310526727,0,0.0,0.0
14004,0.0002362560658268,0.0007234763141154,0,0.0,0.0
14005,0.0002253681134906,0.0005821514376416,0,0.0,0.0
14006,0.0012659329818402,0.0005181733831891,0,0.0,0.0
14007,0.0026979399329185,0.000391622994733,0,0.0,0.0
14008,0.0023035522858303,7.181432109803592e-05,0,0.0,0.0
14009,0.0015919958013602,0.0002441451834682,0,0.0,0.0
14010,0.0011909945961067,0.000789694463415,0,0.0,0.0
14011,0.0004188043928699,0.000909764387297,0,0.0,0.0
14012,0.0020514739616586,0.002445386995947,0,0.0,0.0
14013,0.0032705860498562,0.0037343775801761,0,0.0,0.0
14014,0.0055241995830648,0.0040661677041804,0,0.0,0.0
14015,0.0057531176157653,0.0033820304915698,0,0.0,0.0
14016,0.0089322256382491,0.0032849771041677,0,0.0,0.0
14017,0.0066387274153507,0.0053455725749306,0,0.0,0.0
14018,0.0070454202426806,0.0040112257528313,0,0.0,0.0
14019,0.0081963520729384,0.002530591723692,0,0.0,0.0
14020,0.0092808170857252,0.0013077100796529,0,0.0,0.0
14021,0.0075052861144161,0.0018764766470535,0,0.0,0.0
14022,0.0049556403297377,0.001509022713227,0,0.0,0.0
14023,0.0036441772767418,0.0009893547214179,0,0.0,0.0
14024,0.0031675421337907,0.0009561999819316,0,0.0,0.0
14025,0.0030505457427004,0.0005832136045795,0,0.0,0.0
14026,0.0021941664625972,0.0009437040518521,0,0.0,0.0
14027,0.000535679190186,0.0012361551569577,0,0.0,0.0
14028,0.0008026392715523,0.0015298137380653,0,0.0,0.0
14029,0.0005196445611659,0.0013286160664389,0,0.0,0.0
14030,0.0029794391297335,0.0009143183140362,0,0.0,0.0
14031,0.0033166155553679,0.0005429859494854,0,0.0,0.0
14032,0.0038644064050389,0.0016979293308819,0,0.0,0.0
14033,0.0049725149621695,0.0017818997686482,0,0.0,0.0
14034,0.0047447097595291,0.0019147866646313,0,0.0,0.0
14035,0.0033172918566157,0.0025725685128722,0,0.0,0.0
14036,0.00233047046867,0.0018021579729163,0,0.0,0.0
14037,0.0008247046206945,0.0007783451778837,0,0.0,0.0
14038,0.0006222549843898,0.0002358896942827,0,0.0,0.0
14039,0.0008456112374901,0.0007437227226008,0,0.0,0.0
14040,0.0003243401100688,0.0003583681536971,0,0.0,0.0
14041,0.0003101384162234,0.0001020182797201,0,0.0,0.0
14042,0.0004817653658581,0.0001270307352515,0,0.0,0.0
14043,0.0002403533479632,8.545459967200322e-05,0,0.0,0.0
14044,0.0001722240672464,0.0001933887865427,0,0.0,0.0
14045,3.238728731748063e-05,0.0001096056997544,0,0.0,0.0
14046,0.0002772929281313,4.9289532531769375e-05,0,0.0,0.0
14047,0.000408057377322,6.491519696802899e-05,0,0.0,0.0
14048,0.0013248601234376,0.000142776072554,0,0.0,0.0
14049,0.0026192786984711,0.0004953005426742,0,0.0,0.0
14050,0.0010954079235854,0.0003237540665989,0,0.0,0.0
14051,0.0005668050123224,0.0005668551974879,0,0.0,0.0
14052,0.001131296278208,0.0006077988748318,0,0.0,0.0
14053,0.000471061659256,0.0002816335293018,0,0.0,0.0
14054,0.0040484863430651,0.0002508108003056,0,0.0,0.0
14055,0.0067818749088984,0.0012706334747371,0,0.0,0.0
14056,0.005005341167434,0.0018369337307712,0,0.0,0.0
14057,0.0033422584200759,0.0025715673990232,0,0.0,0.0
14058,0.0029372120689168,0.002482217795882,0,0.0,0.0
14059,0.0045333343308435,0.0025433715159457,0,0.0,0.0
14060,0.0055973309012032,0.002123363855682,0,0.0,0.0
14061,0.0060132549070299,0.0022137960136554,0,0.0,0.0
14062,0.0048436069533843,0.0028687879079967,0,0.0,0.34707466
14063,0.0039039826484574,0.0032980539589546,0,0.0,0.5298996
14064,0.0027141521998149,0.0037287181143982,0,0.0,0.5920825
14065,0.0013039053005495,0.0023607499891699,0,0.0,0.60285324
14066,0.0010977811480793,0.000890524185414,0,0.0,0.56447136
14067,0.0020919634022775,0.0013147672832378,0,0.0,0.5326468
14068,0.000835357290633,0.0022659508256232,0,0.0,0.55451334
14069,0.0036078083937907,0.0017653816086696,0,0.0,0.6345834
14070,0.0034983978731779,0.001337636628905,0,0.0,0.7036653
14071,0.0015525071914302,0.0020411956726458,0,0.0,0.7600408
14072,0.0027636261812126,0.0023194221707407,0,0.0,0.81911266
14073,0.0024069682656358,0.0021964983471416,0,0.0,0.87597936
14074,0.0020954477045244,0.0013444785210635,0,0.0,0.91279835
14075,0.0014453993565328,0.0007262790872651,0,0.0,0.9395251
14076,0.0013947101826181,0.0004387838830438,0,0.0,0.95499474
14077,0.0005413961338996,0.0001957595424601,0,0.0,0.96347445
14078,0.0007988338084802,0.0002174593035213,0,0.0,0.9700406
14079,0.0012185421264715,0.0002516891118464,0,0.0,0.9742754
14080,0.0004218615112781,0.0002447409805019,0,0.0,0.97554487
14081,0.0009403164394528,0.0005198549958834,0,0.0,0.9762658
14082,0.0006393638333472,0.0006188809334365,0,0.0,0.9768842
14083,0.0005513916273203,0.0004445619807077,0,0.0,0.97710156
14084,0.0005839089436961,0.0006455564866028,0,0.0,0.97819954
14085,0.0009848631907987,0.0006626140921734,0,0.0,0.97942495
14086,0.0021113083441212,0.0010381348715989,0,0.0,0.98057103
14087,0.0023263424980785,0.0007663791648203,0,0.0,0.9821958
14088,0.0014687988709486,0.0010748152862229,0,0.0,0.9839162
14089,0.0013792072103614,0.0005359283783015,0,0.0,0.9856343
14090,0.0021281683643866,0.00064860521177,0,0.0,0.98723143
14091,0.0027351235718689,0.0007894784755515,0,0.0,0.9880478
14092,0.0011843453357325,0.0008988939905283,0,0.0,0.987766
14093,0.001522781162533,0.0010091461950713,0,0.0,0.98738927
14094,0.0008678734809305,0.000819550918401,0,0.0,0.9867473
14095,0.0009954276061853,0.000580518202806,0,0.0,0.9832714
14096,0.000715122534282,0.0002980356838039,0,0.0,0.9783423
14097,0.0023159769333077,0.0002321043632155,0,0.0,0.96484536
14098,0.0042518471826145,0.0003499944077919,0,0.0,0.9246948
14099,0.002321824619438,0.0003094906936167,0,0.0,0.88850534
14100,0.0023363514009363,0.000680715260193,0,0.0,0.86195976
14101,0.0025659072691565,0.0007956460057304,0,0.0,0.81794333
14102,0.0025080317691785,0.0008862805428806,0,0.0,0.7791009
14103,0.0015224207154729,0.0008828633169838,0,0.0,0.747936
14104,0.0010420704494701,0.000273577531766,0,0.0,0.71229476
14105,0.0016962740928476,0.0002355437643933,0,0.0,0.70358676
14106,0.0028020431837466,0.0001779571172239,0,0.0,0.7028734
14107,0.0017876731546807,0.0005092385296017,0,0.0,0.7011782
14108,0.0015680801950971,0.0006799634574719,0,0.0,0.71232957
14109,0.0010368748584023,0.0008495921994454,0,0.0,0.7446581
14110,0.0007024918098528,0.0016584820103066,0,0.0,0.7618743
14111,0.0014893492765056,0.0013840656437094,0,0.0,0.79036254
14112,0.0017119833456345,0.0010644722385204,0,0.0,0.80800647
14113,0.0014656508272326,0.0014600150929889,0,0.0,0.8316954
14114,0.0004674995104259,0.0012246691653682,0,0.0,0.8629468
14115,0.0012380963449968,0.0004961803008154,0,0.0,0.88141245
14116,0.0014652812282101,5.8143404064144674e-05,0,0.0,0.8921568
14117,0.0008884122665791,4.6902390065069416e-05,0,0.0,0.90048194
14118,0.000756793649083,9.43651419468424e-06,0,0.0,0.9069769
14119,0.0004828044592354,0.0001069859189696,0,0.0,0.91102606
14120,0.0017791978427561,0.0001446738278641,0,0.0,0.9126246
14121,0.00154073888652,0.0001252545835599,0,0.0,0.9118921
14122,0.0002868667105549,0.0002810898394903,0,0.0,0.9090678
14123,4.418988389956124e-05,6.538861242975631e-05,0,0.0,0.904988
14124,6.464847816095064e-05,7.555927474972865e-05,0,0.0,0.90234417
14125,0.0001767622365515,1.896599959304251e-05,0,0.0,0.9000581
14126,7.182030791727647e-05,1.9913602169797784e-05,0,0.0,0.8958601
14127,0.0002518126268201,9.646795475316064e-05,0,0.0,0.89098144
14128,0.0005657837748349,0.0001638660070844,0,0.0,0.8891188
14129,0.0007098280516085,0.0003738200253198,0,0.0,0.8907515
14130,0.0009298375859264,0.000766941744778,0,0.0,0.8951672
14131,0.0004347440724876,0.00084602059735,0,0.0,0.90123224
14132,0.0006709916100486,0.0006204622233539,0,0.0,0.9081663
14133,0.0002810850948001,0.0005053920046129,0,0.0,0.91460055
14134,5.238167562761543e-05,0.0004496337638576,0,0.0,0.9194053
14135,0.0001782636685952,0.0003477463333747,0,0.0,0.9237121
14136,0.0003894495665614,0.0002517360394795,0,0.0,0.92623955
14137,0.0008968219737196,0.0001718041174952,0,0.0,0.9281883
14138,0.0005148490090374,0.0003692128857329,0,0.0,0.9296288
14139,0.000699360381948,0.0003985117880876,0,0.0,0.9316172
14140,0.0006711164234864,0.0003145034754879,0,0.0,0.93476355
14141,0.0003665998630096,0.0003650871638824,0,0.0,0.93607455
14142,0.0002635688368264,7.11014467626425e-05,0,0.0,0.93674064
14143,6.057773572878192e-05,0.0001713326261695,0,0.0,0.93805325
14144,0.0001739404184317,0.0004249695486878,0,0.0,0.9380787
14145,0.0010985787291152,0.0005043096402268,0,0.0,0.93832594
14146,0.0019903121189519,0.0003362544749504,0,0.0,0.9383277
14147,0.0009441042147995,0.0003914577270834,0,0.0,0.93722016
14148,0.0001520144160089,0.0003521961793222,0,0.0,0.93544996
14149,0.000234799755647,0.0002569149489212,0,0.0,0.93434626
14150,0.0002471652350988,0.0001682571694645,0,0.0,0.9335837
14151,0.0010740741665921,0.000457513131765,0,0.0,0.93116874
14152,0.0021123424501458,0.0008979866140469,0,0.0,0.92805153
14153,0.0014203957651769,0.0007083221983908,0,0.0,0.9253643
14154,0.0010344353815299,0.0005858454750671,0,0.0,0.92339045
14155,0.0006647080518129,0.0007075003737558,0,0.0,0.9175087
14156,0.0007345360068711,0.0006098977053159,0,0.0,0.9111624
14157,0.0008607014033673,0.0001078582256378,0,0.0,0.8999979
14158,0.001533369694233,0.0002157877086419,0,0.0,0.8849908
14159,0.0006951757975738,0.0005190076680999,0,0.0,0.87075365
14160,0.0002058979270853,0.0006504968028729,0,0.0,0.8619057
14161,0.0006789122953551,0.0002659074312017,0,0.0,0.8567216
14162,0.0008173370972734,0.0001939703408691,0,0.0,0.85235333
14163,0.0003236047210788,0.00038421146837,0,0.0,0.85106975
14164,0.0006675127754412,0.0003615565848171,0,0.0,0.85538363
14165,0.0010322774365319,0.0005815841963422,0,0.0,0.8660605
14166,0.0010592332415698,0.00090794890869,0,0.0,0.8790615
14167,0.0002616182000032,0.0006272621939121,0,0.0,0.8938629
14168,0.0002301115077235,0.0005860364617941,0,0.0,0.9039163
14169,0.0012083803051559,0.0005901227655977,0,0.0,0.91143394
14170,0.0019442685296904,0.0002423880841379,0,0.0,0.9115995
14171,0.0021360429921258,0.0001026329233262,0,0.0,0.9098659
14172,0.0017058571839665,8.288004846939346e-05,0,0.0,0.9071514
14173,0.0022814208513706,0.0003546431926886,0,0.0,0.8978273
14174,0.0029985515376135,0.0001612531515018,0,0.0,0.8823991
14175,0.0043693615368919,0.0002737370357855,0,0.0,0.8540065
14176,0.0024873386708585,3.443919475991721e-05,0,0.0,0.81819046
14177,0.0005039888835521,0.0002104869124957,0,0.0,0.7843444
14178,0.0010196096609361,0.0004757151684611,0,0.0,0.75113297
14179,0.0011360074955977,0.0007679805655165,0,0.0,0.6800871
14180,0.0019266169559882,0.0009184136150346,0,0.0,0.5370375
14181,0.0022479154772246,0.0014199224343152,0,0.0,0.2994257
14182,0.0028390509442905,0.0020256766474804,0,0.0,0.0
14183,0.005607748221687,0.004040765682639,0,0.0,0.0
14184,0.0060335195241435,0.004729366149141,0,0.0,0.0
14185,0.0057468581780937,0.003750700956364,0,0.0,0.0
14186,0.0047906731791991,0.0023693466895238,0,0.0,0.0
14187,0.0040487316385077,0.0018478925109237,0,0.0,0.0
14188,0.0027384741818079,0.0007609912200643,0,0.0,0.0
14189,0.0019160428825862,0.0001676484796413,0,0.0,0.0
14190,0.0014750897954065,0.0001928355689696,0,0.0,0.0
14191,0.0012442858882933,0.0005731338079092,0,0.0,0.0
14192,0.0002755276951738,0.0006035595977596,0,0.0,0.0
14193,0.0007516502508897,6.963466900677091e-05,0,0.0,0.0
14194,0.0011974770757355,0.0005664183196929,0,0.0,0.0
14195,0.0007894180661621,0.0005722627224319,0,0.0,0.0
14196,0.0006761441990857,0.0003143650202328,0,0.0,0.0
14197,0.0013516118572331,0.0005454361755534,0,0.0,0.0
14198,0.00136698206156,0.0011821998990285,0,0.0,0.0
14199,0.0033380802610096,0.0017080739671582,0,0.0,0.0
14200,0.0057003772001303,0.0029280427242678,0,0.0,0.0
14201,0.0042031655518926,0.0030813500628148,0,0.0,0.0
14202,0.0040955336816061,0.0019272299877948,0,0.0,0.0
14203,0.0033229395386,0.0024344279451307,0,0.0,0.0
14204,0.0035525378904498,0.003877439334513,0,0.0,0.0
14205,0.0029982165868441,0.0037643626898993,0,0.0,0.0
14206,0.0026742396871293,0.0033873089854892,0,0.0,0.0
14207,0.0037713705555623,0.0037132608625076,0,0.0,0.0
14208,0.0043079842377898,0.00469061036264,0,0.0,0.0
14209,0.0048783442146225,0.0059362201622647,0,0.0,0.0
14210,0.0047678712495951,0.0055894030605206,0,0.0,0.0
14211,0.0057946057327291,0.0052540551645862,0,0.0,0.0
14212,0.0041090601698596,0.0043671277538669,0,0.0,0.0
14213,0.004538598431258,0.0038271816331139,0,0.15264966,0.0
14214,0.004200035638015,0.0030114088155188,0,0.70411175,0.0
14215,0.0035650081074107,0.0034452470130941,0,0.919709,0.0
14216,0.0048414898225263,0.0038849582046168,0,0.9596167,0.0
14217,0.0025840291404008,0.0033286971325399,0,0.9713548,0.0
14218,0.0023918424190577,0.0031860008345314,0,0.97503185,0.0
14219,0.0030740768375444,0.0035628539151896,0,0.97398955,0.0
14220,0.0031428963874922,0.0037153209236893,0,0.96245444,0.0
14221,0.0036840352533165,0.0038183844458603,0,0.90846884,0.0
14222,0.003328444569152,0.0028933620971834,0,0.7854863,0.0
14223,0.0033524553943155,0.0033873928923455,0,0.6533806,0.0
14224,0.0044049084047494,0.0041991090818142,0,0.5960641,0.0
14225,0.0044468184915564,0.0038148583959372,0,0.6349591,0.0
14226,0.0056957707483787,0.0036739526525692,0,0.70585877,0.0
14227,0.0060996010027286,0.0034539701966227,0,0.7949476,0.0
14228,0.0045868807723944,0.003618903426434,0,0.89070493,0.0
14229,0.0048972960995592,0.0033365898134203,0,0.94294393,0.0
14230,0.0031802741460374,0.0029184654803814,0,0.95307255,0.0
14231,0.0013258949882126,0.003213485112527,0,0.9609333,0.0
14232,0.0007320253771993,0.0058256708514644,0,0.9582281,0.0
14233,0.0017575365630857,0.007571346846505,0,0.94763654,0.0
14234,0.0017319678943351,0.0069235120584602,0,0.93500984,0.0
14235,0.0023321405694985,0.0045150756141136,0,0.90287393,0.0
14236,0.0022556611328269,0.0030138996374245,0,0.858149,0.0
14237,0.0006041723619362,0.0008977008585927,0,0.78800696,0.0
14238,0.0014849955283388,0.0006646409214093,0,0.6873744,0.0
14239,0.0021453416112199,0.0010374051257169,0,0.55666715,0.0
14240,0.0024085612927688,0.0005720141931237,0,0.46521047,0.0
14241,0.0023754095081264,9.146258927997852e-05,0,0.34783182,0.0
14242,0.0020517883442508,0.0001600944300997,0,0.2625269,0.0
14243,0.001337932921437,0.0005525996439765,0,0.2599757,0.0
14244,0.0002231587087001,0.0003465779102765,0,0.2670301,0.0
14245,0.0027403335406756,0.000441771934966,0,0.3167815,0.0
14246,0.0049839434601584,0.0004122923259253,0,0.3935192,0.0
14247,0.0034594413049251,2.639942298010446e-05,0,0.3877072,0.0
14248,0.0015912136042142,0.000630530902757,0,0.2599752,0.0
14249,0.001346120516689,0.0010422500703608,0,0.10258944,0.0
14250,0.0013806337364918,0.0011764795228176,0,0.0,0.0
14251,0.001486930699766,0.0013941776014992,0,0.0,0.0
14252,0.0016281803788698,0.001817637907165,0,0.0,0.0
14253,0.0017910309467375,0.0024134491952208,0,0.0,0.0
14254,0.0019886603192543,0.0034859102244553,0,0.0,0.0
14255,0.0023962192359263,0.0051844920217613,0,0.0,0.0
14256,0.0039004363104977,0.0047587217059881,0,0.0,0.0
14257,0.0064375404743208,0.0033813411012479,0,0.0,0.0
14258,0.0057785113866924,0.0043898775935384,0,0.0,0.0
14259,0.0049366500241462,0.0047799395310297,0,0.0,0.0
14260,0.003740274495588,0.0050983794535749,0,0.0,0.0
14261,0.0038158489002677,0.0041136100614667,0,0.0,0.0
14262,0.0032382142698818,0.001947667264944,0,0.0,0.0
14263,0.0005632235330027,0.0013363547055699,0,0.0,0.0
14264,0.0008647504863568,0.000584171654727,0,0.0,0.0
14265,0.0011641301448198,0.0002930057958869,0,0.0,0.0
14266,0.0017670834465766,0.000208710462391,0,0.0,0.0
14267,0.0015454784604754,0.0002069470650795,0,0.0,0.0
14268,0.0014088739109781,0.000498607050881,0,0.0,0.0
14269,0.0003835734080969,0.0001862641915533,0,0.0,0.0
14270,0.0004273995255965,0.0001921138215417,0,0.0,0.0
14271,0.000330257344922,0.0003605299860151,0,0.0,0.0
14272,0.0013310934599911,0.000260070187811,0,0.0,0.0
14273,0.0028411249715051,0.0003049324208644,0,0.0,0.0
14274,0.0021916611799938,0.0003754829767475,0,0.0,0.0
14275,0.0031738021406317,0.000757783248183,0,0.0,0.0
14276,0.0019967035093534,0.001314983712117,0,0.0,0.0
14277,0.0019035669374506,0.0009692275015868,0,0.0,0.0
14278,0.0022989775260682,0.000483796196044,0,0.0,0.0
14279,0.0004899474230277,0.0001186764895653,0,0.0,0.0
14280,0.0012012782287998,1.1859961019405826e-05,0,0.0,0.0
14281,0.0026004836328919,0.0001171642690042,0,0.0,0.0
14282,0.0019873811387564,0.0001010515922419,0,0.0,0.0
14283,0.0008928771693235,0.0002388290105818,0,0.0,0.0
14284,0.0006799508579568,2.7512038173849424e-05,0,0.0,0.0
14285,0.0006206629937555,0.0002105800498379,0,0.0,0.0
14286,0.0006570954323789,4.019643105469458e-05,0,0.0,0.0
14287,0.0001720168079753,6.2866555314503e-05,0,0.0,0.0
14288,0.0012607515031393,0.0001674604657495,0,0.0,0.0
14289,0.0009573833509866,5.689232304690212e-05,0,0.0,0.0
14290,9.630961298579e-05,2.635394071520061e-05,0,0.0,0.0
14291,0.0007768641535338,7.560629694755474e-05,0,0.0,0.0
14292,0.0006694743469085,0.0001472003930941,0,0.0,0.0
14293,0.0003623637605183,5.85168239008615e-06,0,0.0,0.0
14294,0.0010223008635453,0.000142813598218,0,0.0,0.0
14295,0.0007936639010596,4.330594126152401e-05,0,0.0,0.0
14296,0.0005926401470609,1.4448930555880535e-05,0,0.0,0.0
14297,0.0001497723786995,6.955985085278993e-05,0,0.0,0.0
14298,0.000369320353004,0.0002629099565068,0,0.0,0.0
14299,0.0011236229367942,0.0003185517576029,0,0.0,0.0
14300,0.0021880020784747,7.470156429469667e-05,0,0.0,0.0
14301,0.001983665954665,0.0002459521809387,0,0.0,0.0
14302,0.0006043962846017,0.0002214993967364,0,0.0,0.0
14303,0.0007850188346609,7.380379178303945e-05,0,0.0,0.0
14304,0.0003025203592474,0.0001070146676744,0,0.0,0.0
14305,0.0002590239775798,0.0001917902643698,0,0.0,0.0
14306,0.0008019789822078,0.0001673281543616,0,0.0,0.0
14307,0.0007020102824026,9.368385731709824e-05,0,0.0,0.0
14308,0.0003219970440231,6.301298475394481e-05,0,0.0,0.0
14309,0.001318309244189,0.0004005978307037,0,0.0,0.0
14310,0.002044895692596,0.0004956571427152,0,0.0,0.0
14311,0.0031472089157906,0.0007022886680167,0,0.0,0.0
14312,0.0035176712902173,0.0001765001406852,0,0.0,0.0
14313,0.0051436217657141,0.0007698450816202,0,0.0,0.0
14314,0.0050484471027621,0.0008210402745965,0,0.0,0.0
14315,0.0026119510039922,0.0003763464452615,0,0.0,0.0
14316,0.0029599061294613,0.0003906784520443,0,0.0,0.0
14317,0.0029350982309339,0.0006649186572298,0,0.0,0.0
14318,0.0050012071082819,0.0008716622314844,0,0.0,0.0
14319,0.0064581263397157,0.0011086504356345,0,0.0,0.0
14320,0.0048827809714485,0.0014207030341293,0,0.0,0.0
14321,0.0047942088882242,0.0021941588837588,0,0.0,0.0
14322,0.0037460588567583,0.0025852295279266,0,0.0,0.0
14323,0.0043244961758711,0.0022352841052112,0,0.0,0.0
14324,0.005324488970862,0.0020824098988574,0,0.0,0.0
14325,0.0052384357748104,0.0028745934029562,0,0.0,0.0
14326,0.0051262831005406,0.0040849021181857,0,0.0,0.0
14327,0.0058878131269929,0.0049850355809903,0,0.0,0.0
14328,0.00573677612766,0.0044979541047114,0,0.0,0.0
14329,0.0056520089269347,0.0048283823220251,0,0.0,0.0
14330,0.0058601462015828,0.0056459385222917,0,0.0,0.0
14331,0.0053231511643936,0.0066056735203313,0,0.0,0.0
14332,0.0045019905894471,0.0054478263150424,0,0.0,0.0
14333,0.0040827864323217,0.0037405355486023,0,0.0,0.0
14334,0.0029281744681093,0.0036998493049518,0,0.0,0.0
14335,0.0032192023846918,0.0046876610100718,0,0.0,0.0
14336,0.0042806834778202,0.0049742720681054,0,0.0,0.0
14337,0.004753756273837,0.0043514700629388,0,0.0,0.0
14338,0.0038414679817666,0.0048768890930972,0,0.0,0.0
14339,0.0004755723203207,0.0027813959481426,0,0.0,0.0
14340,0.0025788667602964,0.0013284275079558,0,0.0,0.0
14341,0.0018728773547676,0.0021646719032498,0,0.0,0.0
14342,0.000266292086731,0.0018265962410924,0,0.0,0.0
14343,0.0004831566505396,0.0010219893474375,0,0.0,0.0
14344,0.0008653624631381,0.0004271990627919,0,0.0,0.0
14345,0.0011526615942539,0.0004878843323495,0,0.0,0.0
14346,0.0022109446160358,0.0006908788491212,0,0.0,0.0
14347,0.00419236252125,0.0010121451242234,0,0.0,0.0
14348,0.0038105379476125,0.0007994374423604,0,0.0,0.0
14349,0.0015684330258704,8.80249575106962e-05,0,0.0,0.0
14350,0.001438796529903,0.0010552465925667,0,0.0,0.0
14351,0.001765839674321,0.0012857710279106,0,0.0,0.0
14352,0.0021755459131299,0.0015800400040882,0,0.0,0.0
14353,0.0008442471541123,0.0017112011160132,0,0.0,0.0
14354,0.0006092654330051,0.000662787799196,0,0.0,0.0
14355,0.002197502702718,0.0005302228882069,0,0.0,0.0
14356,0.0014858515207769,0.0005796976157424,0,0.0,0.0
14357,0.0008400549900933,0.000260707029361,0,0.0,0.0
14358,0.0007986018003435,0.0005792694584967,0,0.0,0.0
14359,0.0006244792318445,0.000907029899367,0,0.0,0.0
14360,0.0003631512124457,0.0011090778821368,0,0.0,0.0
14361,0.0013072910830345,0.0006167123636513,0,0.0,0.0
14362,0.0014179456748108,0.0007367069393658,0,0.0,0.0
14363,0.0007106172549893,0.0004918237783841,0,0.0,0.0
14364,0.0004200853618845,0.0001520570981476,0,0.0,0.0
14365,0.0013273448895862,0.000326099330203,0,0.0,0.0
14366,0.0032171502974436,0.0008923877466285,0,0.0,0.0
14367,0.0057520441223909,0.0016908151937226,0,0.0,0.0
14368,0.0065126007555889,0.0022196063431423,0,0.0,0.0
14369,0.0049481875429607,0.0014595899453427,0,0.0,0.0
14370,0.0030201200067333,0.000523650867951,0,0.0,0.0
14371,0.0007797823242793,0.000557042186908,0,0.0,0.0
14372,0.000507687449371,0.000247606500704,0,0.0,0.0
14373,0.0006311775095374,0.0001378105339312,0,0.0,0.0
14374,0.0009723240112812,0.0001568119475193,0,0.0,0.0
14375,0.0002458425044749,0.000108192555761,0,0.0,0.0
14376,0.000305300104851,0.0001678824776711,0,0.0,0.0
14377,7.345233596659198e-05,0.0001931845938871,0,0.0,0.0
14378,6.531564355801152e-05,8.759039581092884e-05,0,0.0,0.0
14379,0.0004908785527276,8.480366553059046e-05,0,0.0,0.0
14380,0.0014455447355909,0.0003698728470126,0,0.0,0.0
14381,0.0010932886729217,0.0002532160338358,0,0.0,0.0
14382,0.0009806675169936,0.0004667185817891,0,0.0,0.0
14383,0.0030992365796514,0.0002636426432603,0,0.0,0.0
14384,0.0016922413010798,4.4402484343167474e-05,0,0.0,0.0
14385,0.0008251707222393,5.691417012645963e-05,0,0.0,0.0
14386,0.0017909756825558,0.0002411947592326,0,0.0,0.0
14387,0.0017803048203637,0.0001798020568611,0,0.0,0.0
14388,0.0010687340271972,0.0001221435277637,0,0.0,0.0
14389,0.0001686630366414,0.0008509189921748,0,0.0,0.0
14390,0.0012039341669991,0.0015276510770031,0,0.0,0.0
14391,0.0002824162182391,0.002064625459024,0,0.0,0.0
14392,0.0012989150503706,0.0016160962651504,0,0.0,0.0
14393,0.005881439582428,0.0017101554991007,0,0.0,0.0
14394,0.0056503628162294,0.0024698327079254,0,0.0,0.0
14395,0.0041405360565703,0.002956506645048,0,0.0,0.0
14396,0.0054928191272984,0.0016305570178855,0,0.0,0.0
14397,0.008372872579222,0.0007801664290083,0,0.0,0.0
14398,0.0082527078671981,0.0019701466070212,0,0.0,0.0
14399,0.0053357744636356,0.0018969506118972,0,0.0,0.0
14400,0.0027053875873288,0.0018852644343352,0,0.0,0.0
14401,0.0019036549663655,0.0020355310137541,0,0.0,0.0
14402,0.0013983067204497,0.0015624686793842,0,0.0,0.0
14403,0.0015090012951718,0.0006117453635161,0,0.0,0.0
14404,0.0012232062808669,0.0018228586493798,0,0.0,0.0
14405,0.0024909745438467,0.0016993149929028,0,0.0,0.0
14406,0.0036221862038235,0.0014814744475777,0,0.0,0.0
14407,0.0049712033030898,0.0015042809429106,0,0.0,0.0
14408,0.0057771225903652,0.0009954868336155,0,0.0,0.0
14409,0.0035267749738801,0.0001650187796134,0,0.0,0.0
14410,0.0016831796904094,0.0006975258757543,0,0.0,0.0
14411,0.0023787048934479,0.0017477547264554,0,0.0,0.0
14412,0.0023266532677052,0.0014786305187658,0,0.0,0.0
14413,0.0012059352156616,0.0010909643369136,0,0.0,0.0
14414,0.0006525377418,0.0005896561653358,0,0.0,0.0
14415,0.0009092465715606,0.0004136532767603,0,0.0,0.0
14416,0.0006839318905346,0.0003656980023838,0,0.0,0.0
14417,0.0002659327630329,0.0003508924700364,0,0.0,0.0
14418,0.0002961583689254,0.0003359630510145,0,0.0,0.0
14419,0.0004065296092656,0.0003208679060645,0,0.0,0.0
14420,0.0003746512358273,0.0003055506254241,0,0.0,0.0
14421,0.0010576131652886,0.0002899832080369,0,0.0,0.0
14422,0.0007639023440225,0.0002741211004325,0,0.0,0.0
14423,0.0004066758798602,0.0002579512094708,0,0.0,0.0
14424,0.0002032637345973,0.0002414954239747,0,0.0,0.0
14425,0.0002630369259526,0.0002247504464405,0,0.0,0.0
14426,0.0001745882454571,0.0002077931160246,0,0.0,0.0
14427,0.0003568202094995,0.0001907177929503,0,0.0,0.0
14428,0.0002226626479083,0.000173711516235,0,0.0,0.0
14429,0.0004269732144992,0.0001570550682349,0,0.0,0.0
14430,0.0002465248612927,0.0001412089294733,0,0.0,0.0
14431,8.644453176435637e-05,0.0001268838984853,0,0.0,0.0
14432,0.0001100906166947,0.0001151823362793,0,0.0,0.0
14433,0.0002775214350603,0.0001075445942395,0,0.0,0.0
14434,0.0001128563174951,0.000105520745707,0,0.0,0.0
14435,0.0001334663807227,0.000117569389529,0,0.0,0.0
14436,0.0005410825322792,0.0001599584139307,0,0.0,0.0
14437,0.00158206039005,0.0001751810954127,0,0.0,0.0
14438,0.0010526595673501,0.0001211477747152,0,0.0,0.0
14439,0.0021475282165349,0.0001656501705144,0,0.0,0.0
14440,0.003470981872914,0.0001560566435722,0,0.0,0.0
14441,0.0045294454627533,0.0006470222849187,0,0.0,0.0
14442,0.0048913077996904,0.0002613402166537,0,0.0,0.0
14443,0.0030700557520593,0.0009307447651239,0,0.0,0.0
14444,0.0018777625769494,0.0009110031270899,0,0.0,0.0
14445,0.0040322914896938,0.0007744247523466,0,0.0,0.0
14446,0.0040863295675056,0.000947671341371,0,0.0,0.0
14447,0.0018139032037899,0.0012851547738914,0,0.0,0.0
14448,0.0012707533505379,0.0009528247505279,0,0.0,0.0
14449,0.003036928746715,0.0010285712119202,0,0.0,0.0
14450,0.0028023130315222,0.00100079477048,0,0.0,0.0
14451,0.0022433842494056,0.0008008166863496,0,0.0,0.0
14452,0.0012693124238407,0.0009732615200151,0,0.0,0.0
14453,0.0007088466118603,0.0008300509091843,0,0.0,0.0
14454,0.0011348409585101,0.0006527630119951,0,0.0,0.0
14455,0.0006947614934677,0.0007480019420487,0,0.0,0.0
14456,0.0017815501724927,0.0006701673381043,0,0.0,0.0
14457,0.0014560325826326,0.0006469438235536,0,0.0,0.0
14458,0.0009777704254284,0.000259045143231,0,0.0,0.0
14459,0.000801427404459,0.0002665706307889,0,0.0,0.0
14460,0.0011420965790021,0.0004420240005377,0,0.0,0.0
14461,0.0024397412622548,0.0004905285578372,0,0.0,0.0
14462,0.0025679513674138,0.0003301077896911,0,0.0,0.0
14463,0.001316322861483,0.000178311952885,0,0.0,0.0
14464,0.0008965532726972,7.99627993906835e-05,0,0.0,0.0
14465,1.4232808165793742e-05,2.3773904886885014e-05,0,0.0,0.0
14466,0.0009226148750824,7.768200183176859e-05,0,0.0,0.0
14467,0.0011051541816342,0.000130181452044,0,0.0,0.0
14468,0.0005924510882621,7.496463019355467e-05,0,0.0,0.0
14469,3.385423492499725e-05,0.0001957544974628,0,0.0,0.0
14470,0.0007077344083748,0.0002329002282312,0,0.0,0.0
14471,0.0014572284746475,0.0001930449888347,0,0.0,0.0
14472,0.0030727118765302,0.0006363600352014,0,0.0,0.0
14473,0.0043833308913991,0.0017603150608343,0,0.0,0.0
14474,0.0052982049198584,0.0020294771122391,0,0.0,0.0
14475,0.0036968871217608,0.0027643934808215,0,0.0,0.0
14476,0.0049052772816105,0.0031716345855143,0,0.0,0.0
14477,0.0055764311989732,0.0044018866556791,0,0.0,0.0
14478,0.0062895545338723,0.0045492140023889,0,0.0,0.0
14479,0.0064337388173856,0.0044870196170662,0,0.0,0.0
14480,0.0059661850523553,0.0046921251173201,0,0.0,0.0
14481,0.0059851261851012,0.0075622029869096,0,0.0,0.0
14482,0.0073929098295809,0.0081530870464882,0,0.0,0.0
14483,0.0086677008309876,0.008465632977615,0,0.0,0.0
14484,0.0097289786799728,0.0089528968149466,0,0.0,0.0
14485,0.0109808790628564,0.0095615147506666,0,0.0,0.0
14486,0.0102951299426495,0.010640557176599,0,0.0,0.0
14487,0.0091249826781096,0.0104178570601325,0,0.0,0.0
14488,0.0094922434100173,0.0107672300554542,0,0.0,0.0
14489,0.0083365649260466,0.0096498476128672,0,0.0,0.0
14490,0.0099528554838325,0.0087743076349475,0,0.0,0.0
14491,0.0101159672543617,0.0086948645058656,0,0.0,0.0
14492,0.010203673260076,0.0098598126091041,0,0.0,0.0
14493,0.0093457421190112,0.0109319758017837,0,0.0,0.0
14494,0.0087926621649604,0.0112709360025496,0,0.0,0.0
14495,0.0073231039311371,0.0092246060588896,0,0.0,0.0
14496,0.0072152714966022,0.0070523302503835,0,0.0,0.0
14497,0.005331477383916,0.0049396954889399,0,0.0,0.0
14498,0.005261589745958,0.0039120245261127,0,0.0,0.0
14499,0.0054070969273053,0.0042751590142612,0,0.0,0.0
14500,0.0063216027502591,0.0053768031120693,0,0.0,0.0
14501,0.0066361167203746,0.0062757986577154,0,0.0,0.0
14502,0.0049683357910945,0.0063685644131305,0,0.0,0.0
14503,0.0055201567173789,0.0058706176862739,0,0.0,0.0
14504,0.0049799637336662,0.005959758384708,0,0.0,0.0
14505,0.0047850441591969,0.0039173049344207,0,0.0,0.0
14506,0.0044658118080666,0.0036650774964702,0,0.0,0.0
14507,0.001927523227017,0.0028095464613622,0,0.0,0.0
14508,0.0013588530241747,0.0023600807396996,0,0.0,0.0
14509,0.0019536329814354,0.0012689051392979,0,0.0,0.0
14510,0.0012491453030967,0.000809813444721,0,0.0,0.0
14511,0.0014447607395166,0.000435552997402,0,0.0,0.0
14512,0.002489511934569,0.0011079381116492,0,0.0,0.0
14513,0.0020640428736997,0.0013625327666526,0,0.0,0.0
14514,0.0022526562568823,0.0008811499336734,0,0.0,0.0
14515,0.0027968267072312,0.0008459885114342,0,0.0,0.0
14516,0.0047546238609226,0.0011627826980772,0,0.0,0.0
14517,0.006515093433933,0.0007732922078229,0,0.0,0.0
14518,0.0055473509824523,0.0008026194524247,0,0.0,0.0
14519,0.0038800205155606,0.0003368492779545,0,0.0,0.0
14520,0.0029414274193462,8.690602635962713e-06,0,0.0,0.0
14521,0.0015448273736335,0.000258054303571,0,0.0,0.0
14522,0.0023619478992752,0.0003622903114039,0,0.0,0.0
14523,0.0021682419572806,0.0001090425261353,0,0.0,0.0
14524,0.0033652971112486,0.0002633309369536,0,0.0,0.0
14525,0.0043603052040612,0.0005820541987248,0,0.0,0.0
14526,0.0029263090736071,0.0010413190923082,0,0.0,0.0
14527,0.0016932974842946,0.0010212818677697,0,0.0,0.0
14528,0.0004194142086743,0.000591002087527,0,0.0,0.0
14529,0.0003516318002187,0.0001347436971076,0,0.0,0.0
14530,0.0006840452896495,0.0001636232375206,0,0.0,0.0
14531,0.0014940932262652,0.0005727326960526,0,0.0,0.0
14532,0.001289848195733,0.0008104641093196,0,0.0,0.0
14533,0.0001734749815395,0.0007275660772167,0,0.0,0.0
14534,0.0020809560093907,0.0003936428397644,0,0.0,0.0
14535,0.0030881927649598,0.0006686902009093,0,0.0,0.0
14536,0.0029654471912163,0.0001262633549299,0,0.0,0.0
14537,0.0031383169385236,0.0003421814449364,0,0.0,0.0
14538,0.0034063705206888,0.0002693441505389,0,0.0,0.0
14539,0.003013911652965,0.0001620900444052,0,0.0,0.0
14540,0.0022930866055611,0.0001960387399999,0,0.0,0.0
14541,0.0020400960624784,0.0004114016034396,0,0.0,0.0
14542,0.0018689158188333,0.0007040271096537,0,0.0,0.0
14543,0.0014686821854015,0.0011050837122944,0,0.0,0.0
14544,0.0012711020438913,0.0006399081784754,0,0.0,0.0
14545,0.0007813844854008,0.0002847585701926,0,0.0,0.0
14546,0.0003504316368657,0.0003962507346189,0,0.0,0.0
14547,0.0002302636876321,8.413392938950365e-05,0,0.0,0.0
14548,0.0003401562168494,7.2072246129434e-05,0,0.0,0.0
14549,0.000252085124021,0.0001995052019758,0,0.0,0.0
14550,0.0003505642972154,0.0008433778589493,0,0.0,0.0
14551,0.0009769939406604,0.0011855804890274,0,0.0,0.0
14552,0.002244221412444,0.0013509464993317,0,0.0,0.0
14553,0.0029856229266446,0.0017281408888941,0,0.0,0.0
14554,0.0045463337338127,0.001816346851573,0,0.0,0.0
14555,0.0041718005675928,0.0021284196396542,0,0.0,0.0
14556,0.0028438479672997,0.0026422321438774,0,0.0,0.0
14557,0.0037836413430751,0.0027162137895271,0,0.0,0.0
14558,0.0038024511116504,0.00259295271162,0,0.0,0.11679207
14559,0.0040575418199494,0.0029756741759221,0,0.0,0.1426166
14560,0.0046751181313694,0.0045133342319995,0,0.0,0.1816536
14561,0.0049243868560324,0.0049635504426452,0,0.0,0.25191474
14562,0.0035128310804958,0.0050049624793131,0,0.0,0.4129427
14563,0.0027776235443772,0.003519227980918,0,0.0,0.63095725
14564,0.0012471447658699,0.0014354895140075,0,0.0,0.76728296
14565,0.0004598114143077,0.0003908228521121,0,0.0,0.806121
14566,0.0002905893775997,7.211842242951188e-05,0,0.0,0.81608343
14567,0.0017145161978711,0.0007833953306634,0,0.0,0.7989796
14568,0.0020683166833064,0.0015267732702687,0,0.0,0.75724643
14569,0.0015671299388641,0.0011976623746061,0,0.0,0.7104634
14570,0.0013661752172296,0.0008643761546764,0,0.0,0.6677877
14571,0.0024089031517649,0.0020354158033474,0,0.0,0.6442752
14572,0.0038445608759976,0.003817459400974,0,0.0,0.7001499
14573,0.0035044850521309,0.0037086027937899,0,0.0,0.76644516
14574,0.0024228908320185,0.0029834279570202,0,0.0,0.77386653
14575,0.0014560881143463,0.0024731799525261,0,0.0,0.7474252
14576,0.0012129061556654,0.0022229946866289,0,0.0,0.6484329
14577,0.0022275686320587,0.0023105765702947,0,0.0,0.4632282
14578,0.0023078161518137,0.0021570136036346,0,0.0,0.22541952
14579,0.0039533582297313,0.0025139248786164,0,0.0,0.0
14580,0.0042554319402696,0.0029883228219373,0,0.0,0.0
14581,0.0031907552437785,0.0032025398753415,0,0.0,0.0
14582,0.0035408003662486,0.0029317790174243,0,0.0,0.0
14583,0.0033354157061419,0.0020149707132706,0,0.0,0.0
14584,0.0035584115570126,0.0021101622657907,0,0.0,0.0
14585,0.0041694521933191,0.0032599563541745,0,0.0,0.0
14586,0.0052714007410777,0.0043622542668209,0,0.0,0.0
14587,0.0052584218713116,0.0063664021831573,0,0.0,0.0
14588,0.0062935207305343,0.0063356887728691,0,0.0,0.0
14589,0.0056603439826095,0.0068319527338901,0,0.0,0.0
14590,0.00377643399905,0.0054807736137361,0,0.0,0.0
14591,0.0026697317376837,0.0039423988637955,0,0.0,0.0
14592,0.0010678415959447,0.0027235507017776,0,0.0,0.0
14593,0.000127500864716,0.0005711209268895,0,0.0,0.0
14594,0.0001832465359102,0.0006917322144788,0,0.0,0.0
14595,9.725882176074398e-05,0.0001911810479488,0,0.0,0.0
14596,0.0008917496006953,0.0005144722725299,0,0.0,0.0
14597,0.0015033161042271,0.0007424141604425,0,0.0,0.0
14598,0.0001580232187073,0.0001632442583775,0,0.0,0.0
14599,0.0021649940174459,5.7310798744303824e-05,0,0.0,0.0
14600,0.0018251744441997,0.000218031687909,0,0.0,0.0
14601,0.0013665409878766,0.0001438687610038,0,0.0,0.0
14602,0.0002820350073585,2.386932088277706e-05,0,0.0,0.0
14603,0.0005041348067724,2.8147849610969075e-05,0,0.0,0.0
14604,0.00246037921102,0.0002317518155254,0,0.0,0.0
14605,0.0028504545010602,0.0006468772094574,0,0.0,0.0
14606,0.0010294046594748,0.0003327652552224,0,0.0,0.0
14607,0.0001552714022019,2.990031450189383e-05,0,0.0,0.0
14608,2.342097641590498e-05,0.0002991949641416,0,0.0,0.0
14609,8.73536740712756e-05,0.0002818200857501,0,0.0,0.0
14610,0.0008698257138135,0.0001223562134551,0,0.0,0.0
14611,0.0031104475166974,0.0003184248200356,0,0.0,0.0
14612,0.0048718329823286,0.0011456181207612,0,0.0,0.0
14613,0.0051499164593815,0.0006288448674042,0,0.0,0.0
14614,0.0036075535973871,0.0013080072323537,0,0.0,0.0
14615,0.002961362750219,0.0016699543318265,0,0.0,0.0
14616,0.003646780026128,0.0024556790059091,0,0.0,0.0
14617,0.0030361155232268,0.0022402377575909,0,0.0,0.0
14618,0.0025303070631665,0.00252877781028,0,0.0,0.0
14619,0.0016934307459889,0.0005621002740141,0,0.0,0.0
14620,0.0008546319810444,0.0002372032453323,0,0.0,0.0
14621,0.0014603696926813,0.0004797772028764,0,0.0,0.0
14622,0.0011220172832031,0.0010310896533025,0,0.0,0.0
14623,0.0021640062990892,0.0010058121329297,0,0.0,0.0
14624,0.0031060113009922,0.0023403349643697,0,0.0,0.0
14625,0.0036564426455563,0.0033301931286936,0,0.0,0.0
14626,0.0060595656112292,0.0027553028090319,0,0.0,0.0
14627,0.0059184562823205,0.0042363835871196,0,0.0,0.0
14628,0.0047808995562899,0.0042747980076086,0,0.0,0.0
14629,0.004556987987842,0.0042241695868977,0,0.0,0.0
14630,0.0054124246787576,0.0051033397140997,0,0.0,0.0
14631,0.0044397117608772,0.0047091161127819,0,0.0,0.0
14632,0.0034446932551763,0.0023854307495124,0,0.0,0.0
14633,0.0021985130113974,0.0011304337277566,0,0.0,0.0
14634,0.0003384079498905,0.0001571675480242,0,0.0,0.0
14635,0.0007287736923482,0.000483315295342,0,0.0,0.0
14636,0.0007563720392249,0.0008293573129794,0,0.0,0.0
14637,0.000454502214023,0.0008855579806511,0,0.0,0.0
14638,0.0003537293050914,0.0015295379721037,0,0.0,0.0
14639,0.0006111671742615,0.0013004461506081,0,0.0,0.0
14640,0.0020497138445986,0.0020440141967695,0,0.0,0.0
14641,0.0047605659587555,0.0032000522959617,0,0.0,0.0
14642,0.0053968150021517,0.0039010304315051,0,0.0,0.0
14643,0.0040555918989135,0.0028911431715681,0,0.0,0.0
14644,0.0036579520141567,0.0026674028345874,0,0.0,0.0
14645,0.0032321799978287,0.0023685246123057,0,0.0,0.0
14646,0.0065916459965073,0.0019349781880254,0,0.0,0.0
14647,0.0096383626661558,0.0024460236690506,0,0.0,0.0
14648,0.0094830848872804,0.0024973476436417,0,0.0,0.0
14649,0.0071867526416972,0.0021531044431227,0,0.0,0.0
14650,0.004329825907907,0.0010228292094933,0,0.0,0.0
14651,0.0045662681697246,0.0008647872727087,0,0.0,0.0
14652,0.004850314530319,0.0004541670395475,0,0.0,0.0
14653,0.0053070332686327,0.0001639601155813,0,0.0,0.0
14654,0.0044024249012228,0.0003968143166975,0,0.0,0.0
14655,0.0032123799791546,0.0004408377681894,0,0.0,0.0
14656,0.0028223074179388,0.0003207600568926,0,0.0,0.0
14657,0.0032381750694293,0.0003233215244398,0,0.0,0.0
14658,0.0022252122211304,0.0003216535495887,0,0.0,0.0
14659,0.0025205986959038,0.0002062545756936,0,0.0,0.0
14660,0.0030064086590315,0.0008041740521653,0,0.0,0.0
14661,0.0021894200679145,0.0014138805540287,0,0.0,0.0
14662,0.0031363137997311,0.0016548587172807,0,0.0,0.0
14663,0.0021942276396702,0.0013879861041152,0,0.0,0.0
14664,0.0027632899626896,0.0012809166868112,0,0.0,0.0
14665,0.0033016676649875,0.0012776560828735,0,0.0,0.0
14666,0.0027742881587579,0.0012103279545733,0,0.0,0.0
14667,0.0017831081064016,0.0010642209534305,0,0.0,0.0
14668,0.0014840667926338,0.0010172263606767,0,0.0,0.0
14669,0.0020648858012542,0.0011553063259388,0,0.0,0.0
14670,0.0013779085001947,0.0010754467228544,0,0.0,0.0
14671,0.0002681467928451,0.0002515782412816,0,0.0,0.0
14672,0.0004877784184239,7.943568004209534e-05,0,0.0,0.0
14673,0.0006415650242523,2.970180070092177e-05,0,0.0,0.0
14674,0.0010042223798017,0.0001067051000154,0,0.0,0.0
14675,0.0016001943407834,0.0002651297058223,0,0.0,0.0
14676,0.0014879188449148,0.0002266616374242,0,0.0,0.0
14677,0.0021954896608256,0.0002237927889671,0,0.0,0.0
14678,0.0071405626799063,0.0001860530884215,0,0.0,0.0
14679,0.0018506484975889,0.0011705624535732,0,0.0,0.0
14680,0.0110145579877907,0.0013501250850218,0,0.0,0.0
14681,0.0038515010702215,0.0015467672141533,0,0.0,0.0
14682,0.0028902611062135,0.0027437161352832,0,0.0,0.0
14683,0.0045506432864949,0.0034613269887542,0,0.0,0.0
14684,0.0060208130249347,0.0030581866802638,0,0.0,0.0
14685,0.0048287098596963,0.0025914042442271,0,0.0,0.0
14686,0.0030587966377508,0.0019980481776864,0,0.0,0.0
14687,0.0023834709640564,0.0015798047795631,0,0.0,0.0
14688,0.0017561997409798,0.0010083756488062,0,0.0,0.0
14689,0.0012401687566479,0.0013525173692276,0,0.0,0.0
14690,0.0009480099727732,0.0008453457632377,0,0.0,0.0
14691,0.000214328464432,0.0006456276021739,0,0.0,0.0
14692,0.0002068352068589,0.0007953088757221,0,0.0,0.0
14693,0.0009721677088332,0.0007232545464964,0,0.0,0.0
14694,0.0018973951310198,0.0004401374951076,0,0.0,0.0
14695,0.0007047343175461,0.0003213187682296,0,0.0,0.0
14696,0.0007338363563813,0.0008567635740346,0,0.0,0.0
14697,0.0010621561125628,0.0007433096601773,0,0.0,0.0
14698,0.0016673184510259,0.0003457767630503,0,0.0,0.0
14699,0.0026749707725238,0.000541775086292,0,0.0,0.0
14700,0.0063524771306883,0.0009910445297883,0,0.0,0.0
14701,0.0084903560249972,0.0014203659647102,0,0.0,0.0
14702,0.0070264331273371,0.002820060868921,0,0.0,0.0
14703,0.0055408373781622,0.0032368382121145,0,0.0,0.0
14704,0.0050495147612285,0.0021152741421131,0,0.0,0.0
14705,0.0031690630923293,0.0024199892785352,0,0.0,0.0
14706,0.0020636028649723,0.0024437134444125,0,0.0,0.0
14707,0.0022468545845532,0.0022484994210388,0,0.0,0.0
14708,0.0055482137540129,0.0027911926305083,0,0.0,0.0
14709,0.0057570566152137,0.0028249055467153,0,0.0,0.0
14710,0.0042061786922331,0.0012716714725211,0,0.0,0.0
14711,0.0050903372748747,0.0012741958373982,0,0.0,0.0
14712,0.0051901215140675,0.0007518570029765,0,0.0,0.0
14713,0.0063756012016127,0.0009828541157952,0,0.0,0.0
14714,0.0061990427876547,0.002102499948053,0,0.0,0.0
14715,0.0060899214355653,0.0040186635832659,0,0.0,0.0
14716,0.0047592163822897,0.003978931114473,0,0.0,0.0
14717,0.0038196808169547,0.0020705693830654,0,0.0,0.0
14718,0.0032505943824466,0.0011921001251037,0,0.0,0.0
14719,0.0023497380366893,0.001198302488829,0,0.0,0.0
14720,0.0011856241163565,0.0012037501108275,0,0.0,0.0
14721,0.0014846895249652,0.0010654930512093,0,0.0,0.0
14722,0.0003091630581233,0.0002829553791281,0,0.0,0.0
14723,0.0004499828659856,0.0003874458712334,0,0.0,0.0
14724,0.0012117823344672,0.0006839800637128,0,0.0,0.0
14725,0.0005550916243761,0.0012805159598543,0,0.0,0.0
14726,0.0004888350257502,0.0014680437356721,0,0.0,0.0
14727,0.0003400499456278,0.0008429121337904,0,0.0,0.0
14728,0.0017555346881401,0.0010928690343163,0,0.0,0.0
14729,0.0018410061312983,0.0010140472224766,0,0.0,0.0
14730,0.0020245579264463,0.001227528487236,0,0.0,0.0
14731,0.0024054436636303,0.0020255897384813,0,0.0,0.0
14732,0.0029043733850794,0.002190050214282,0,0.0,0.0
14733,0.0026152281509884,0.0030673535553697,0,0.0,0.0
14734,0.0025344913409514,0.0026554016532062,0,0.0,0.0
14735,0.0012559865743093,0.0017424955836357,0,0.0,0.0
14736,0.00202387067194,0.0006475393541803,0,0.0,0.0
14737,0.0025976972201583,0.0011816052334684,0,0.0,0.0
14738,0.0010260056251444,0.0021222421001826,0,0.0,0.0
14739,0.0013268201797341,0.0013043186989647,0,0.0,0.0
14740,0.0009903285871776,0.0014614865135273,0,0.0,0.0
14741,0.0005504000570888,0.0015944218367138,0,0.0,0.0
14742,0.0007185467593044,0.0006262680937184,0,0.0,0.0
14743,0.0009357581880749,0.0003815374360392,0,0.0,0.0
14744,0.0005505920337344,0.000132903991925,0,0.0,0.0
14745,0.0018575872265902,0.0003021724967653,0,0.0,0.0
14746,0.0030287645786354,0.0011689190811968,0,0.0,0.0
14747,0.0024824312979256,0.0014471809916786,0,0.0,0.0
14748,0.0024202023455002,0.0012427913880812,0,0.0,0.0
14749,0.0002749280766023,0.0005756651802341,0,0.0,0.0
14750,0.0015979571503772,1.2880411273139157e-05,0,0.0,0.0
14751,0.0028942096533662,0.0006628599837768,0,0.0,0.0
14752,0.0036383958950538,0.0013728064570672,0,0.0,0.0
14753,0.0036213838143302,0.0016626845213674,0,0.0,0.0
14754,0.0029877374907657,0.0008967192081538,0,0.0,0.0
14755,0.0023906881178114,0.0008285842493941,0,0.0,0.0
14756,0.0021454319111335,0.000944357117377,0,0.0,0.0
14757,0.0017900821455656,0.0005613872872864,0,0.0,0.0
14758,0.0011682005763166,0.0002894195711664,0,0.0,0.0
14759,0.0004855432881316,0.00026468759288,0,0.0,0.0
14760,0.0002167931075549,0.0002769447967694,0,0.0,0.0
14761,0.0003224353886048,0.0001601554639934,0,0.0,0.0
14762,0.0002471143407529,0.0002645554250597,0,0.0,0.0
14763,0.0006268002454111,0.0005727273604222,0,0.0,0.0
14764,0.0001620956457644,0.0005014700163081,0,0.0,0.0
14765,0.000111419060959,0.0005072431801983,0,0.0,0.0
14766,0.0008963595006812,0.0007514886695174,0,0.0,0.0
14767,0.002092923575776,0.0005192089088746,0,0.0,0.0
14768,0.0006962559708919,0.0004712826695437,0,0.0,0.0
14769,0.0001742275662262,0.0006229778313149,0,0.0,0.0
14770,0.0009547104047928,0.0003533222541865,0,0.0,0.0
14771,0.0014873497577527,0.0004121165860774,0,0.0,0.0
14772,0.0006587778362723,0.0017600384023813,0,0.0,0.0
14773,0.0003365814222137,0.0016022924685527,0,0.0,0.0
14774,0.0004198314801235,0.0012158623444742,0,0.0,0.0
14775,0.0004252939617665,0.0010512137934651,0,0.0,0.0
14776,0.0005398502864874,0.0007045106722273,0,0.0,0.0
14777,0.001176154439994,0.0006536560736019,0,0.0,0.0
14778,0.0012929095105954,0.0009005787826312,0,0.0,0.0
14779,0.0009272133464463,0.0004759798198144,0,0.0,0.0
14780,0.0010197526378703,0.0004956219757092,0,0.0,0.0
14781,0.0006480129522348,0.0007854130055897,0,0.0,0.0
14782,8.914817173672878e-05,0.000384973337941,0,0.0,0.0
14783,0.0007950137991419,0.000477087698394,0,0.0,0.0
14784,0.0003343841953503,0.0006039081202464,0,0.0,0.0
14785,0.0012304784260611,0.0002346278601859,0,0.0,0.0
14786,0.0020939251691157,0.0002058011127968,0,0.0,0.0
14787,0.0013849376721504,0.0002332342282588,0,0.0,0.0
14788,0.0003894126177868,0.0001996075939412,0,0.0,0.0
14789,0.002837277559018,0.0002256491776755,0,0.0,0.0
14790,0.002021060204702,0.0001375457074397,0,0.0,0.0
14791,0.0007127002759251,0.0001095975627042,0,0.0,0.0
14792,8.985821062480401e-05,5.852058531955754e-05,0,0.0,0.0
14793,0.0003863641369933,0.0002801322294531,0,0.0,0.0
14794,0.0013405503857161,0.0003547001574117,0,0.0,0.0
14795,0.0004976443970652,0.000321757456685,0,0.0,0.0
14796,0.000343506762019,0.0007043692583578,0,0.0,0.0
14797,0.000790800488899,0.0004697671593857,0,0.0,0.0
14798,0.0001851517423325,0.0004985408222686,0,0.0,0.0
14799,8.287304232403457e-05,0.0004248941417571,0,0.0,0.0
14800,0.0002720617244833,0.0001250518309666,0,0.0,0.0
14801,0.0006223972066827,0.0001517760961543,0,0.0,0.0
14802,0.0001770935189796,0.0002620563889892,0,0.0,0.0
14803,4.204554365041646e-05,0.0001746152703279,0,0.0,0.0
14804,0.000557235106872,0.0001134946547254,0,0.0,0.0
14805,0.0018528484516452,3.218593792811432e-05,0,0.0,0.0
14806,0.000370017581512,0.0001040847914011,0,0.0,0.0
14807,0.0006093539582692,0.0002858956056194,0,0.0,0.0
14808,0.0003810607925723,0.0001197811262088,0,0.0,0.0
14809,0.0006771538504291,9.265426093905676e-05,0,0.0,0.0
14810,0.0001690571013186,7.08719930833294e-05,0,0.0,0.0
14811,0.0001307173089321,0.0001718058513806,0,0.0,0.0
14812,0.0002784098883396,0.0002035028621486,0,0.0,0.0
14813,0.0011473729796867,0.0001932753486548,0,0.0,0.0
14814,0.0019316546730031,0.000291833975329,0,0.0,0.0
14815,0.0013063965267799,0.0004533237740108,0,0.0,0.0
14816,0.0010847679524598,0.0007503395840507,0,0.0,0.0
14817,0.0025561240024142,0.0006976119398432,0,0.0,0.0
14818,0.0017009917297262,0.0003267592788415,0,0.0,0.0
14819,0.0013708595638663,0.0001665999191587,0,0.0,0.0
14820,0.0025870487091006,0.0004778173069719,0,0.0,0.0
14821,0.003716811734794,0.0006739426364359,0,0.0,0.0
14822,0.0044740786718562,0.0005807041794091,0,0.0,0.0
14823,0.003930512417146,0.00028615743209,0,0.0,0.0
14824,0.0033845845745717,0.0001527444016812,0,0.0,0.0
14825,0.0064196378373582,0.0004262422684555,0,0.0,0.0
14826,0.0065422271000204,0.0001663756460459,0,0.0,0.0
14827,0.004287287889127,0.0013046249124159,0,0.0,0.0
14828,0.0035860124471453,0.0015493739502379,0,0.0,0.0
14829,0.0031689345326776,0.0019050504456276,0,0.0,0.0
14830,0.002132932731191,0.0020034793864491,0,0.0,0.0
14831,0.0027273980637974,0.0015848578240955,0,0.0,0.106755234
14832,0.0029271183778014,0.0013287237697599,0,0.0,0.14495903
14833,0.0014728136023818,0.0007972466105941,0,0.0,0.17905287
14834,0.0006505615875956,0.0009035412632485,0,0.0,0.20437387
14835,0.0011016645084821,0.0007899853441551,0,0.0,0.21968727
14836,0.0008919381036415,0.0009467937418897,0,0.0,0.22283712
14837,0.0004768629688962,0.0006365101615286,0,0.0,0.22064334
14838,0.0002829945949407,0.0001232711339724,0,0.0,0.21522705
14839,6.255862737837776e-05,0.000197370836466,0,0.0,0.20898665
14840,0.0002042747871836,0.0001230898895558,0,0.0,0.201506
14841,0.0001960736074342,7.530550490349607e-05,0,0.0,0.19628729
14842,8.3612693337775e-05,4.491208121551881e-05,0,0.0,0.19524331
14843,9.402609429772314e-05,3.217885644280427e-05,0,0.0,0.1969363
14844,5.1302812010807936e-05,4.77622017685328e-05,0,0.0,0.19827837
14845,2.920402201100126e-05,3.048737315382812e-05,0,0.0,0.19959682
14846,2.42335456760114e-05,4.455841867884064e-05,0,0.0,0.2005756
14847,3.165324969655508e-05,0.0001136742010887,0,0.0,0.20136288
14848,4.494015923962277e-05,0.000187312015274,0,0.0,0.2023969
14849,1.903292582831853e-05,0.0005602096852714,0,0.0,0.2042554
14850,0.0001049327472294,0.000169797132929,0,0.0,0.20580296
14851,8.485280322194888e-05,2.957586538982199e-05,0,0.0,0.20628384
14852,3.495793958127914e-05,7.038181856738685e-06,0,0.0,0.20499142
14853,3.4816132331268346e-05,7.092008292142504e-05,0,0.0,0.2032622
14854,4.636359533264305e-05,0.0002743156349766,0,0.0,0.20199382
14855,5.611414295825819e-05,3.725997631779481e-05,0,0.0,0.20057629
14856,1.5233962647229824e-05,0.0001271852546365,0,0.0,0.20139304
14857,0.0001252930868909,1.383356141535818e-05,0,0.0,0.20755906
14858,7.146651521879578e-05,7.250221727749604e-05,0,0.0,0.22439341
14859,5.161010583588367e-05,2.122538576307573e-05,0,0.0,0.23630087
14860,0.0001781318997557,0.0001356562913249,0,0.0,0.25175652
14861,5.622159368238483e-05,4.744753501207445e-05,0,0.0,0.29975986
14862,0.0004029560874689,1.76758142166769e-05,0,0.0,0.36328632
14863,0.0024456911802019,8.934878101996483e-05,0,0.0,0.4292266
14864,0.0052195698703768,0.0003915254259717,0,0.0,0.5212258
14865,0.0048124766008009,0.0005633390538063,0,0.0,0.6113944
14866,0.0017233731629839,0.000698912036907,0,0.0,0.6626918
14867,0.0025827165423067,0.0010754354039126,0,0.0,0.7349077
14868,0.0056314493165832,0.0024438040693029,0,0.0,0.78783447
14869,0.0029999020620458,0.001993415764907,0,0.0,0.80538934
14870,0.0024261881420545,0.0008666953650187,0,0.0,0.7982902
14871,0.0017603997849611,0.0006009454944982,0,0.0,0.7894213
14872,0.0003686501980676,0.0006099966089883,0,0.0,0.7828636
14873,0.0001619873144486,0.0007342120762634,0,0.0,0.7728767
14874,0.0006029196509749,0.0001814839266306,0,0.0,0.7576941
14875,0.0001507335459702,0.0006639818816998,0,0.0,0.75144416
14876,0.00018589696611,0.000895004704333,0,0.0,0.7402299
14877,0.0002882374826894,0.0007347873994286,0,0.0,0.7027322
14878,0.0001748215931203,0.0008287951658971,0,0.0,0.6776256
14879,0.0019237137015259,0.0008106691124145,0,0.0,0.6184157
14880,0.007803502136754,0.0007223474565849,0,0.0,0.54103434
14881,0.0011396362327721,0.0002569946846037,0,0.0,0.5163577
14882,0.0036237815295536,0.0001096405700064,0,0.0,0.573896
14883,0.0029365084696993,0.0003482951676515,0,0.0,0.6268994
14884,0.0025303282695095,0.0004840224373917,0,0.0,0.6683192
14885,0.0010171020887086,0.0002700660915222,0,0.0,0.6882315
14886,0.0005331030389782,0.0001739917887607,0,0.0,0.6750266
14887,0.0003582092587465,0.0002000935196415,0,0.0,0.6649056
14888,0.0004841404854414,0.0003701501265304,0,0.0,0.6576064
14889,0.0005960091887198,0.0002088248072098,0,0.0,0.64697915
14890,0.0009111783785605,1.8332679495609996e-05,0,0.0,0.6354634
14891,0.0002204027133517,4.973029013292789e-05,0,0.0,0.6182633
14892,0.0001559560081836,0.0003129555154951,0,0.0,0.59950507
14893,0.0005282920719768,0.000625207796771,0,0.0,0.57408035
14894,0.0007286695595817,0.000513455605783,0,0.0,0.5491224
14895,0.0009210742268276,0.0004196449078788,0,0.0,0.51886475
14896,0.0032683241499953,0.0001013303678688,0,0.0,0.45634225
14897,0.003112854837163,0.000816809684417,0,0.0,0.39284247
14898,0.0003257749443889,0.0006769824051064,0,0.0,0.35880378
14899,0.0021316330126358,8.027277886447433e-05,0,0.0,0.36572433
14900,0.0028362170587346,0.0002164107134024,0,0.0,0.39369828
14901,0.0005691315330857,2.1509046035618704e-05,0,0.0,0.42187884
14902,0.0002518865489512,0.0002886546478889,0,0.0,0.4357182
14903,9.285718061259666e-05,9.5654300860556e-05,0,0.0,0.45004517
14904,0.0006559659813228,0.000115154658478,0,0.0,0.46862483
14905,0.0005241210160199,8.366691813010452e-05,0,0.0,0.5160658
14906,0.000370156527735,0.0003013762929033,0,0.0,0.56413877
14907,0.0007409430999712,0.0002927521132803,0,0.0,0.61907077
14908,0.001933636490588,0.0006079819249559,0,0.0,0.68826514
14909,0.0015534593406599,0.0007324297056245,0,0.0,0.72529733
14910,0.0040265662022315,0.0003876983493292,0,0.0,0.73477197
14911,0.0022126502648235,0.0003229613694476,0,0.0,0.7358253
14912,0.0015158348331757,0.000514427947929,0,0.0,0.73186916
14913,0.001409444257507,0.0009723216007884,0,0.0,0.72785276
14914,0.0020291841193641,0.001137153213431,0,0.0,0.7657574
14915,0.0029154392739243,0.0009562875229069,0,0.0,0.8198834
14916,0.0043084398579627,0.0005786762386732,0,0.0,0.86058426
14917,0.0026718724685168,0.0001180047050739,0,0.0,0.89950556
14918,0.0011477635196435,0.0002129927657054,0,0.0,0.92079794
14919,0.0009275086365088,0.0002161625734629,0,0.0,0.9341918
14920,0.0008810563286143,0.0002156301800124,0,0.0,0.9434915
14921,0.0006143716704357,0.0003117588309508,0,0.0,0.9483467
14922,0.0005782490601764,0.0005263918969695,0,0.0,0.95140517
14923,0.0012912752978478,0.00066136363831,0,0.0,0.95438516
14924,0.0006418780621361,0.0001002485695648,0,0.0,0.9551136
14925,0.0007900625132155,0.0004858906866718,0,0.0,0.9578748
14926,0.0017392678950493,0.0008753729743619,0,0.0,0.9604349
14927,0.0010474936440887,0.0006598215229667,0,0.0,0.96194065
14928,0.0002936531039765,0.0003997692731217,0,0.0,0.9628326
14929,9.638415054631274e-05,0.0001133063856374,0,0.0,0.9641966
14930,0.0002576934380859,0.0002200451841602,0,0.0,0.9652274
14931,0.0002074199785555,0.000498599198613,0,0.0,0.9668014
14932,0.0003960116502157,0.0008068226335063,0,0.0,0.96886605
14933,0.0012480791559559,0.0012137135370493,0,0.0,0.9704676
14934,0.0008174034694136,0.0016216916822147,0,0.0,0.97122645
14935,0.0006064648916515,0.0015137276130407,0,0.0,0.97151375
14936,0.0003482786852031,0.0018601266919676,0,0.0,0.9716636
14937,0.0005093857752336,0.0008767046826905,0,0.0,0.9712303
14938,0.001023830605562,0.0005916345015538,0,0.0,0.96999943
14939,0.0009798220341703,0.0003892025903509,0,0.0,0.96799207
14940,0.0021254731056658,0.0002355447964469,0,0.0,0.9637181
14941,0.0027423618726899,0.0001517917646131,0,0.0,0.9577795
14942,0.0015344592602958,0.0003045624443779,0,0.0,0.9514553
14943,0.0015563791396885,7.778445242851718e-05,0,0.0,0.941736
14944,0.0020392944367041,0.0001816749625481,0,0.0,0.9226061
14945,0.0022078113956668,0.0002694480800004,0,0.0,0.87585914
14946,0.0039780916882228,0.0001594930384032,0,0.0,0.77737665
14947,0.0065080573612691,0.0009927925469984,0,0.0,0.5793754
14948,0.0074113509212817,0.0019413275466745,0,0.0,0.36880833
14949,0.004062764479066,0.0015094399128528,0,0.0,0.20701867
14950,0.0020504423560978,0.0007161832132212,0,0.0,0.11582656
14951,0.000776285156051,0.0007108572599389,0,0.0,0.0
14952,0.0020465878422169,0.000987464423315,0,0.0,0.0
14953,0.0042946126349634,0.0020562628463492,0,0.0,0.0
14954,0.0057966491326262,0.0030001213712864,0,0.0,0.0
14955,0.0069040836922663,0.0039152712194831,0,0.0,0.0
14956,0.0076472078879593,0.0055181775599831,0,0.0,0.0
14957,0.0061099644224745,0.0054524325974669,0,0.0,0.0
14958,0.0053673885483927,0.0047619679570959,0,0.0,0.0
14959,0.0051638707735647,0.0042568363335237,0,0.0,0.0
14960,0.0053442390161218,0.0053176891088644,0,0.0,0.0
14961,0.0049526024637803,0.0058789635088833,0,0.0,0.0
14962,0.004283778721547,0.0050438063288165,0,0.0,0.0
14963,0.0047082770326277,0.0031734236702048,0,0.0,0.0
14964,0.0034772453398355,0.0023362332146929,0,0.0,0.0
14965,0.0019057301600777,0.0036169505240984,0,0.0,0.0
14966,0.0034226926237581,0.0030714283350876,0,0.0,0.0
14967,0.0037423662294322,0.0018535050803725,0,0.0,0.0
14968,0.0021126463118241,0.0019896269073279,0,0.0,0.0
14969,0.0007016947766246,0.0014238512398515,0,0.0,0.0
14970,0.0017515647924415,0.0006950463040992,0,0.0,0.0
14971,0.0018907511199408,0.0018695977247487,0,0.0,0.0
14972,0.0010101586063369,0.0020231686874333,0,0.0,0.0
14973,0.0007100863305738,0.0009870187560027,0,0.0,0.0
14974,0.0006484325961856,0.0003119498754929,0,0.0,0.0
14975,0.0017317529094847,5.691187546139545e-05,0,0.0,0.0
14976,0.0042227716869946,0.000238948120536,0,0.0,0.0
14977,0.0039074376980026,0.0011807181250557,0,0.0,0.0
14978,0.0039295328187465,0.0011689866408146,0,0.0,0.0
14979,0.0028469116864567,0.0008266631082491,0,0.0,0.0
14980,0.0009573543633845,0.0004545986948085,0,0.0,0.0
14981,0.000178264023268,0.0001667211514316,0,0.0,0.0
14982,0.0006594820149746,0.0002535000093463,0,0.0,0.0
14983,0.0009016642063974,0.0001656983955237,0,0.0,0.0
14984,0.0017609581184673,0.000722963138213,0,0.0,0.0
14985,0.002304763196286,0.0006942286662013,0,0.0,0.0
14986,0.0037899240054245,0.0015058135179698,0,0.0,0.0
14987,0.0040108163525555,0.0002625635874255,0,0.0,0.0
14988,0.0012007054004603,0.000813498636249,0,0.0,0.0
14989,0.0011676982734151,0.0002621054954887,0,0.0,0.0
14990,0.0009605504901323,0.000592050244893,0,0.0,0.0
14991,0.0020696918640507,0.0011563600270417,0,0.0,0.0
14992,0.0039450956885612,0.0014260227197734,0,0.0,0.0
14993,0.0036925188010174,0.00206773137,0,0.0,0.0
14994,0.0042345419779738,0.0012075811331452,0,0.0,0.0
14995,0.0027958153957822,0.0001552890035301,0,0.0,0.0
14996,0.0032132546588431,0.0006380545807394,0,0.0,0.0
14997,0.0020467673193892,0.0007845935177992,0,0.0,0.0
14998,0.0013433694212911,0.0007834865237959,0,0.0,0.0
14999,0.0016789475645481,0.0010261690697614,0,0.0,0.0
15000,0.0014055458390104,0.0011676464580737,0,0.0,0.0
15001,0.0010919234878549,0.0008168478263755,0,0.0,0.0
15002,0.0017602110587985,0.0010766553649576,0,0.0,0.0
15003,0.0024013656927497,0.00165009057592,0,0.0,0.0
15004,0.0026730185626025,0.0013331981896255,0,0.0,0.0
15005,0.0029497508413294,0.001438542298124,0,0.0,0.0
15006,0.0031959975475571,0.001991176735931,0,0.0,0.0
15007,0.0033679930865845,0.0019847408507188,0,0.0,0.0
15008,0.0034667297316618,0.0021483266262677,0,0.0,0.0
15009,0.0036738897713343,0.002796171394999,0,0.0,0.0
15010,0.0041230947962818,0.0034135823212553,0,0.0,0.0
15011,0.0030173110389262,0.0028434292589484,0,0.0,0.0
15012,0.0010954690998803,0.0024677393959253,0,0.0,0.0
15013,0.0006267521036798,0.0012597756540789,0,0.0,0.0
15014,0.0001041440705016,0.0006562384906912,0,0.0,0.0
15015,0.0004663960562298,0.0012498766365541,0,0.0,0.0
15016,0.0014300108278135,0.0016551998900881,0,0.0,0.0
15017,0.0004852842170434,0.0014200482870804,0,0.0,0.0
15018,0.0005292211624308,0.0010436008112557,0,0.0,0.0
15019,0.0006363523828938,0.0001842681587163,0,0.0,0.0
15020,0.002048604582315,0.0001529157824753,0,0.0,0.0
15021,0.0017189493663371,0.0002735045499826,0,0.0,0.0
15022,0.0005629692731194,0.0001445363354339,0,0.0,0.0
15023,0.0008209191112693,0.0002649223309312,0,0.0,0.0
15024,0.0007583410471136,0.0004919823287682,0,0.0,0.0
15025,0.0002318226376649,0.0004196981313608,0,0.0,0.0
15026,0.000149844047921,8.000423660525313e-05,0,0.0,0.0
15027,0.0008649723850649,5.353084616800294e-05,0,0.0,0.0
15028,0.002116551917621,0.0001898129311796,0,0.0,0.0
15029,0.001389533879373,0.0006990416557542,0,0.0,0.0
15030,0.0015312932272526,0.0009256435160283,0,0.0,0.0
15031,0.0007478421744712,0.0007881421107777,0,0.0,0.0
15032,0.0004553308120588,0.0006393584227923,0,0.0,0.0
15033,0.0001112044940074,0.000493871409575,0,0.0,0.0
15034,0.000168029615106,0.0007915846626289,0,0.0,0.0
15035,0.0004406710199349,0.0003284780400842,0,0.0,0.0
15036,0.0010860916275006,0.0004698711896405,0,0.0,0.0
15037,0.0003396625994942,0.0003576735019667,0,0.0,0.0
15038,5.958666592109083e-05,0.0005317848271044,0,0.0,0.0
15039,0.0001286330680675,0.0004275858949784,0,0.0,0.0
15040,0.000535418947349,0.0002995029016102,0,0.0,0.0
15041,0.0001338443500459,5.597178504981254e-05,0,0.0,0.0
15042,3.407095243222194e-05,8.70329161227611e-05,0,0.0,0.0
15043,0.0001686497702462,0.0003602254676068,0,0.0,0.0
15044,0.0002064995881795,0.0004788564579595,0,0.0,0.0
15045,0.0002052429795064,0.0003143891996185,0,0.0,0.0
15046,0.0007440997860861,0.0004217219363515,0,0.0,0.0
15047,0.0015744351826398,0.0008140322306384,0,0.0,0.0
15048,0.002043721450605,0.0007680890035134,0,0.0,0.0
15049,0.0013999154972468,0.0008152245219225,0,0.0,0.0
15050,0.0003391305336224,0.0003838582461215,0,0.0,0.0
15051,0.0002206947971037,0.0011704693345391,0,0.0,0.0
15052,0.0002926665502413,0.0008463882306795,0,0.0,0.0
15053,0.0001087802943726,0.0004982580646965,0,0.0,0.0
15054,0.0002121314652725,0.0001015297736068,0,0.0,0.0
15055,0.0002706500410329,0.0001570495272957,0,0.0,0.0
15056,0.0012622918858369,0.0004632452708585,0,0.0,0.0
15057,0.0005604961802331,0.0003875172858132,0,0.0,0.0
15058,0.000365039050164,0.0002976970872664,0,0.0,0.0
15059,0.001290240207001,0.0004687425738178,0,0.0,0.0
15060,0.0005496885458973,0.0003218828668628,0,0.0,0.0
15061,0.0003072945195066,0.0001839761913241,0,0.0,0.0
15062,0.000732239384949,0.000400184603115,0,0.0,0.0
15063,0.0008378377669411,0.0005294222074692,0,0.0,0.0
15064,0.0003186176038465,0.0003476309151544,0,0.0,0.0
15065,7.965912538032571e-05,6.398566103348928e-05,0,0.0,0.0
15066,0.0004315227996444,9.612515465950132e-05,0,0.0,0.0
15067,0.0012023507978645,0.0004105190323,0,0.0,0.0
15068,0.0005537916681084,6.928861028289362e-05,0,0.0,0.0
15069,0.0002506931149957,0.0007329447649313,0,0.0,0.0
15070,0.0002483384564039,0.0010808894565125,0,0.0,0.0
15071,0.0002789960093456,0.0001793488533929,0,0.0,0.0
15072,0.0001477778853147,0.0003390008689651,0,0.0,0.0
15073,0.0001858689764957,0.00026559131026,0,0.0,0.0
15074,0.0007739325308781,0.0007095187127388,0,0.0,0.0
15075,0.0013055103163516,0.0007923246174002,0,0.0,0.0
15076,0.0021781572323006,0.0006840497469423,0,0.0,0.0
15077,0.0030697687383761,0.0006064878218844,0,0.0,0.0
15078,0.002973026425171,0.0001830089996653,0,0.0,0.0
15079,0.0025712032471083,0.000273145428471,0,0.0,0.0
15080,0.0031344083186153,0.00103163861924,0,0.0,0.0
15081,0.0043748965594151,0.0018613632814606,0,0.0,0.0
15082,0.0044799251960738,0.0022171473318892,0,0.0,0.0
15083,0.005783241320822,0.0019376202835471,0,0.0,0.0
15084,0.0041240841940603,0.0016443710857374,0,0.0,0.0
15085,0.0036460000137526,0.0017045663175737,0,0.0,0.0
15086,0.0047165770287492,0.0020515580639114,0,0.0,0.0
15087,0.0048185343207105,0.0023439601850606,0,0.0,0.0
15088,0.0060081372150118,0.0010895768657715,0,0.0,0.0
15089,0.0046060035672512,0.00035618774571,0,0.0,0.0
15090,0.0028179563131287,0.0008411231167544,0,0.0,0.0
15091,0.0030753983878966,0.0016908596360673,0,0.0,0.0
15092,0.002986796333161,0.0010509118696033,0,0.0,0.0
15093,0.0021430405266663,0.0022406976512881,0,0.0,0.0
15094,0.0017264921801612,0.0013786845294063,0,0.0,0.0
15095,0.0018654191718682,0.0006422912021718,0,0.0,0.0
15096,0.0057309183379531,0.0003183824428479,0,0.0,0.0
15097,0.0056910551778808,0.0007721518348893,0,0.0,0.0
15098,0.0026702348697481,0.0015468812136649,0,0.0,0.0
15099,0.0023874474492993,0.0020424683153044,0,0.0,0.0
15100,0.0028692008552266,0.0029017665977886,0,0.0,0.0
15101,0.0031485161149566,0.00399620726094,0,0.0,0.0
15102,0.0030698942266862,0.0037957521898471,0,0.0,0.0
15103,0.0030770870672484,0.0025789934289706,0,0.0,0.0
15104,0.0020614193902334,0.0018092857371619,0,0.0,0.0
15105,0.0023336358252236,0.0016422215130995,0,0.0,0.0
15106,0.0031149457174381,0.0024100070712073,0,0.0,0.0
15107,0.0034305387986372,0.0024353875308848,0,0.0,0.0
15108,0.0026919601775925,0.0023668286062642,0,0.0,0.0
15109,0.0040159377821222,0.001661737453392,0,0.0,0.0
15110,0.0033578369301671,0.0018887410308758,0,0.0,0.0
15111,0.0034597530313305,0.0017746795273383,0,0.0,0.0
15112,0.0050788437677333,0.0015359481526766,0,0.0,0.0
15113,0.0059965212170455,0.001400092546336,0,0.0,0.0
15114,0.004712491660128,0.001964470037553,0,0.0,0.0
15115,0.0047266754002587,0.0021509908961493,0,0.0,0.0
15116,0.0053067920062171,0.0019550335994028,0,0.0,0.0
15117,0.0013699459327572,0.0018025656232006,0,0.0,0.0
15118,0.0005856707967043,0.0013898829652367,0,0.0,0.0
15119,0.0003496308562678,0.0016193230254701,0,0.0,0.0
15120,0.000326331927861,0.0024675600720689,0,0.0,0.0
15121,0.0003447570828808,0.0021722111070143,0,0.0,0.0
15122,0.0003374997980427,0.0012983819620936,0,0.0,0.0
15123,0.0001339579097685,0.0007088923833206,0,0.0,0.0
15124,0.0003005931378215,0.0003674511550254,0,0.0,0.0
15125,4.839903453658076e-05,0.0002663273255549,0,0.0,0.0
15126,0.0002703503240888,0.0004251986894126,0,0.0,0.0
15127,3.869272090768876e-05,0.0003184185911412,0,0.0,0.0
15128,0.0001453302500247,0.0003761218275594,0,0.0,0.0
15129,0.0001157494762649,0.0002763777361155,0,0.0,0.0
15130,0.0003078349963704,0.00010664956772,0,0.0,0.0
15131,8.338085405837456e-05,7.80543947256337e-05,0,0.0,0.0
15132,0.0002074225096473,0.0005614598345453,0,0.0,0.0
15133,0.0001682674661114,0.0010465809431083,0,0.0,0.0
15134,0.0006143355496266,0.0004532820626917,0,0.0,0.0
15135,0.0001501165125569,3.9210283777990384e-05,0,0.0,0.0
15136,0.0002403539321302,0.0004244281895043,0,0.0,0.0
15137,4.4964902459656496e-05,0.0003074505000429,0,0.0,0.0
15138,0.0002699198055027,0.0001646708161636,0,0.0,0.0
15139,0.0005758082033067,0.0006543834075613,0,0.0,0.0
15140,0.0003689254447906,0.0005030939296266,0,0.0,0.0
15141,0.0005234512185541,0.0004269394504059,0,0.0,0.0
15142,0.0008393154659885,0.0004339325160552,0,0.0,0.0
15143,0.0009817022879356,9.50568286375817e-05,0,0.0,0.0
15144,0.0007766813515168,0.0002323670844259,0,0.0,0.0
15145,0.0011457727189026,0.0003621613497358,0,0.0,0.0
15146,0.003279043965292,0.000137868376156,0,0.0,0.0
15147,0.0007389175518101,0.0006700025988898,0,0.0,0.0
15148,0.0002935726993144,0.0004765155817283,0,0.0,0.0
15149,0.0003215194210294,0.0003685066310822,0,0.0,0.0
15150,7.603223939660355e-05,0.0006075232173834,0,0.0,0.0
15151,5.937750498851704e-05,0.0009413040656819,0,0.0,0.0
15152,0.0003794766237321,0.0010268954100995,0,0.0,0.0
15153,0.0007026859860194,0.0005743644689608,0,0.0,0.0
15154,0.0008749594688056,0.0005835370116439,0,0.0,0.0
15155,0.0018395498974718,0.0001492331621976,0,0.0,0.0
15156,0.0009969682109795,0.0004854140229361,0,0.0,0.0
15157,0.0012292565128382,0.000716310364468,0,0.0,0.0
15158,0.0016692573227546,0.0013294060525641,0,0.0,0.0
15159,0.0022314802903575,0.001326247834472,0,0.0,0.0
15160,0.0033670904158215,0.0011158157532793,0,0.0,0.0
15161,0.0016812679999377,0.0005775751257015,0,0.0,0.0
15162,0.0012156048696519,0.0015519509306764,0,0.0,0.0
15163,0.0025282505138469,0.0018582616329145,0,0.0,0.0
15164,0.0023833605762128,0.0007054974630531,0,0.0,0.0
15165,0.0025196420233492,0.0009249913720214,0,0.0,0.0
15166,0.0028599986731227,0.0008964660270028,0,0.0,0.0
15167,0.0022027426818276,0.0006531648029429,0,0.0,0.0
15168,0.0017280051042369,0.0005242828824453,0,0.0,0.0
15169,0.0015271532226795,0.0012334919817361,0,0.0,0.0
15170,0.0011462785306118,0.0012044313644696,0,0.0,0.0
15171,0.0005876989487841,0.000911528819561,0,0.0,0.0
15172,0.0011824270168951,0.0010261712662862,0,0.0,0.0
15173,0.0010200794825438,0.001553737833368,0,0.0,0.0
15174,0.0001641076235858,0.0003046822504337,0,0.0,0.0
15175,0.0009313246605316,0.0005465666349237,0,0.0,0.0
15176,0.0004303914524669,0.0006720780190509,0,0.0,0.0
15177,0.0002863158766963,0.0007092266245641,0,0.0,0.0
15178,0.000171068873754,0.0004776650305086,0,0.0,0.0
15179,0.0002253091377576,0.0004921992220779,0,0.0,0.0
15180,0.0004262448431414,0.0003619680485903,0,0.0,0.0
15181,0.0010886321913986,0.0007282157828558,0,0.0,0.0
15182,0.0018721979435584,0.0017079713985719,0,0.0,0.0
15183,0.0039279702253683,0.0028610829671414,0,0.0,0.0
15184,0.0037630801322356,0.002588675562622,0,0.0,0.0
15185,0.0044555191622237,0.0019871871315444,0,0.0,0.0
15186,0.0047526106748216,0.0007265755651758,0,0.0,0.0
15187,0.0038092357887419,7.692508302434162e-05,0,0.0,0.0
15188,0.0026121208263101,0.0005617593275556,0,0.0,0.0
15189,0.0011590515078558,0.0009553991314435,0,0.0,0.0
15190,0.0010294640440187,0.000366803235034,0,0.0,0.0
15191,0.0002263065405609,0.0003218200202901,0,0.0,0.0
15192,0.0004624269290314,0.0001552687191129,0,0.0,0.0
15193,0.001347024243773,0.0002936108290758,0,0.0,0.0
15194,0.000893769636755,0.0002363658073242,0,0.0,0.0
15195,0.0004408010962604,8.574793212404798e-05,0,0.0,0.0
15196,0.0027687109627179,0.0004463712647535,0,0.0,0.0
15197,0.0032780562766961,0.0004624877638943,0,0.0,0.0
15198,0.0014656906859307,0.000148157749681,0,0.0,0.0
15199,0.0001052448686645,0.0003219795187883,0,0.0,0.0
15200,0.0005094222239244,0.0003003552317858,0,0.0,0.0
15201,0.0001626869201805,0.0002417536091037,0,0.0,0.0
15202,0.0004911215889368,0.0002150214973698,0,0.0,0.0
15203,0.0019574615143144,6.002020322743207e-05,0,0.0,0.0
15204,0.0028796588292707,0.000380642892034,0,0.0,0.0
15205,0.0007985052755769,0.0001146380271055,0,0.0,0.0
15206,0.0001451898655868,0.0001679945405065,0,0.0,0.0
15207,7.889406783837571e-05,0.0001501668654173,0,0.0,0.0
15208,0.0002461135999726,0.0001444131099274,0,0.0,0.0
15209,0.000239915758231,6.563699805338056e-05,0,0.0,0.0
15210,0.0002297078853337,2.5007614565370632e-05,0,0.0,0.0
15211,7.504182848246959e-05,0.0001077979599517,0,0.0,0.0
15212,0.0010040582779844,0.0002727659801856,0,0.0,0.0
15213,0.0045553214717947,0.0007831663123691,0,0.0,0.0
15214,0.0046292835852966,0.0014917018370289,0,0.0,0.0
15215,0.0039633920229601,0.0010861389682159,0,0.0,0.0
15216,0.0034098904888829,0.0010227761607796,0,0.0,0.0
15217,0.0034178270619055,0.00140101764729,0,0.0,0.0
15218,0.0023708701885015,0.0014541836446484,0,0.0,0.0
15219,0.001984649612335,0.0012076093476628,0,0.0,0.0
15220,0.0012371909941949,0.0005984772373662,0,0.0,0.0
15221,0.0003364045792306,0.0001114287075866,0,0.0,0.0
15222,0.0014932565121708,0.0001059185510346,0,0.0,0.0
15223,0.002095493021147,0.0002398234636326,0,0.0,0.0
15224,0.0019961836041549,0.0002089075145654,0,0.0,0.0
15225,0.0022167745564486,0.0004021846855206,0,0.0,0.0
15226,0.0008969993590877,0.0006327626569258,0,0.0,0.0
15227,0.0001976286326606,0.0002685388461228,0,0.0,0.0
15228,0.000180551305738,5.4269267302277086e-05,0,0.0,0.0
15229,0.0001104150766235,7.432508690463878e-05,0,0.0,0.0
15230,0.0002677965224176,0.0003861135271673,0,0.0,0.0
15231,0.0014271708788807,0.0008127373811676,0,0.0,0.0
15232,0.0028781583719833,0.0018413288884194,0,0.0,0.0
15233,0.0038098870022768,0.0023602203712794,0,0.0,0.0
15234,0.0022736868548182,0.0021294625257291,0,0.0,0.0
15235,0.0040172807754794,0.0018956806910783,0,0.0,0.0
15236,0.0041932963070287,0.0024364812327309,0,0.0,0.0
15237,0.0059986269138198,0.0028358398317949,0,0.0,0.0
15238,0.005180399118541,0.0025508116404659,0,0.0,0.0
15239,0.004237032353189,0.0031425760058257,0,0.0,0.0
15240,0.0060764694399455,0.0047902912815967,0,0.0,0.0
15241,0.0047322088914809,0.0057408281458799,0,0.0,0.0
15242,0.0052145165036177,0.0060585409788652,0,0.0,0.0
15243,0.006792415218806,0.0052455415899204,0,0.0,0.0
15244,0.0060083998212448,0.0050043807379178,0,0.0,0.0
15245,0.0067231504959094,0.0053734474819594,0,0.0,0.0
15246,0.0067765966873217,0.0063566890243027,0,0.0,0.0
15247,0.0067018663521048,0.0077244679977807,0,0.0,0.0
15248,0.0068050873024404,0.0071524282415913,0,0.0,0.0
15249,0.0060057947735895,0.0063724152263112,0,0.0,0.0
15250,0.0052862682265715,0.0064666853173679,0,0.0,0.0
15251,0.0047079641033876,0.0061100503629975,0,0.0,0.0
15252,0.0040936289449089,0.0072246075265632,0,0.0,0.0
15253,0.0060824552802436,0.0069250011501196,0,0.0,0.0
15254,0.005772176210384,0.0042283534330499,0,0.0,0.0
15255,0.0047071854347375,0.0031176852351132,0,0.0,0.0
15256,0.0048200193798449,0.0036974202367526,0,0.0,0.0
15257,0.0043343924113896,0.0050358928992605,0,0.0,0.0
15258,0.0041781482177134,0.0046212929201838,0,0.0,0.0
15259,0.0052549910128298,0.0041204479764401,0,0.0,0.0
15260,0.0038268462456098,0.0037223221512231,0,0.0,0.0
15261,0.0037981266510005,0.0033031823679451,0,0.0,0.0
15262,0.0039075865048948,0.0028854934434711,0,0.0,0.0
15263,0.0017460674817069,0.0026846733702008,0,0.0,0.0
15264,0.0014078290471049,0.0016482903730224,0,0.0,0.0
15265,0.0005420486220712,0.0004476057251411,0,0.0,0.0
15266,0.0003798979601915,0.0002981430725522,0,0.0,0.0
15267,0.000575110615403,0.0002592098987771,0,0.0,0.0
15268,0.0002825233293508,0.000217069745453,0,0.0,0.0
15269,0.0002139226472341,0.0002432868505422,0,0.0,0.0
15270,0.000132415102854,0.0003202673176228,0,0.0,0.0
15271,0.0008405824075657,9.70577894028278e-05,0,0.0,0.0
15272,0.0010182359865527,0.0003045078607744,0,0.0,0.0
15273,0.0018597329708355,0.0009248391982531,0,0.0,0.0
15274,0.0016505604680278,0.0013286688190718,0,0.0,0.0
15275,0.0015249141400925,0.000669313772384,0,0.0,0.0
15276,0.0020985124305836,0.0018122805293597,0,0.0,0.0
15277,0.0048874909826623,0.0019575350803211,0,0.0,0.0
15278,0.0073930834711169,0.0020074039552142,0,0.0,0.0
15279,0.0052391095604381,0.0011076225551719,0,0.0,0.0
15280,0.0035071165547893,0.0004194891699198,0,0.0,0.0
15281,0.0033008363898263,0.0007603303477778,0,0.0,0.0
15282,0.0030230844291201,0.0008235737271151,0,0.0,0.0
15283,0.0016354345135645,0.0014532685335767,0,0.0,0.0
15284,0.0035675919261578,0.0014175743087362,0,0.0,0.0
15285,0.0025222844044452,0.0008304046078949,0,0.0,0.0
15286,0.0019585012589528,0.0003736589560042,0,0.0,0.0
15287,0.0012541488511723,3.84239606920965e-05,0,0.0,0.0
15288,0.0007397657046918,0.0001746154657936,0,0.0,0.0
15289,0.0005782502826726,0.0002892600083227,0,0.0,0.0
15290,0.0009234875691014,0.0001516666290903,0,0.0,0.0
15291,0.0005235503121591,0.0001629151356736,0,0.0,0.0
15292,0.0001639788963392,0.0001389541332526,0,0.0,0.0
15293,9.997357573745066e-05,0.0002254630422817,0,0.0,0.0
15294,0.0004094407628233,0.000303927787038,0,0.0,0.0
15295,0.0003257212632568,0.0003372352812832,0,0.0,0.0
15296,0.0001873465719291,0.0003421807012892,0,0.0,0.0
15297,0.0003986433258891,0.000355695948798,0,0.0,0.0
15298,0.0005264557213135,0.0002662728771801,0,0.0,0.0
15299,0.0005083799425186,0.0004657604986249,0,0.0,0.0
15300,0.0025839040319922,0.0007826448850976,0,0.0,0.0
15301,0.0010430649260661,0.0001291816734015,0,0.0,0.0
15302,0.0001118098745437,0.0004793748252537,0,0.0,0.0
15303,0.0002752287763877,0.0004005719867277,0,0.0,0.0
15304,0.0010062465554136,0.0001317705035993,0,0.0,0.0
15305,0.0021396275697952,0.0001461861013249,0,0.0,0.0
15306,0.0021348720995078,0.0003830995944387,0,0.0,0.0
15307,0.0021880660421362,0.0006274161716835,0,0.0,0.0
15308,0.0024949447981487,0.000638071125925,0,0.0,0.0
15309,0.0021329769353928,0.0004896195664524,0,0.0,0.0
15310,0.0028540477396109,0.0003670282316252,0,0.0,0.0
15311,0.0046948772982258,0.0008844093407304,0,0.0,0.0
15312,0.0048755651299162,0.0008651253138752,0,0.0,0.0
15313,0.0037544615956267,0.0009421111384932,0,0.0,0.0
15314,0.0016409916316613,0.0006501004431458,0,0.0,0.0
15315,0.0003985489758094,0.0003506357307252,0,0.0,0.0
15316,0.0008297034507865,0.000291027765842,0,0.0,0.0
15317,0.0020009313270628,0.0007349378195103,0,0.0,0.0
15318,0.0014312981472207,8.402555360463113e-05,0,0.0,0.0
15319,0.0005027302751749,0.0011413318940842,0,0.0,0.0
15320,0.002784049685374,0.0006563784769527,0,0.0,0.0
15321,0.0018209314945104,6.763498536535886e-05,0,0.0,0.0
15322,0.0025308226679706,0.0002500421391163,0,0.0,0.0
15323,0.0026693101479903,0.000365250544226,0,0.0,0.0
15324,0.0038157210262104,0.0004856386694107,0,0.0,0.0
15325,0.0037209435185688,0.0007475364911814,0,0.0,0.0
15326,0.0032761692186512,0.0010003239295802,0,0.0,0.0
15327,0.0027991854966515,0.0007393126407393,0,0.0,0.0
15328,0.0020076163553474,0.0004713680873887,0,0.0,0.0
15329,0.0026001337745433,0.0001885055063941,0,0.0,0.0
15330,0.0030665793114282,0.0005283815669718,0,0.0,0.0
15331,0.002451513134112,0.000655972040143,0,0.0,0.0
15332,0.002305698789312,0.0006601233994756,0,0.0,0.0
15333,0.0013078008203292,0.0008053259404163,0,0.0,0.0
15334,0.0004325136181028,0.0009166122658325,0,0.0,0.0
15335,0.0009463342745103,0.0006770143313295,0,0.0,0.0
15336,0.0011136665363614,0.0002616770564042,0,0.0,0.0
15337,0.0018941395271511,0.0001796534226161,0,0.0,0.0
15338,0.0022947219472961,0.0003482489453341,0,0.0,0.0
15339,0.0016599537592792,0.0001589605997672,0,0.0,0.0
15340,0.0002636505422109,0.0002391044858735,0,0.0,0.0
15341,0.0009009946094993,0.0001970446781176,0,0.0,0.0
15342,0.0014183199874695,0.0002316810321845,0,0.0,0.0
15343,0.0016597631874587,0.0004002988452175,0,0.0,0.0
15344,0.0023986543340117,0.0007626380515078,0,0.0,0.0
15345,0.0014146020835796,0.0008264228094681,0,0.0,0.0
15346,0.0022794431209268,0.0016764359576879,0,0.0,0.0
15347,0.0032102844317807,0.0017918570521093,0,0.0,0.0
15348,0.0024414048773694,0.0014650223949271,0,0.0,0.0
15349,0.0012865511282485,0.0021019900032149,0,0.0,0.0
15350,0.000679713560188,0.0019043676029991,0,0.0,0.0
15351,0.0008373699831972,0.001076981489607,0,0.0,0.0
15352,0.0010609451825918,0.0007775772299103,0,0.0,0.0
15353,0.0018531449749259,0.0008898949046743,0,0.0,0.0
15354,0.0027412935349652,0.0011611099550781,0,0.0,0.0
15355,0.0018096509766036,0.0012728116623243,0,0.0,0.0
15356,0.0007261348315255,0.0013547306397841,0,0.0,0.0
15357,0.0008998855494053,0.0007039317879038,0,0.0,0.0
15358,0.0005649416295208,0.0002484838988031,0,0.0,0.0
15359,0.000937204152336,0.0009923951662363,0,0.0,0.0
15360,0.0018847928280544,0.0009188724384957,0,0.0,0.0
15361,0.0011873002831871,0.0004150860590061,0,0.0,0.0
15362,0.0002181232073393,0.0001853996028592,0,0.0,0.0
15363,0.0002435251824696,0.00035154072557,0,0.0,0.0
15364,0.0001815302381071,0.0009391058979519,0,0.0,0.0
15365,4.758086025789103e-05,0.0011184706911066,0,0.0,0.0
15366,0.0001556022882283,0.0002823158590821,0,0.0,0.0
15367,0.0003924124449258,0.0004238757927593,0,0.0,0.0
15368,0.0012549362148909,0.0004059325326839,0,0.0,0.0
15369,0.0017039501634572,0.0002051501943194,0,0.0,0.0
15370,0.0008515032582022,0.0003688804475506,0,0.0,0.0
15371,0.000265766465984,0.0003573701648829,0,0.0,0.0
15372,0.0003698578775849,0.0003275918023978,0,0.0,0.0
15373,0.0006647952347171,0.0005600084306707,0,0.0,0.0
15374,0.002310754255401,0.0009531113393127,0,0.0,0.0
15375,0.0051677128253485,0.001299391574836,0,0.0,0.0
15376,0.0047571546589023,0.0026431582997228,0,0.0,0.0
15377,0.0045489127860296,0.0027297746079235,0,0.0,0.0
15378,0.0045412385014951,0.0030109043275024,0,0.0,0.0
15379,0.0033631143388688,0.003546071998301,0,0.0,0.0
15380,0.0031493302932474,0.0034899297895804,0,0.0,0.0
15381,0.0042121391558658,0.0033813928415192,0,0.0,0.0
15382,0.0033042301712682,0.0032985833697294,0,0.0,0.0
15383,0.0035282294162948,0.0022756765291529,0,0.0,0.0
15384,0.0044442667455142,0.0025067359491919,0,0.0,0.0
15385,0.0030109981220879,0.0021574169450463,0,0.0,0.0
15386,0.0030679651004172,0.0019744824139955,0,0.0,0.0
15387,0.0024212351650669,0.0016929920188531,0,0.0,0.0
15388,0.0007872917629816,0.001649702921812,0,0.0,0.0
15389,0.0002228999345762,0.0013897691009465,0,0.0,0.0
15390,0.0008015025838736,0.0003000205712394,0,0.0,0.0
15391,0.0010770232911823,0.0005882267953506,0,0.0,0.0
15392,0.0017524281573706,0.0006189965106266,0,0.0,0.0
15393,0.0016770692546246,0.0008363589063706,0,0.0,0.0
15394,0.0016385703433832,0.0011317985796088,0,0.0,0.0
15395,0.001792801780006,0.0009140051747658,0,0.0,0.0
15396,0.0018021290337463,0.0007128211940884,0,0.0,0.0
15397,0.0021912308674181,0.0006682058603365,0,0.0,0.0
15398,0.0021727311439539,0.0003389542846998,0,0.0,0.0
15399,0.0019741976373524,0.0005007188875366,0,0.0,0.0
15400,0.0008423462354972,0.0003491375153176,0,0.0,0.0
15401,0.0005553214453285,0.0001634952602045,0,0.0,0.0
15402,0.0014000327781612,0.0006570929252138,0,0.0,0.0
15403,0.0020049942460873,0.0015474645447417,0,0.0,0.0
15404,0.0024122724255824,0.0013807597644047,0,0.0,0.0
15405,0.0017595278901845,0.0016271500561605,0,0.0,0.0
15406,0.0018229791475221,0.0015733747340495,0,0.0,0.0
15407,0.0015919367217362,0.0013209949924604,0,0.0,0.0
15408,0.0017004604422224,0.0012469273345968,0,0.0,0.0
15409,0.0006827576639692,0.000462390154916,0,0.0,0.0
15410,0.0003212709959839,8.360973160949223e-05,0,0.0,0.0
15411,0.0007377417230284,0.0006491883586745,0,0.0,0.0
15412,0.0018073564591542,0.0007754707201043,0,0.0,0.0
15413,0.0036579341863728,0.0011315922047216,0,0.0,0.0
15414,0.0052471302487881,0.0019580898962706,0,0.0,0.0
15415,0.0040177460922323,0.002631652196263,0,0.0,0.0
15416,0.0048535944188316,0.0024538801374712,0,0.0,0.0
15417,0.0038836870753186,0.0020858949916466,0,0.0,0.0
15418,0.003102610354881,0.0012705778429879,0,0.0,0.0
15419,0.0043402599578777,0.0010384543569895,0,0.0,0.0
15420,0.0046205938393764,0.0004291743296824,0,0.0,0.0
15421,0.0039116711609828,0.0004880505172834,0,0.0,0.0
15422,0.0022777404567373,0.0002344587269734,0,0.0,0.0
15423,0.0011789135805852,0.0001435680553271,0,0.0,0.0
15424,0.0005894855873797,0.00013157554219,0,0.0,0.0
15425,0.0006346863793236,0.0002331569759448,0,0.0,0.0
15426,0.0008297742327764,0.0004999230376444,0,0.0,0.0
15427,0.0006440338604159,0.0003864619914228,0,0.0,0.0
15428,0.0004884641295255,0.0001467770891392,0,0.0,0.0
15429,0.0006626995346859,0.0002212869425512,0,0.0,0.0
15430,0.0006571854778,0.0004332293690312,0,0.0,0.0
15431,0.0008594184939605,0.0003166676474381,0,0.0,0.0
15432,0.0004918557614317,0.0001908793456367,0,0.0,0.0
15433,9.40635287080109e-05,6.64246726182354e-05,0,0.0,0.0
15434,5.7288624023801536e-05,6.207300285203289e-05,0,0.0,0.0
15435,8.676310825343429e-05,5.459550375052974e-05,0,0.0,0.0
15436,0.0002589589114744,0.000213211093207,0,0.0,0.0
15437,6.021410216210345e-05,0.0001154145093819,0,0.0,0.0
15438,0.0002018284632516,0.0001550699347306,0,0.0,0.0
15439,0.0002024165728408,7.377239795806477e-05,0,0.0,0.0
15440,0.0002761102159561,9.782323686037637e-05,0,0.0,0.0
15441,3.264706112354861e-05,7.20233486644898e-05,0,0.0,0.0
15442,0.0003421330673766,5.446933144743077e-05,0,0.0,0.0
15443,8.878181639722383e-05,3.521552274683083e-05,0,0.0,0.0
15444,0.0001103702902189,6.680212147215136e-05,0,0.0,0.0
15445,0.0001870752267917,0.0001769177422596,0,0.0,0.0
15446,0.0001460411272328,5.775898489420652e-05,0,0.0,0.0
15447,3.146558437147264e-05,1.195963714238329e-05,1,0.0,0.0
15448,7.899477794718484e-05,7.325015949549451e-05,1,0.0,0.0
15449,5.311186646812738e-05,2.362997680126923e-05,0,0.0,0.0
15450,2.43397695794558e-05,8.297724845741169e-06,0,0.0,0.0
15451,6.709585702714572e-05,1.3742619292758042e-05,0,0.0,0.0
15452,0.0001179331759093,9.057011573924704e-06,0,0.0,0.0
15453,4.037271994693078e-05,4.292946214667912e-05,0,0.0,0.0
15454,1.0579171070531504e-05,5.9952027169296873e-05,0,0.0,0.0
15455,7.424814783001124e-05,3.9344815323470665e-05,0,0.0,0.0
15456,0.0002328200863512,0.0001379166867619,0,0.0,0.0
15457,0.0001868004336856,7.402321990891319e-05,0,0.0,0.0
15458,4.972204008367747e-05,9.851700705485654e-06,0,0.0,0.0
15459,8.217958161854906e-05,9.091447852490165e-05,0,0.0,0.0
15460,4.423819102139948e-05,0.0002809454255804,0,0.0,0.0
15461,0.0002651464145102,0.0001057109843462,0,0.0,0.0
15462,0.0003012852297553,0.000405799389083,0,0.0,0.0
15463,0.0009058138156215,0.0003915457317399,0,0.0,0.0
15464,0.0014152438537022,0.0003036564122471,0,0.0,0.0
15465,0.0014753158864458,0.000455593930782,0,0.0,0.0
15466,0.0013726941971806,0.0002377134024595,0,0.0,0.0
15467,0.0026016780941587,9.97918421112616e-05,0,0.0,0.0
15468,0.0017284957618135,0.0002330993173031,0,0.0,0.0
15469,0.0006421170582658,0.0002220897913459,0,0.0,0.0
15470,0.0005511402004294,0.0003054275251114,0,0.0,0.0
15471,0.0005440615630909,0.0004310847240212,0,0.0,0.0
15472,0.0016302930847324,0.0003782654634983,0,0.0,0.0
15473,0.0011187739977894,0.0004273219498259,0,0.0,0.0
15474,0.0006037498310196,0.0003019368873747,0,0.0,0.0
15475,0.0013381471855029,0.0002932961480289,0,0.0,0.0
15476,0.0006289248649205,0.0003536372217908,0,0.0,0.0
15477,7.490019815266296e-05,0.0002156169044555,0,0.0,0.0
15478,0.0005455905903509,0.0006626693173346,0,0.0,0.0
15479,0.0022939644450882,0.0004340672707491,0,0.0,0.0
15480,0.0033889479190991,0.0005258850947329,0,0.0,0.0
15481,0.0021880607848613,0.0003498808729098,0,0.0,0.0
15482,0.0019392023419175,0.0006348110651657,0,0.0,0.0
15483,0.0019434744257439,0.0006969601107114,0,0.0,0.0
15484,0.0039685713675733,0.0006387428790929,0,0.0,0.0
15485,0.0038260331170079,0.0005578843580174,0,0.0,0.0
15486,0.0018572210908434,0.0001241601639761,0,0.0,0.0
15487,0.0015683421071957,7.440657470609175e-05,0,0.0,0.0
15488,0.0025207728246449,0.000310166083723,0,0.0,0.0
15489,0.0023527445959894,0.0001785273296994,0,0.0,0.0
15490,0.0013029674400275,0.0006491652455945,0,0.0,0.0
15491,0.0007904497949662,0.0005284634925296,0,0.0,0.0
15492,0.0007671661054147,0.00019519860402,0,0.0,0.0
15493,0.0015072156471862,0.0003548153401031,0,0.0,0.0
15494,0.0024085060892986,0.0006960472261203,0,0.0,0.0
15495,0.0009245028847235,0.0007586462316084,0,0.0,0.0
15496,7.616643179519873e-05,0.0006435859666297,0,0.0,0.0
15497,0.0002987265443174,0.0004733385214477,0,0.0,0.0
15498,3.052076462232941e-05,0.0004996185257067,0,0.0,0.0
15499,0.0005877732499326,0.0004733983164843,0,0.0,0.0
15500,0.0015942283541668,0.0002420783173929,0,0.0,0.0
15501,0.0009269568883043,0.0004442526924857,0,0.0,0.0
15502,0.0004164667755161,0.0003481642020856,0,0.0,0.0
15503,0.0011357743922984,4.016741132616344e-05,0,0.0,0.0
15504,0.0001530487099068,0.0001642922557864,0,0.0,0.0
15505,0.0013156242177967,5.584092504740428e-05,0,0.0,0.0
15506,0.0011776546005932,0.0002990723472374,0,0.0,0.0
15507,0.0011184020505614,0.0006892193869351,0,0.0,0.0
15508,0.0004621349717647,0.0007922539165983,0,0.0,0.0
15509,0.0005249497743218,0.0003775702002219,0,0.0,0.0
15510,0.0010157840524843,0.000555040695149,0,0.0,0.0
15511,0.0043622565170359,0.0011649464053004,0,0.0,0.0
15512,0.0029956728631012,0.0016870042915552,0,0.0,0.0
15513,0.002436015093422,0.0019920932195355,0,0.0,0.0
15514,0.0023457404739783,0.0016828501586547,0,0.0,0.0
15515,0.0013115605304591,0.0011376181666849,0,0.0,0.0
15516,0.0006709159813745,0.0007045657090626,0,0.0,0.0
15517,0.0008229154473395,0.0003379319003904,0,0.0,0.0
15518,0.0010395387417444,0.0006574457305045,0,0.0,0.0
15519,0.0013923973040838,0.000979727871764,0,0.0,0.0
15520,0.0017058888811951,0.0012910497603836,0,0.0,0.0
15521,0.000338504659365,0.000502818399066,0,0.0,0.0
15522,0.0004604385864727,9.75534824436711e-05,0,0.0,0.0
15523,0.0010851851197625,0.0009231060901652,0,0.0,0.0
15524,0.0015816179467303,0.0015756928988854,0,0.0,0.0
15525,0.0016146884092854,0.0011797017213223,0,0.0,0.0
15526,0.0032985493500418,0.00083244598724,0,0.0,0.0
15527,0.007977483479992,0.001723555372896,0,0.0,0.0
15528,0.0077351532911549,0.002166177824329,0,0.0,0.0
15529,0.0054211520066256,0.0023422706072331,0,0.0,0.0
15530,0.0043830314195578,0.0016698053801941,0,0.0,0.0
15531,0.0027579253769046,0.0011309430911036,0,0.0,0.0
15532,0.0024448670734513,0.0012243794388317,0,0.0,0.0
15533,0.0031796004222602,0.0008056553902007,0,0.0,0.0
15534,0.0023442388132228,0.0002697478042006,0,0.0,0.0
15535,0.0027348366479573,0.0009846298452447,0,0.0,0.0
15536,0.0049449431544291,0.0013694632408558,0,0.0,0.0
15537,0.0047084919328416,0.0006394186813557,0,0.0,0.0
15538,0.002561094069239,0.0001046008003046,0,0.0,0.0
15539,0.0015674909164712,0.0002956145773176,0,0.0,0.0
15540,0.0024015903912692,0.0003203909326566,0,0.0,0.0
15541,0.002300212041593,0.0004987570017268,0,0.0,0.0
15542,0.0019764224777738,0.0003672070595486,0,0.0,0.0
15543,0.0008451457307036,0.0001293534695242,0,0.0,0.0
15544,0.0008574993281739,0.0002932780956418,0,0.0,0.0
15545,0.0011818917725486,0.000675138827749,0,0.0,0.0
15546,0.0017638141693786,0.001027376485487,0,0.0,0.0
15547,0.0015191363329209,0.0004782118831206,0,0.0,0.0
15548,0.0015502040467204,0.0004251958743449,0,0.0,0.0
15549,0.0006179451233099,0.0005078571283342,0,0.0,0.0
15550,0.0008373110397179,0.000460790230281,0,0.0,0.0
15551,0.001253967287643,0.0007166656970302,0,0.0,0.0
15552,0.0016976993275815,0.0011984756641292,0,0.0,0.0
15553,0.0014137651968048,0.0014805471492619,0,0.0,0.0
15554,0.0017480549810479,0.0016414247195749,0,0.0,0.0
15555,0.0033849933490675,0.0024499764545831,0,0.0,0.0
15556,0.0035203061127277,0.0029417741637911,0,0.0,0.0
15557,0.0030690126953512,0.0028114953995811,0,0.0,0.0
15558,0.0035202627171055,0.002923283594593,0,0.0,0.0
15559,0.0043821859418485,0.0033997218672551,0,0.0,0.0
15560,0.0036320072852694,0.0030153512980044,0,0.0,0.0
15561,0.0027912238962566,0.0031128764604236,0,0.0,0.0
15562,0.0024362725501276,0.0037017305474143,0,0.0,0.0
15563,0.003053053984496,0.0031532188740363,0,0.0,0.0
15564,0.0033482848360167,0.0028341044083413,0,0.0,0.0
15565,0.003004203328353,0.0013266416728588,0,0.0,0.0
15566,0.00258334389441,0.0003674652260776,0,0.0,0.0
15567,0.0016640580865603,0.0008093546113543,0,0.0,0.0
15568,0.0003434523802011,0.0007861559617215,0,0.0,0.0
15569,0.0003572034874571,0.0006538228550381,0,0.0,0.0
15570,0.0004372652278332,0.0010497507850207,0,0.0,0.0
15571,0.0009157079513811,0.0009533177677033,0,0.0,0.0
15572,0.0013773131916993,0.0011613784479803,0,0.0,0.0
15573,0.0040976659102078,0.0023855651014384,0,0.0,0.0
15574,0.0050693603912465,0.0030090802508935,0,0.0,0.0
15575,0.0035302167567066,0.0029166114517766,0,0.0,0.0
15576,0.0031066023177006,0.002094840796281,0,0.0,0.0
15577,0.0045699787354968,0.0008511147335748,0,0.0,0.0
15578,0.006337660754912,0.0006491765428185,0,0.0,0.0
15579,0.0048366710153031,0.0006919447983659,0,0.0,0.0
15580,0.0034883806899626,0.0008206762347802,0,0.0,0.0
15581,0.0019817729412757,0.0004728358942273,0,0.0,0.0
15582,0.0015932284782833,0.0001190084026005,0,0.0,0.0
15583,0.0009746102405372,0.0001455992017019,0,0.0,0.0
15584,0.0006695337207786,0.0001557482551133,0,0.0,0.0
15585,0.0002377026352136,7.57823642439875e-05,0,0.0,0.0
15586,5.4834802872402815e-05,8.61013257995485e-05,0,0.0,0.0
15587,5.56094298684418e-05,8.196308675693016e-05,0,0.0,0.0
15588,0.0004074173129626,8.647725226179531e-05,0,0.0,0.0
15589,0.0001712970266677,8.221571987316004e-05,0,0.0,0.0
15590,0.000115753135922,0.0001457023308071,0,0.0,0.0
15591,0.0002184008543445,0.0001393238577337,0,0.0,0.0
15592,0.0003711711544497,8.226485801234461e-05,0,0.0,0.0
15593,0.0001344694612685,3.0707745490521713e-05,0,0.0,0.0
15594,0.0001123062786565,1.4056173514842437e-05,0,0.0,0.0
15595,8.43589779890481e-05,2.553676948785256e-05,0,0.0,0.0
15596,9.031077232180434e-05,6.281453162593278e-05,0,0.0,0.0
15597,0.0002041137282742,0.0001684787885683,0,0.0,0.0
15598,4.22882274782041e-05,0.0001758470544514,0,0.0,0.0
15599,4.808517401579674e-05,5.280411564015085e-05,1,0.0,0.0
15600,6.131154432931195e-05,4.376298714440388e-05,1,0.0,0.0
15601,3.3393800522476e-05,4.2077174634460935e-05,1,0.0,0.0
15602,6.555987345751751e-05,7.973803097442034e-05,1,0.0,0.0
15603,0.0001687707541666,4.9408074553300415e-05,1,0.0,0.0
15604,4.9681206052505686e-05,8.076318363387755e-05,1,0.0,0.0
15605,5.0335022727224615e-06,0.0001299112693916,1,0.0,0.0
15606,2.334017168264438e-05,5.937037442715324e-05,1,0.0,0.0
15607,0.0001113890594517,4.717615874579365e-05,1,0.0,0.0
15608,0.0001097085452289,3.0919203348045643e-05,1,0.0,0.0
15609,2.5207776536637372e-05,1.6125406498005377e-05,1,0.0,0.0
15610,9.39669468297955e-05,7.492043041433878e-05,1,0.0,0.0
15611,2.7660554248889544e-05,4.593245582670336e-05,1,0.0,0.0
15612,5.10991536571059e-05,3.3339674076688965e-05,1,0.0,0.0
15613,6.210792046998168e-05,6.372429676796724e-06,1,0.0,0.0
15614,2.481150607707872e-05,8.566859639940341e-06,1,0.0,0.0
15615,3.0388440919441208e-05,4.057247094147189e-05,1,0.0,0.0
15616,1.3074987982305597e-05,4.4160349050829965e-05,1,0.0,0.0
15617,3.389640233417336e-06,3.3096268491478734e-05,0,0.0,0.0
15618,2.0325726279445848e-05,2.679191759008147e-05,0,0.0,0.0
15619,2.648526957458797e-05,7.43228301260675e-06,0,0.0,0.0
15620,0.0001050902897102,2.738662976629469e-05,0,0.0,0.0
15621,5.009830778469452e-05,8.274312960123345e-05,0,0.0,0.0
15622,5.3965399148638494e-05,5.284479172126861e-05,0,0.0,0.0
15623,3.4119958992866193e-05,0.0001500489117465,0,0.0,0.0
15624,4.3663321558776166e-05,7.858014340909959e-05,0,0.0,0.0
15625,0.0002147084180362,4.869633653791106e-05,0,0.0,0.0
15626,0.0002493573987555,1.974655320343377e-05,0,0.0,0.0
15627,5.250731025271049e-05,4.312758205473043e-06,0,0.0,0.0
15628,5.475235946598183e-05,2.956137197161625e-05,0,0.0,0.0
15629,2.9796583549498136e-05,6.966333491157406e-05,0,0.0,0.0
15630,0.0004324611749399,7.21342486248562e-05,0,0.0,0.0
15631,0.0023039013965272,0.0004365357773067,0,0.0,0.0
15632,0.0031055508916848,0.0005902926035158,0,0.0,0.0
15633,0.0027121073950651,7.934012576858701e-05,0,0.0,0.0
15634,0.0032745052898636,0.0004568674468988,0,0.0,0.0
15635,0.0033767654286542,0.0011940888258301,0,0.0,0.0
15636,0.0035757721601058,0.0009675928445283,0,0.0,0.0
15637,0.0038382619629792,0.0011742647153761,0,0.0,0.0
15638,0.0038448553189438,0.0012345078865034,0,0.0,0.0
15639,0.0042926454173358,0.001529197429307,0,0.0,0.0
15640,0.0037531770979186,0.0018160889637979,0,0.0,0.0
15641,0.0038347279463302,0.0021481892742384,0,0.0,0.0
15642,0.0029803890600911,0.0025545213660298,0,0.0,0.0
15643,0.0021489522408238,0.0026442527980572,0,0.0,0.0
15644,0.0004845981248382,0.0027629148380176,0,0.0,0.0
15645,0.0001502228298186,0.0023962045121723,0,0.0,0.0
15646,0.0001665699116482,0.0010889838086867,0,0.0,0.0
15647,0.0001695848847356,0.0001903404315128,0,0.0,0.0
15648,0.0001586226317,0.0001295154827582,0,0.0,0.0
15649,0.000132400460925,0.0003059871953558,0,0.0,0.0
15650,8.451819957515514e-05,0.0008167485828618,0,0.0,0.0
15651,0.00018283158342,0.0015121393315077,0,0.0,0.0
15652,0.0013171588242399,0.0019140279492132,0,0.0,0.0
15653,0.0026257882662357,0.0014818559463352,0,0.0,0.0
15654,0.0020789932691607,0.0014105267250171,0,0.0,0.0
15655,0.0023517975372559,0.0026213777652632,0,0.0,0.0
15656,0.0053963331506837,0.0036589998041368,0,0.0,0.0
15657,0.0076551014916171,0.0029268814640533,0,0.0,0.0
15658,0.0077898360539496,0.0032114931730288,0,0.0,0.0
15659,0.0078541790284452,0.0021179457312891,0,0.0,0.0
15660,0.0066974852720123,0.0012393352305361,0,0.0,0.0
15661,0.0067891465692171,0.0014381742189655,0,0.0,0.0
15662,0.0058952306213421,0.0016966908689528,0,0.0,0.0
15663,0.0044077020767388,0.0012617110636536,0,0.0,0.0
15664,0.003398543524546,0.0014542955322397,0,0.0,0.0
15665,0.0038115633647268,0.002744623590438,0,0.0,0.0
15666,0.0050032187623191,0.0032188006536546,0,0.0,0.0
15667,0.004932673931558,0.0028973749459942,0,0.0,0.0
15668,0.0041560505477276,0.0035976683210845,0,0.0,0.0
15669,0.0049199944091344,0.0034169964806897,0,0.0,0.0
15670,0.0060146407701219,0.0032576089909528,0,0.0,0.0
15671,0.005000470233341,0.0047934061279698,0,0.0,0.0
15672,0.0038024582829531,0.0041320765316329,0,0.0,0.0
15673,0.0037039441933017,0.0036838833966917,0,0.0,0.0
15674,0.0030864209973851,0.0026421249024185,0,0.0,0.0
15675,0.0024385806752627,0.0017675244936055,0,0.0,0.0
15676,0.0032640287689044,0.0014436819603677,0,0.0,0.0
15677,0.0025381997236937,0.0006831997969719,0,0.0,0.0
15678,0.000830794251762,0.0012306609019315,0,0.0,0.0
15679,0.0001235556445129,0.0008031610778347,0,0.0,0.0
15680,0.0010469078486341,0.0009927245156348,0,0.0,0.0
15681,0.0011038363048714,0.0009956917411461,0,0.0,0.0
15682,0.0005008900732461,0.0008896514037481,0,0.0,0.0
15683,0.0005236818148986,0.0004089749233654,0,0.0,0.0
15684,0.0002200941816155,0.0004541439421397,0,0.0,0.0
15685,0.0003015211219422,0.0003176134683333,0,0.0,0.0
15686,0.0001761848917737,0.0001722735365041,0,0.0,0.0
15687,0.0002145407148507,6.459710306460156e-05,0,0.0,0.0
15688,0.0002004693288462,1.0306806009641438e-05,0,0.0,0.0
15689,4.899808871270451e-05,2.428983461832853e-05,0,0.0,0.0
15690,4.892399251739889e-06,1.3673594961398896e-05,0,0.0,0.0
15691,8.727883256444266e-06,2.8588168626955703e-05,0,0.0,0.0
15692,2.443633715551863e-05,2.310982125082512e-05,0,0.0,0.0
15693,0.0001379063512588,5.613155099934982e-05,0,0.0,0.0
15694,0.0011464337161616,0.0004369752117232,0,0.0,0.0
15695,0.004005151192412,0.0016118077566612,0,0.0,0.0
15696,0.0063872123691301,0.0019399385751636,0,0.0,0.0
15697,0.0072692522648554,0.0012490449531932,0,0.0,0.0
15698,0.0056507756004805,0.0003935927438486,0,0.0,0.0
15699,0.0042670957325864,0.0001126532241131,0,0.0,0.0
15700,0.0026568280580161,0.0003869497865969,0,0.0,0.0
15701,0.001675809454267,0.0004966294815872,0,0.0,0.0
15702,0.0032059181837198,0.0001733005041955,0,0.0,0.0
15703,0.0054547438417758,8.881166320212576e-05,0,0.0,0.0
15704,0.004421289381696,7.722798961185423e-05,0,0.0,0.0
15705,0.0031074821260508,0.000356305762738,0,0.0,0.0
15706,0.0027106283484745,0.0010084214283563,0,0.0,0.0
15707,0.0033620830713323,0.0010803714733788,0,0.0,0.0
15708,0.0018628974907492,0.0006656512548559,0,0.0,0.0
15709,0.0012019715254375,0.0005113431064628,0,0.0,0.0
15710,0.0016232028893544,0.0005150924339794,0,0.0,0.0
15711,0.0012095271799375,0.0004074845827021,0,0.0,0.0
15712,0.0004320517619082,0.00034672972971,0,0.0,0.0
15713,0.0003248600810906,0.0001737352537956,0,0.0,0.0
15714,0.0009796600185315,0.0003909822153302,0,0.0,0.0
15715,0.0003416987792738,0.0014805507886098,0,0.0,0.0
15716,0.0022122479347631,0.0019410516350194,0,0.0,0.0
15717,0.0065150025604428,0.0010934305737157,0,0.0,0.0
15718,0.0072829620261571,0.0003205271850345,0,0.0,0.0
15719,0.0049245373874532,0.0004876654046567,0,0.0,0.0
15720,0.0048036820588315,0.0009110091233527,0,0.0,0.0
15721,0.0040275569584866,0.0017569397912012,0,0.0,0.0
15722,0.0021875744607263,0.0020418512366032,0,0.0,0.0
15723,0.0030519864588364,0.0016666192353058,0,0.0,0.0
15724,0.0031835526315788,0.0018430744019298,0,0.0,0.0
15725,0.0033913006000124,0.002247892697131,0,0.0,0.0
15726,0.0043312213252161,0.0028512523954096,0,0.0,0.0
15727,0.0043443780541254,0.0028027423314255,0,0.0,0.0
15728,0.0041261482870702,0.0028943932790983,0,0.0,0.0
15729,0.0034651538873058,0.0023502495011517,0,0.0,0.0
15730,0.0019337051466806,0.0021054364823877,0,0.0,0.0
15731,0.0017267280758582,0.0020306235830255,0,0.0,0.0
15732,0.0019278104358026,0.0019616917929537,0,0.0,0.0
15733,0.0022517134042027,0.0020902244957838,0,0.0,0.101085804
15734,0.0026363725800717,0.0014184659277876,0,0.0,0.13217409
15735,0.002947707282493,0.0012618107425836,0,0.0,0.15661415
15736,0.0024520214892467,0.0010166641254233,0,0.0,0.16601105
15737,0.0008627331372818,0.0002212924615767,0,0.0,0.1607295
15738,6.429362477527717e-05,0.0002842487624571,0,0.0,0.16009745
15739,0.0001923886329395,0.000157054239853,0,0.0,0.15982953
15740,0.0001662756967996,0.0002382187328145,0,0.0,0.16283402
15741,4.226729273295213e-05,0.0003851750631905,0,0.0,0.17837699
15742,0.0004833836369661,0.0009696299052187,0,0.0,0.20247528
15743,0.0022481236170557,0.0012489137268606,0,0.0,0.23690979
15744,0.0020879748341313,0.0012509355332735,0,0.0,0.24554831
15745,0.0023281993456112,0.0024141950095675,0,0.0,0.16316956
15746,0.0053774802282211,0.0014310149655138,0,0.0,0.0
15747,0.0049582655419877,0.0014593736445267,0,0.0,0.0
15748,0.0045204863971283,0.0012334070105687,0,0.0,0.0
15749,0.0037019087749129,0.0017532315224889,0,0.0,0.0
15750,0.0041375209313039,0.0012637100631384,0,0.0,0.0
15751,0.0056986600056689,0.0007898805471687,0,0.0,0.0
15752,0.0052468813414578,0.0005847854983306,0,0.0,0.0
15753,0.0031211387369105,0.000694632407726,0,0.0,0.0
15754,0.0023719041562713,0.0001668002873637,0,0.0,0.0
15755,0.0013721532283645,0.0001678721810534,0,0.0,0.0
15756,0.0008159712066762,0.0001329766524649,0,0.0,0.0
15757,0.0008063361837324,0.0001320440423031,0,0.0,0.0
15758,0.0004344419833665,0.0002584820204895,0,0.0,0.0
15759,0.0004434858231989,0.000436574487197,0,0.0,0.0
15760,0.0006899712091006,0.0008906423306235,0,0.0,0.0
15761,0.0003223608342482,0.0005115369829357,0,0.0,0.0
15762,0.0009052207531308,0.0002167706217807,0,0.0,0.0
15763,0.0015754767412499,0.0002105266154865,0,0.0,0.0
15764,0.0014547799103118,0.0004091734859619,0,0.0,0.0
15765,0.0030964886654413,0.0003797749266556,0,0.0,0.0
15766,0.0035555888380371,0.0002629992349254,0,0.0,0.0
15767,0.0024761158335815,0.0005161302266498,0,0.0,0.0
15768,0.0010562295811565,0.0004655547127107,0,0.0,0.0
15769,0.0005756021862966,0.0004975498100612,0,0.0,0.0
15770,0.0025432678469148,0.0006802749913053,0,0.0,0.0
15771,0.0029966769226687,0.0011856432626785,0,0.0,0.0
15772,0.0024487764203707,0.0012576060918036,0,0.0,0.0
15773,0.0020581194850407,0.0007393495017645,0,0.0,0.0
15774,0.0021743250435567,0.0008942474949078,0,0.0,0.0
15775,0.0025334656139016,0.0023806652738824,0,0.0,0.0
15776,0.0024508359221701,0.0018845301298308,0,0.0,0.0
15777,0.0025655588177916,0.0014514545198519,0,0.0,0.0
15778,0.003346476128128,0.0013643568005525,0,0.0,0.0
15779,0.0053977564788237,0.0007604779498666,0,0.0,0.0
15780,0.0051369700081261,0.000657306532638,0,0.0,0.0
15781,0.0057960650371994,0.0016079363326336,0,0.0,0.0
15782,0.0060545994501593,0.0036977016320376,0,0.0,0.11206673
15783,0.0056018868526441,0.00356504283025,0,0.0,0.35993174
15784,0.0041047554753129,0.002208013877754,0,0.0,0.8101354
15785,0.0020623521348668,0.001763950176389,0,0.0,0.9500478
15786,0.0013854865851117,0.0015214300915565,0,0.0,0.96846676
15787,0.0016832700391264,0.000973423854788,0,0.0,0.97352195
15788,0.0018296776639417,0.0005309598548501,0,0.0,0.97558624
15789,0.0016319211003992,0.0007884702580224,0,0.0,0.97621816
15790,0.0011594143927742,0.0013369910825836,0,0.0,0.9761345
15791,0.000682870473114,0.002369388722852,0,0.0,0.9754493
15792,0.0009493399219732,0.0018508811655406,0,0.0,0.97475994
15793,0.0009556148771918,0.0015185900218937,0,0.0,0.97466373
15794,0.0006614423809174,0.0011010731455436,0,0.0,0.97436374
15795,0.0001674540740887,0.0010389078657782,0,0.0,0.97329795
15796,0.0003688642902066,0.0003003798220939,0,0.0,0.97080135
15797,0.0012608583183694,0.0004312321277809,0,0.0,0.96410406
15798,0.0010332279051525,0.0014195055601054,0,0.0,0.94114155
15799,0.0010774019293571,0.0015504308435168,0,0.0,0.85760224
15800,0.0017718978504849,0.0014728396382742,0,0.0,0.5649348
15801,0.0046667928777078,0.0012616766533721,0,0.0,0.18535
15802,0.005374046594885,0.0016174932780982,0,0.0,0.0
15803,0.0045259447746256,0.0017275618040659,0,0.0,0.0
15804,0.003080484166093,0.0011337408490126,0,0.0,0.0
15805,0.0030646556456821,0.0007579180215155,0,0.0,0.0
15806,0.0026169707188932,0.0003028709507982,0,0.0,0.0
15807,0.0017853778261844,0.0001929612626872,0,0.0,0.0
15808,0.0010245969623939,0.0002820827228803,0,0.0,0.0
15809,0.0011302844089823,0.0001758983917032,0,0.0,0.0
15810,0.0019761989875975,0.0003527662940333,0,0.0,0.0
15811,0.0040786424751807,0.0001721676254206,0,0.0,0.0
15812,0.0045633169572895,0.00020245418186,0,0.0,0.0
15813,0.0030312032560088,0.0002025861916275,0,0.0,0.0
15814,0.0015269617589335,0.0001406456126702,0,0.0,0.0
15815,0.0009119998232179,0.0002567461903991,0,0.0,0.0
15816,0.0002091307950461,0.0003800891970326,0,0.0,0.0
15817,0.0007678717151185,0.0001922709088965,0,0.0,0.0
15818,0.0007354462562334,4.923497624933387e-05,0,0.0,0.0
15819,0.0005498503693997,0.0001294314762657,0,0.0,0.0
15820,0.000518865777016,1.069002484860612e-05,0,0.0,0.0
15821,0.000220606214189,0.000125265243471,0,0.0,0.0
15822,6.569671254495476e-05,0.0001793299122663,0,0.0,0.0
15823,0.0001013608015771,0.000118178386522,0,0.0,0.0
15824,0.0004131702417825,0.0001674667556551,0,0.0,0.0
15825,0.0005574591371358,0.0001731630901803,0,0.0,0.0
15826,0.000265904807626,0.0001889008215892,0,0.0,0.0
15827,0.0001043702935662,0.0002665050058974,0,0.0,0.0
15828,0.0002172447855882,0.000233629222667,0,0.0,0.0
15829,0.0003386018823036,0.000198595086836,0,0.0,0.0
15830,0.0002721639343532,9.232837535893778e-05,0,0.0,0.0
15831,0.0002760609844895,5.561874240600088e-05,0,0.0,0.0
15832,0.0001851085351888,0.0001985539048263,0,0.0,0.0
15833,0.0003957394579464,0.00020535653278,0,0.0,0.0
15834,0.0006898069452861,7.634522380393741e-05,0,0.0,0.0
15835,0.0014921243686906,6.019710806200201e-05,0,0.0,0.0
15836,0.0025412698219269,0.000408310404213,0,0.0,0.0
15837,0.0038602523466601,0.0009290097505063,0,0.0,0.0
15838,0.0036977368884,0.0011354781654315,0,0.0,0.0
15839,0.0048244884351201,0.0018599589153544,0,0.0,0.0
15840,0.005624080820301,0.004070065330475,0,0.0,0.0
15841,0.0066995457185202,0.0051628284100959,0,0.0,0.0
15842,0.006420970185189,0.0049547180346248,0,0.0,0.0
15843,0.0066136276748522,0.0054311716218008,0,0.0,0.0
15844,0.0051177333980294,0.0044224334802166,0,0.0,0.0
15845,0.0046244717462768,0.0056366539882101,0,0.0,0.0
15846,0.0044952967428723,0.0051224563031028,0,0.0,0.0
15847,0.0060094158135601,0.005512450236802,0,0.0,0.0
15848,0.0060171762983113,0.0051883493103187,0,0.0,0.0
15849,0.0055878216228179,0.0039545403590126,0,0.0,0.0
15850,0.0053449236458135,0.0048590293947511,0,0.0,0.0
15851,0.0047747637418345,0.0057245168306244,0,0.0,0.0
15852,0.0061478355555734,0.0043422111736736,0,0.0,0.0
15853,0.0059184628016168,0.0039998006167988,0,0.0,0.0
15854,0.0042895366494079,0.0038015734233977,0,0.0,0.0
15855,0.0021112129184198,0.0036140208736261,0,0.0,0.0
15856,0.0006252538377801,0.0027171823483451,0,0.0,0.0
15857,0.0002056342783151,0.0011047951866015,0,0.0,0.0
15858,3.48261324755817e-05,0.0001020650485991,0,0.0,0.0
15859,2.658590692779658e-06,0.0005804280243367,0,0.0,0.0
15860,3.3564984620742544e-06,0.0007569595938721,0,0.0,0.0
15861,2.6512894548693037e-05,0.0006133970468696,0,0.0,0.0
15862,0.000266026288406,0.0002471744112156,0,0.0,0.0
15863,0.0013441776248162,0.0002046945021215,0,0.0,0.0
15864,0.002393299425959,0.0013373801060241,0,0.0,0.0
15865,0.0030220649924743,0.0024792734573564,0,0.0,0.0
15866,0.0025865967376175,0.0022120160334893,0,0.0,0.0
15867,0.0025593822956272,0.0019079984270738,0,0.0,0.0
15868,0.0040433717344275,0.0016216427403651,0,0.0,0.0
15869,0.0038785975896927,0.0013246235718644,0,0.0,0.0
15870,0.0027538263942563,0.0011442958726346,0,0.0,0.0
15871,0.0014416333092148,0.000771647241616,0,0.0,0.0
15872,0.0006010074275522,0.0005997909192591,0,0.0,0.0
15873,0.0004419159755628,0.00042628001389,0,0.0,0.0
15874,0.0003218440015106,0.0003545903814718,0,0.0,0.0
15875,0.0005805410943517,0.0001181620882711,0,0.0,0.0
15876,0.0022678615907905,5.785652378678317e-05,0,0.0,0.0
15877,0.0043061319135287,6.368097725555624e-05,0,0.0,0.0
15878,0.004603856288309,0.0004225701929757,0,0.0,0.0
15879,0.0042319683370519,0.0010983609823313,0,0.0,0.0
15880,0.0027222491870785,0.0013410504664321,0,0.0,0.0
15881,0.0022408504918522,0.0009348491327225,0,0.0,0.0
15882,0.0028750671583116,0.0005202945480896,0,0.0,0.0
15883,0.0014712452028428,0.000198415537051,0,0.0,0.0
15884,0.0016728657066481,0.0002592997474609,0,0.0,0.0
15885,0.0017344718851098,0.0003738511913295,0,0.0,0.0
15886,0.0013353890173667,0.000217497262248,0,0.0,0.0
15887,0.0016171639239214,0.000322501496627,0,0.0,0.0
15888,0.0013246560234896,0.0002564955258001,0,0.0,0.0
15889,0.0012340020061292,0.0004702929387404,0,0.0,0.0
15890,0.0013124112228368,0.0006190815393762,0,0.0,0.0
15891,0.0015429049223743,0.000730007230448,0,0.0,0.0
15892,0.0012766822264308,0.0005658183797178,0,0.0,0.0
15893,0.0017533774931058,0.0005392606530726,0,0.0,0.0
15894,0.0021003481127041,0.0006220793996629,0,0.12917098,0.0
15895,0.0022456053682415,0.0011646576796174,0,0.1972189,0.0
15896,0.0034700211986161,0.0023484099852642,0,0.41540605,0.0
15897,0.0052030401590068,0.004432155730579,0,0.78994095,0.0
15898,0.0052907768376554,0.0047838397824652,0,0.92894053,0.0
15899,0.0038636547500641,0.0048438547158389,0,0.9579652,0.0
15900,0.001671717840605,0.0030002594674816,0,0.9679654,0.0
15901,0.0014877575152343,0.0020308005238911,0,0.9731046,0.0
15902,0.0013318018907433,0.0014235137318155,0,0.97588307,0.0
15903,0.0016493802667462,0.0015033327985758,0,0.9775015,0.0
15904,0.0020713240353673,0.0013190450386277,0,0.97861665,0.0
15905,0.0009757944386902,0.0006916239377688,0,0.9789032,0.0
15906,0.0009262065081427,0.0022599847824132,0,0.978655,0.0
15907,0.0017808980608589,0.0026641042822673,0,0.97828496,0.0
15908,0.0018760171992911,0.0016594785812138,0,0.9781962,0.0
15909,0.0018080465576382,0.0009178476326633,0,0.9775799,0.0
15910,0.0017091558884429,0.0005803505699318,0,0.97605646,0.0
15911,0.0018091552151185,0.0004663826292651,0,0.97303516,0.0
15912,0.003696826457559,0.0003369624272799,0,0.96753395,0.0
15913,0.0039804175246053,0.0002062189680529,0,0.95634246,0.0
15914,0.0029954376046072,0.0005969927852864,0,0.9461611,0.0
15915,0.0020445658101664,0.0009815285313653,0,0.92647135,0.0
15916,0.0022452849858429,0.0007406143738855,0,0.8900555,0.0
15917,0.0030221976153467,0.0002252952109236,0,0.8377247,0.0
15918,0.003549668637426,0.0005050975754329,0,0.7776473,0.0
15919,0.0019608257537546,0.0006956526539616,0,0.71992016,0.0
15920,0.000590365839311,0.0005916417814253,0,0.6926622,0.0
15921,0.0001293750619998,0.0007995178391532,0,0.6771989,0.0
15922,0.0001077481244337,0.0007390812045937,0,0.65519536,0.0
15923,0.0007388809961117,0.0003105633128794,0,0.6651293,0.0
15924,0.0014198115213986,0.000288846083397,0,0.6729813,0.0
15925,0.0011362530327374,0.0004739127362104,0,0.66432315,0.0
15926,0.0009242457970071,0.0003633776053723,0,0.6568903,0.0
15927,0.0005633066066024,0.000284706148716,0,0.6349668,0.0
15928,0.0005112734464569,0.0002611560435819,0,0.596822,0.0
15929,0.0008651882182518,0.0003216487121793,0,0.5609331,0.0
15930,0.001240905082976,0.0001719073275846,0,0.51828545,0.0
15931,0.0012632377243467,0.0001928791494645,0,0.47362465,0.0
15932,0.0009277734779114,0.0003338360652108,0,0.44418386,0.0
15933,0.0012413499934377,0.0003802633257521,0,0.4163451,0.0
15934,0.0010969160554977,0.0002394054832972,0,0.3836248,0.0
15935,0.0007809806007376,0.0001122698050637,0,0.36820987,0.0
15936,0.000805905158138,0.0002883830616408,0,0.357065,0.0
15937,0.0007993773815894,0.0002889026419913,0,0.35525715,0.0
15938,0.0008853294308068,0.0003155242023819,0,0.36574325,0.0
15939,0.000665489283268,0.0003685730346839,0,0.39896187,0.0
15940,0.0011852727551575,0.0003957913583645,0,0.44576168,0.0
15941,0.0014548216361397,0.0002658374620201,0,0.51571345,0.0
15942,0.0018821047141557,0.0005012820160424,0,0.6033355,0.0
15943,0.0012784102819732,0.0003163840024625,0,0.6699625,0.0
15944,0.000854703025609,0.0008361793024414,0,0.7123294,0.0
15945,0.0008839067618401,0.0006348474948068,0,0.7459502,0.0
15946,0.000192287928246,0.0001775689047849,0,0.76626486,0.0
15947,4.624293705553118e-05,0.0003683596228752,0,0.77702916,0.0
15948,0.0002050251480668,0.0003111400378787,0,0.79004204,0.0
15949,0.0001547567177307,0.0001734366201352,0,0.79758185,0.0
15950,5.340732016943949e-05,0.0001707625531515,0,0.79887676,0.0
15951,6.714144444906236e-05,0.0001110576671082,0,0.7968668,0.0
15952,8.303693959340492e-05,0.0002297454254346,0,0.79479957,0.0
15953,4.58780382296901e-05,9.618118128661652e-05,0,0.79207224,0.0
15954,4.053400499650472e-05,7.092162248256435e-05,0,0.7847624,0.0
15955,0.0002111233037319,8.111299615312564e-05,0,0.7791779,0.0
15956,0.0004472337664294,0.0002854563148065,0,0.768652,0.0
15957,0.0011653522859553,0.0004346619706649,0,0.7549327,0.0
15958,0.00055414954137,0.0001692926147091,0,0.7463771,0.0
15959,0.0002943732830561,0.0005316204665432,0,0.74493647,0.0
15960,0.0002097061728315,0.0003011344219876,0,0.74609023,0.0
15961,0.0003701481063269,0.0001813303314326,0,0.75073224,0.0
15962,0.0003356844481666,0.0001166193437398,0,0.75440735,0.0
15963,0.0001989157759719,4.306923633667035e-06,0,0.7544685,0.0
15964,1.3811933773707232e-05,0.0001094352863439,0,0.75400937,0.0
15965,0.0001760524677987,5.479723976437678e-05,0,0.7531288,0.0
15966,0.0001382741338583,6.716122347056924e-05,0,0.7526422,0.0
15967,3.2294400400503734e-05,1.174769847872692e-05,0,0.7537781,0.0
15968,6.356892961170971e-05,1.8974988745775408e-05,0,0.7543105,0.0
15969,7.872432161304872e-05,2.009272941412652e-05,0,0.7547819,0.0
15970,1.1163205156938483e-05,3.025039987398603e-05,0,0.7556513,0.0
15971,6.268238721812237e-05,2.2460076167535686e-05,0,0.7565985,0.0
15972,4.941685723518064e-05,2.669679040215924e-05,0,0.7576564,0.0
15973,3.5583181139577385e-05,9.072101474589017e-06,0,0.7577733,0.0
15974,1.2341371254787008e-05,6.600836190338345e-05,0,0.7562424,0.0
15975,2.828154470061194e-05,3.325033362892517e-05,0,0.7534942,0.0
15976,1.0503670511898912e-05,0.000111204228947,0,0.75111705,0.0
15977,1.8209346955956385e-05,0.0004337294026043,0,0.74892014,0.0
15978,3.1927994607176866e-05,0.0001083157378483,0,0.7465221,0.0
15979,7.338878160698653e-05,3.043865259568871e-05,0,0.7463734,0.0
15980,0.0003067778304867,2.5323218808547983e-05,0,0.7386287,0.0
15981,0.0004557489990856,8.727047382004823e-05,0,0.7255158,0.0
15982,0.0001265063021675,5.464723032916391e-05,0,0.7141751,0.0
15983,0.0003312873874182,0.0001410984246595,0,0.6908725,0.0
15984,0.0007906250445627,0.0005464567651084,0,0.6488733,0.0
15985,0.0011402120353758,0.0004377452932906,0,0.5936884,0.0
15986,0.0011122289294359,0.0006116771016015,0,0.50206494,0.0
15987,0.0010052241291929,0.0003341744764026,0,0.38639605,0.0
15988,0.0010628514438046,4.118860995679214e-05,0,0.28874904,0.0
15989,0.0020941895758501,0.000202545555633,0,0.18090646,0.0
15990,0.0024688487782097,0.0003556784089008,0,0.111671,0.0
15991,0.0021876801989599,0.0001077324905511,0,0.0,0.0
15992,0.0049087698828414,0.0002036434100787,0,0.0,0.0
15993,0.0046474946535474,0.0001534349001713,0,0.0,0.0
15994,0.0033932757181094,7.058338215828105e-05,0,0.0,0.0
15995,0.0027973413348892,0.0002191754131576,0,0.0,0.0
15996,0.0024836348216162,0.0003606979495284,0,0.0,0.0
15997,0.0011613866389673,0.0001349086367158,0,0.0,0.0
15998,0.0008337678316702,1.5929289194366817e-05,0,0.0,0.0
15999,0.0002114590903112,1.8364941111911733e-06,0,0.0,0.0
16000,0.001149478481088,2.1659275901815318e-05,0,0.0,0.0
16001,0.0024009340011534,0.0001248312255743,0,0.0,0.0
16002,0.0025678007776854,0.0003157323746624,0,0.0,0.0
16003,0.0019552562623338,0.0003413980692178,0,0.0,0.0
16004,0.0022188010072245,0.000289561102578,0,0.0,0.0
16005,0.002849567769488,0.0003385180686201,0,0.0,0.0
16006,0.0024594985858691,0.0004653044643314,0,0.0,0.0
16007,0.0016865079435625,0.0006066874404348,0,0.0,0.0
16008,0.0014297921071389,0.0007062988320158,0,0.0,0.0
16009,0.0016915490421122,0.0004927325744243,0,0.0,0.0
16010,0.0026372618778621,0.0001440246185223,0,0.14275162,0.0
16011,0.0020682838100922,0.0001060457865921,0,0.21114045,0.0
16012,0.0009850279963724,4.559757370536188e-05,0,0.31259766,0.0
16013,0.0012649329954626,0.0003293766454294,0,0.41406214,0.0
16014,0.0010645414730753,0.0003900793042543,0,0.53443533,0.0
16015,0.0033577529112996,0.0005220627319317,0,0.66482097,0.0
16016,0.0031637550316649,0.0006337592808568,0,0.7858438,0.0
16017,0.0030046468354631,0.0004065579014486,0,0.8712255,0.0
16018,0.0027827364434228,0.0004853086849866,0,0.92599285,0.0
16019,0.00200081690029,0.0005815952593576,0,0.9498892,0.0
16020,0.0017147732664104,0.0007873271791102,0,0.9586375,0.0
16021,0.0010789441220501,0.0006892235054673,0,0.96480507,0.0
16022,0.0007778874076585,0.0006922204464381,0,0.96844727,0.0
16023,0.001181721417197,0.0006414270383153,0,0.97082186,0.0
16024,0.0029272478633672,2.5161001768454363e-05,0,0.97170365,0.0
16025,0.0041579125839094,0.0007209193667031,0,0.97011685,0.0
16026,0.0037326938906877,0.0011195813797598,0,0.96556085,0.0
16027,0.002734587373729,0.0007333152634862,0,0.95292205,0.0
16028,0.0022458233650238,0.0005616107233774,0,0.9197422,0.0
16029,0.0037478833914132,0.0006228990789723,0,0.7988427,0.0
16030,0.0060848322980069,0.0011198699057095,0,0.41892868,0.0
16031,0.0049497505477848,0.000516067429832,0,0.10717276,0.0
16032,0.0025035125543628,0.0003952904384771,0,0.0,0.0
16033,0.0010630893529116,7.679473548555837e-05,0,0.0,0.0
16034,0.0012129444712951,0.0002883632158177,0,0.0,0.0
16035,0.0004493761012166,0.0005414527927679,0,0.0,0.0
16036,0.0007016375305492,0.0004454586276074,0,0.0,0.0
16037,0.0007346054244985,0.0002586351667417,0,0.0,0.0
16038,0.0005214759956412,6.422954777355077e-05,0,0.0,0.0
16039,8.32594819365643e-05,0.0001058934821037,0,0.0,0.0
16040,0.000134381814376,6.61309216255184e-05,0,0.0,0.0
16041,0.0004642953789557,0.0001359607864947,0,0.0,0.0
16042,0.0007571728243884,5.834299201219204e-05,0,0.0,0.0
16043,0.0008586906549365,0.0001988696021896,0,0.0,0.0
16044,6.501425875336524e-05,0.000230535201808,0,0.0,0.0
16045,0.0005938366645829,5.453515542196921e-05,0,0.0,0.0
16046,0.0008708381362107,0.0001317244950043,0,0.0,0.0
16047,0.0019403993548618,8.242690748797807e-05,0,0.0,0.0
16048,0.002668314594106,8.780419375519556e-05,0,0.0,0.0
16049,0.0036664938563475,0.00028333103069,0,0.0,0.0
16050,0.0034574559204935,9.483159575238572e-05,0,0.13024575,0.0
16051,0.0021928847022546,0.0001651689392768,0,0.23514317,0.0
16052,0.0016226057949452,0.0005498806015725,0,0.38589585,0.0
16053,0.0011305420013411,0.0005259526913607,0,0.55758715,0.0
16054,0.0005863176536259,0.0001196176077365,0,0.68016845,0.0
16055,0.0005952889692297,1.502314410587859e-05,0,0.7427984,0.0
16056,0.0003019020149109,1.481286276143617e-05,0,0.77310365,0.0
16057,0.0004159593947754,1.998184501219013e-05,0,0.77604455,0.0
16058,0.000450226104661,4.883120836744317e-05,0,0.7584743,0.0
16059,0.0005582640451189,9.603982374860595e-05,0,0.7346115,0.0
16060,0.000259379984388,0.0001157993872544,0,0.705012,0.0
16061,0.0004876383041676,0.0001711538035877,0,0.68275946,0.0
16062,0.0002507310581009,0.0001801342486463,0,0.65753543,0.0
16063,0.0002599452411875,0.0001095659004358,0,0.6350852,0.0
16064,0.0001005594576961,1.1011972840165552e-05,0,0.61259085,0.0
16065,2.950378368771204e-05,0.0001044180200719,0,0.60225785,0.0
16066,7.150615060645644e-05,0.0001085326240235,0,0.5954672,0.0
16067,8.331546292381927e-05,0.0001183601798941,0,0.59173596,0.0
16068,3.098206911410376e-05,1.911269089947473e-05,0,0.5838807,0.0
16069,0.0001446384417121,3.99804051623144e-05,0,0.57073855,0.0
16070,0.0002936730308471,2.777394498390697e-05,1,0.55343455,0.0
16071,0.000266808703534,6.48338972910595e-05,1,0.53906924,0.0
16072,7.205425460406357e-05,5.9806929489749176e-05,1,0.52907723,0.0
16073,7.909090635611497e-05,1.9622598978504504e-05,0,0.5206966,0.0
16074,0.0002137138709627,2.227377544255057e-05,1,0.51363194,0.0
16075,0.0002333062630688,9.227664161762808e-05,1,0.5082735,0.0
16076,0.0002468463690768,0.0001297149967354,1,0.50315374,0.0
16077,0.0001654261028557,4.8448626822173005e-05,0,0.50138503,0.0
16078,7.359606511758841e-05,5.464089923405793e-05,0,0.5051565,0.0
16079,2.6075346276137416e-05,4.9249730527969466e-05,0,0.51002353,0.0
16080,0.0001085827911255,6.898229353946832e-05,0,0.5117244,0.0
16081,0.0002062866235786,1.0222466977454626e-05,0,0.5119278,0.0
16082,5.163135081517724e-05,5.448647398262669e-05,0,0.51758176,0.0
16083,0.0001194776935154,7.791640881894563e-05,0,0.54268074,0.0
16084,0.000515164295348,7.409931743350182e-05,0,0.58026177,0.0
16085,0.0008092602213228,9.500943931425428e-05,0,0.63200605,0.0
16086,0.0012638576229811,9.14670410795968e-05,0,0.66449314,0.0
16087,0.0005187855274924,0.0002985315341413,0,0.6802484,0.0
16088,0.0001812785558058,9.529964739567316e-05,0,0.6660344,0.0
16089,0.0002102606060297,0.0001398142525399,0,0.6087212,0.0
16090,0.000446967538879,0.00031734134413,0,0.5229022,0.0
16091,0.0013857137500563,0.0002804907342688,0,0.37981766,0.0
16092,0.0033147308405045,0.0003444308168568,0,0.19365357,0.0
16093,0.003168402035381,0.0002433911510833,0,0.0,0.0
16094,0.0017591191620218,0.000253985733875,0,0.0,0.0
16095,0.0016734294774124,9.038275729001703e-05,0,0.0,0.0
16096,0.0020029524273585,5.804914690329746e-05,0,0.0,0.0
16097,0.0012064604296856,0.0002500010056865,0,0.0,0.0
16098,0.001407736319209,0.0003297774509068,0,0.0,0.0
16099,0.0012404626650754,0.0003206488039446,0,0.0,0.0
16100,0.0002772090337419,0.0006884686901194,0,0.0,0.0
16101,0.0006409276607356,0.0007816986949917,0,0.0,0.0
16102,0.0028144706318081,0.0008270197232487,0,0.0,0.0
16103,0.0036277854642928,0.0007034019412218,0,0.0,0.0
16104,0.0018777590390511,0.0001798186327886,0,0.12760007,0.0
16105,0.0006537547305595,5.340956704112433e-05,0,0.22552451,0.0
16106,0.0009277544547341,3.1036661666491e-05,0,0.40817446,0.0
16107,0.0014254082503698,2.6950191673908886e-05,0,0.6504293,0.0
16108,0.0012417905934699,4.5713997834193264e-05,0,0.8153681,0.0
16109,0.0013530410736883,0.0001113307365283,0,0.89021605,0.0
16110,0.0019022690461797,0.0002996340187732,0,0.9245926,0.0
16111,0.0026913552646935,0.0004398562278079,0,0.9395841,0.0
16112,0.0040709269072991,0.0004621114702617,0,0.94720656,0.0
16113,0.0035721356014439,0.0001832202991637,0,0.95064205,0.0
16114,0.0012012055890998,0.0001856974934849,0,0.95151955,0.0
16115,0.0010354114933107,0.0002865117107692,0,0.9508466,0.0
16116,0.0012073988419104,0.0002003016290425,0,0.9494381,0.0
16117,0.0001775845654033,0.0003281898824561,0,0.94811267,0.0
16118,0.0009277599023972,0.0003055266254025,0,0.94726574,0.0
16119,0.0016123178193615,0.0003948423290171,0,0.9430671,0.0
16120,0.0010756940059766,0.0001649767724067,0,0.9336267,0.0
16121,0.0016007982136416,0.0005198227775209,0,0.912882,0.0
16122,0.003197297390074,0.0009394028101764,0,0.8642298,0.0
16123,0.0038174546045002,0.0008799507494773,0,0.7543744,0.0
16124,0.0031729611081531,0.0007795778719174,0,0.58625925,0.0
16125,0.0015196931750683,0.0004718886884077,0,0.37733862,0.0
16126,0.0016254335798213,1.0989585905533569e-05,0,0.21236005,0.0
16127,0.0012907781470701,0.0004887427537375,0,0.11625581,0.0
16128,0.00083412419451,0.0005585138966336,0,0.0,0.0
16129,0.0010902348048062,0.0002435269363835,0,0.0,0.0
16130,0.0007765690962202,0.0003445052148595,0,0.0,0.0
16131,0.000691919063716,0.0007603157911686,0,0.0,0.0
16132,0.0011547264298666,0.0002683789243119,0,0.0,0.0
16133,0.0010405076946715,0.0001829789080983,0,0.0,0.0
16134,0.0006564741574603,0.0001693100267303,0,0.0,0.0
16135,0.0002443189655279,0.0002560846565997,0,0.0,0.0
16136,0.0001040068587678,5.438704463551002e-05,0,0.0,0.0
16137,0.0001496492494696,9.512402076505282e-05,0,0.0,0.0
16138,7.111211777878291e-05,0.0002051033481817,0,0.0,0.0
16139,2.55042222435568e-05,7.248516862150129e-05,0,0.0,0.0
16140,5.99730596099715e-06,1.7009572545336875e-05,0,0.0,0.0
16141,3.5413782555514856e-05,2.403289053516641e-05,0,0.0,0.0
16142,4.459157242669351e-05,1.089617241113072e-05,0,0.0,0.0
16143,1.4554423746583902e-05,1.7641721394039668e-05,0,0.0,0.0
16144,1.2614672702796826e-06,1.4942518614883428e-05,0,0.0,0.0
16145,3.6420660891907146e-05,7.06503206965207e-05,0,0.0,0.0
16146,0.0001321689852055,7.070197497016386e-05,0,0.0,0.0
16147,1.3187725916626684e-05,1.532631874397746e-05,0,0.0,0.0
16148,0.0001354252757137,9.537098699313496e-05,0,0.0,0.0
16149,5.273795615188937e-05,0.0001468423670843,0,0.0,0.0
16150,6.629923161457707e-05,5.3515778147412817e-05,0,0.0,0.0
16151,3.223117959511604e-05,2.7474411471340048e-05,0,0.0,0.0
16152,4.3720886754130045e-06,6.93477042800718e-05,0,0.0,0.0
16153,0.0003087075136548,0.0001170480728069,0,0.0,0.0
16154,0.0012870698584773,0.0001223343149416,0,0.0,0.0
16155,0.0015432126454688,0.0004103616790108,0,0.0,0.0
16156,0.0011182541494937,0.0007484668586913,0,0.12091348,0.0
16157,0.0018928560582796,0.001017363238973,0,0.14802784,0.0
16158,0.0012477242826581,0.0007614786718683,0,0.17626871,0.0
16159,0.0002753348115343,0.0003061734458225,0,0.1471129,0.0
16160,0.002059588898703,0.0006548023826232,0,0.0,0.0
16161,0.0023892916604957,0.0001932565597725,0,0.0,0.0
16162,0.0029241383923993,0.0001263759685474,0,0.0,0.0
16163,0.003771151835877,0.0001879571894507,0,0.0,0.0
16164,0.00283922889848,0.0003021123311969,0,0.0,0.0
16165,0.0020980188338832,0.0002097750301164,0,0.0,0.0
16166,0.0020646470086348,6.993374344381963e-05,0,0.0,0.0
16167,0.0012091519992733,0.0002078303254262,0,0.0,0.0
16168,0.000129809978015,0.0006854098657773,0,0.0,0.0
16169,0.0016812336205823,0.0011413493886722,0,0.0,0.0
16170,0.0022793743029775,0.0010877196545466,0,0.0,0.0
16171,0.0023778274161585,0.0010634224009223,0,0.0,0.0
16172,0.0018964239095303,0.0007148532165721,0,0.0,0.0
16173,0.0013985387763566,0.0004563103651421,0,0.0,0.0
16174,0.0009037121321505,0.0002104373734233,0,0.0,0.0
16175,0.0011866170235401,9.8020426271143e-05,0,0.0,0.0
16176,0.0029641590319877,7.072674251153766e-05,0,0.24261937,0.0
16177,0.0042800063821302,0.00013764303438,0,0.7116148,0.0
16178,0.0038395549966459,0.0005040415189003,0,0.90308356,0.0
16179,0.0024018578076802,0.0003895513178602,0,0.9382878,0.0
16180,0.0009958485443534,0.0002156990103985,0,0.95103997,0.0
16181,0.0011182034261176,0.0001167994238769,0,0.9573336,0.0
16182,0.0007047879841878,0.0001517616549295,0,0.9613887,0.0
16183,0.0009169316242559,5.434212223205403e-05,0,0.96426505,0.0
16184,0.0015237049456199,0.0001208863840966,0,0.96634275,0.0
16185,0.0014081470769913,2.3204435569564903e-05,0,0.9679276,0.0
16186,0.0011366738447021,0.0001485726990762,0,0.9691566,0.0
16187,0.0011059012368951,0.0001651109612801,0,0.9698438,0.0
16188,0.0002631192914634,0.0004899636195732,0,0.96968466,0.0
16189,0.0010888291997988,0.0006371439323264,0,0.9682412,0.0
16190,0.0016098951125422,0.0004954448815283,0,0.96624535,0.0
16191,0.0011704820879001,0.0002048496209407,0,0.96380794,0.0
16192,0.0023480142994965,0.0005733307275452,0,0.95965725,0.0
16193,0.0023375310014109,0.0011324714835196,0,0.95440054,0.0
16194,0.0009231353587893,0.0006398500044794,0,0.9488855,0.0
16195,0.0010103793688684,0.000505341959072,0,0.94214076,0.0
16196,0.0011335886362537,0.0005268383606964,0,0.93279624,0.0
16197,0.0010733958835289,0.0005600958458414,0,0.9243845,0.0
16198,0.0013187581717705,0.0003938898776805,0,0.9109171,0.0
16199,0.001275303193175,0.0005002161372667,0,0.8875546,0.0
16200,0.0009337987750246,0.0004872597108669,0,0.8550661,0.0
16201,0.0014691377845193,0.0003990251302163,0,0.8038143,0.0
16202,0.0028826683284393,0.0004405576660821,0,0.72204757,0.0
16203,0.0026523034955949,0.000367658981769,0,0.6055357,0.0
16204,0.0026027298787148,9.944123264674738e-05,0,0.45546776,0.0
16205,0.0018684712366124,8.621590913177079e-05,0,0.2731402,0.0
16206,0.0016929662574111,0.0003540505837194,0,0.14126988,0.0
16207,0.0017461703039683,0.0002657826267405,0,0.0,0.0
16208,0.0017244555045984,0.0004385557188126,0,0.0,0.0
16209,0.0011330190872679,0.0002246459321661,0,0.0,0.0
16210,0.0003912259078169,0.0003508853900921,0,0.0,0.0
16211,0.0004392130585632,0.0001885536038373,0,0.0,0.0
16212,0.0006958400855847,0.0001758903428849,0,0.0,0.0
16213,0.0005697606767388,3.977472927820898e-05,0,0.0,0.0
16214,6.016682555045794e-05,2.005390689266126e-05,0,0.0,0.0
16215,0.0004425177466844,7.141521879519459e-05,0,0.0,0.0
16216,0.000202407389254,2.4281272111726e-05,0,0.0,0.0
16217,0.0001890146457413,9.609138643033397e-05,0,0.0,0.0
16218,0.0002302703334619,2.3436259928600285e-05,0,0.0,0.0
16219,0.0002955290505705,3.669381797654029e-05,0,0.0,0.0
16220,0.0001637823262567,6.213672826208581e-05,0,0.0,0.0
16221,3.938613679540311e-05,5.8426727756201655e-05,0,0.0,0.0
16222,8.290591573360011e-05,0.0001356577436179,0,0.0,0.0
16223,0.0001631425926596,8.671713597080825e-05,0,0.0,0.0
16224,0.0003578043692731,1.7098240859539654e-05,1,0.0,0.0
16225,0.0001749920849034,1.0624091543907608e-05,1,0.0,0.0
16226,8.094428838257763e-05,2.338631500696455e-05,1,0.0,0.0
16227,0.0001149891106809,2.004020217093016e-05,1,0.0,0.0
16228,8.668761243512577e-05,3.944463004508817e-05,1,0.0,0.0
16229,7.197895491621749e-05,2.243900908148002e-05,1,0.0,0.0
16230,7.157017055342827e-05,7.75765475984407e-06,1,0.0,0.0
16231,5.777312180916625e-05,5.117863639878808e-05,1,0.0,0.0
16232,0.0001168437037956,2.575018416137176e-05,1,0.0,0.0
16233,0.0002317108775298,4.2859525516130345e-05,1,0.0,0.0
16234,0.0001791810343948,0.0001641611311566,1,0.0,0.0
16235,0.0001958794791824,9.55587473537725e-05,1,0.0,0.0
16236,0.000100965679708,9.924143563935874e-05,1,0.0,0.0
16237,1.4539720112822195e-05,8.032758555086397e-05,0,0.0,0.0
16238,0.0001540375504785,7.712998709687082e-06,0,0.0,0.0
16239,0.0006538260473725,9.880045072304338e-05,0,0.0,0.0
16240,0.0008681016559493,0.0001544128916205,0,0.0,0.0
16241,0.0009731320044684,0.0001400229896801,0,0.0,0.0
16242,0.0003817479283845,9.297890158995182e-05,0,0.0,0.0
16243,0.0003413449919555,6.0899389821202486e-05,0,0.0,0.0
16244,0.0003958961793716,2.0689028241341213e-05,0,0.0,0.0
16245,0.0002353283256447,9.68281613647276e-05,0,0.0,0.0
16246,0.0001042316601184,0.0002076036222019,0,0.0,0.0
16247,9.483632921196052e-05,6.275333770319074e-05,0,0.0,0.0
16248,0.0002654942500983,1.3721909312533612e-05,0,0.0,0.0
16249,0.000194458687722,1.4917955104534566e-05,0,0.109706335,0.0
16250,0.0001819359456576,4.442168749338031e-05,0,0.13769083,0.0
16251,0.0004231745468342,0.0001702667888794,0,0.19247186,0.0
16252,0.002519855350096,0.0006581890379224,0,0.36659753,0.0
16253,0.004317180417846,0.0013142163771244,0,0.7573416,0.0
16254,0.0036255219629661,0.0012987612242902,0,0.89096856,0.0
16255,0.0020296282434299,0.0010007985877411,0,0.92801684,0.0
16256,0.0019301041943326,0.0003472442205473,0,0.9424297,0.0
16257,0.0022092593309093,0.0004620031789716,0,0.9472654,0.0
16258,0.0027661509034749,0.0006229963269437,0,0.94738376,0.0
16259,0.0026948777492493,0.0002288341663167,0,0.945763,0.0
16260,0.0019931514002915,0.0001651987599646,0,0.9421591,0.0
16261,0.0013526905460691,0.0002359488441614,0,0.93699586,0.0
16262,0.0008723929020851,9.742384706685612e-05,0,0.93129736,0.0
16263,0.0011623271666752,0.0001527412954737,0,0.920684,0.0
16264,0.0016630337994325,0.0002656172054935,0,0.9042551,0.0
16265,0.0014498733395718,0.0001422335563374,0,0.8834529,0.0
16266,0.0011143938438834,0.0002261552581281,0,0.86547107,0.0
16267,0.000432722477773,0.0002243944071925,0,0.8586701,0.0
16268,0.0012736738822975,0.0003894367829868,0,0.8627953,0.0
16269,0.0014849596748835,0.0004328823676125,0,0.86995447,0.0
16270,0.0019840675677365,0.0007395249196442,0,0.8857128,0.0
16271,0.0028391020825059,0.0010284454495055,0,0.9072537,0.0
16272,0.0015462044691852,0.0003961253476756,0,0.9264269,0.0
16273,0.0014095874611893,0.0001935755814492,0,0.9477463,0.0
16274,0.002310112831608,4.1321766749471376e-05,0,0.96063226,0.0
16275,0.0019599327340876,0.0001132776423928,0,0.9685987,0.0
16276,0.002105211886174,0.0002961612522995,0,0.9728775,0.0
16277,0.0020131418589972,0.0002552077353101,0,0.9748336,0.0
16278,0.0009992071094302,0.0001143399892431,0,0.97601557,0.0
16279,0.0009006217566358,0.000456276239848,0,0.9765639,0.0
16280,0.0010550978548193,0.0003621142260769,0,0.97694045,0.0
16281,0.0008091788397974,0.000318805533281,0,0.9773691,0.0
16282,0.0006466302897421,0.0001374871310741,0,0.97739196,0.0
16283,0.0010967884966216,0.0003930581577731,0,0.97699994,0.0
16284,0.0012414928673574,0.0008270035655544,0,0.9763004,0.0
16285,0.0013902360213229,0.0008707573894085,0,0.97538817,0.0
16286,0.0007590078470975,0.000826712237162,0,0.9741535,0.0
16287,0.0006159786646839,0.000482599567379,0,0.9725453,0.0
16288,0.0011455723765577,0.0005706910765309,0,0.9701098,0.0
16289,0.0024704807481964,0.0008041407974791,0,0.9655742,0.0
16290,0.0035948249599868,0.0009409353934703,0,0.95808655,0.0
16291,0.0037891722164088,0.0011157316371998,0,0.9469447,0.0
16292,0.0036961035819172,0.0011802448641224,0,0.92852414,0.0
16293,0.0032643632469454,0.0008609161154158,0,0.89478946,0.0
16294,0.0017322164041288,0.0002622169629829,0,0.8498863,0.0
16295,0.0011715187342209,0.0001397911006803,0,0.7700055,0.0
16296,0.0025204968415186,0.0002592389024063,0,0.6240094,0.0
16297,0.0024374061551592,0.000247138475247,0,0.43868527,0.0
16298,0.0033912497829403,2.450097133524886e-05,0,0.26878518,0.0
16299,0.003341807186756,0.0002637271935159,0,0.15176174,0.0
16300,0.0018014023794714,0.0001435299183325,0,0.105294965,0.0
16301,0.0011872218260904,9.815822473930676e-05,0,0.0,0.0
16302,0.0011941527679493,0.0003713269033824,0,0.0,0.0
16303,0.0004048096941445,0.0002081479039985,0,0.0,0.0
16304,0.0009948833542458,0.0004001030503387,0,0.0,0.0
16305,0.0012427653576284,0.0003994924622621,0,0.0,0.0
16306,0.0008512239680547,0.0001386735849223,0,0.0,0.0
16307,0.0012788173750075,7.268988154470028e-05,0,0.0,0.0
16308,0.0020474614990809,0.0002276136565776,0,0.10164397,0.0
16309,0.0012675132956241,0.0001027954143493,0,0.12847014,0.0
16310,0.0008697957214524,8.34672087517354e-05,0,0.16193569,0.0
16311,0.0010421144319904,9.720450325435934e-05,0,0.20669207,0.0
16312,0.0007067375368739,0.0001288226476174,0,0.24777642,0.0
16313,0.0014912888788991,0.0004621273174081,0,0.28444153,0.0
16314,0.0013376771463254,0.0003724808155282,0,0.3249422,0.0
16315,0.0005524879178145,0.0004024212392766,0,0.35504618,0.0
16316,0.0002909241341773,0.0001532859847033,0,0.37163335,0.0
16317,0.0004651265433611,5.506482273921688e-05,0,0.39328328,0.0
16318,0.0008043943628576,0.0002601209388568,0,0.40594327,0.0
16319,0.0005284582471927,0.00030349182881,0,0.41489056,0.0
16320,0.0002156437171834,0.0001524118648437,0,0.42387167,0.0
16321,3.667439354388037e-05,0.0001722641624807,0,0.42777547,0.0
16322,7.070699696664517e-05,0.000123215681474,0,0.4330446,0.0
16323,0.0002578633874191,9.108957877979064e-05,0,0.4412535,0.0
16324,0.0002917962598896,0.0001463546874044,0,0.44758442,0.0
16325,7.51838604849998e-05,8.208585455601658e-05,0,0.45264977,0.0
16326,9.611986781045138e-05,7.008687072282713e-05,0,0.4600832,0.0
16327,0.0001003999241887,2.6318608387765108e-05,0,0.4647277,0.0
16328,2.633136738694947e-05,2.090706577560119e-05,0,0.46963617,0.0
16329,2.7666665270298884e-05,5.655318353470468e-05,0,0.47393042,0.0
16330,8.205256631519368e-05,1.917138015449429e-05,1,0.4782654,0.0
16331,0.0001486384261506,2.0550127922333497e-05,1,0.4840999,0.0
16332,0.0001723736247748,1.3169437852412504e-05,1,0.48961458,0.0
16333,0.0001212379417781,3.455239283258727e-06,1,0.4943535,0.0
16334,8.467788334102248e-05,2.6025812895716288e-05,1,0.49953115,0.0
16335,0.0001653337027666,0.0001133105984998,1,0.5046693,0.0
16336,0.0002301969642155,6.224694486767088e-05,1,0.5089585,0.0
16337,0.0001584531186562,4.0639554888323246e-05,1,0.514093,0.0
16338,0.0001742661290258,1.3859836352636476e-05,1,0.51473117,0.0
16339,0.0001736688431389,1.986531813013944e-05,1,0.5114581,0.0
16340,4.268464259004973e-05,1.9855196656813032e-05,1,0.51083004,0.0
16341,9.105833083342884e-05,3.6222296715015743e-05,1,0.51341665,0.0
16342,0.0001089042525655,0.0001364963521743,1,0.51682305,0.0
16343,0.0001092702336979,9.631911211835443e-05,1,0.52289677,0.0
16344,8.941347098345504e-05,4.7597860619736695e-05,1,0.53130364,0.0
16345,0.0001827206085216,2.179784977083359e-06,0,0.5406407,0.0
16346,0.0002107038023046,3.619688571714461e-05,0,0.5497148,0.0
16347,6.603539645057812e-05,6.316074201208776e-05,0,0.5540155,0.0
16348,8.18244470357094e-06,3.958176364908696e-05,0,0.55698776,0.0
16349,5.795846550420202e-06,1.7695880937087542e-05,0,0.55763704,0.0
16350,1.202478936928985e-05,6.554367403393315e-05,0,0.5554424,0.0
16351,4.792432745641407e-05,7.62061200344416e-05,0,0.5552207,0.0
16352,0.0001322097496061,0.0001022942564984,0,0.54691416,0.0
16353,3.6570993759007725e-05,7.461213880701666e-05,0,0.53606915,0.0
16354,0.0002057935300012,8.408429346205479e-05,0,0.517416,0.0
16355,0.0010637441912207,2.955247197621191e-05,0,0.49775195,0.0
16356,0.0011723160064245,5.715981519453072e-05,0,0.49254662,0.0
16357,0.0003445612857875,0.0001349227411261,0,0.500539,0.0
16358,0.0004700323487119,0.000249619266178,0,0.52727467,0.0
16359,0.0022170339963955,0.0003979228009189,0,0.5896925,0.0
16360,0.0032469944314326,0.0006563087703593,0,0.6544702,0.0
16361,0.0009729115168784,0.0001305575839344,0,0.6994656,0.0
16362,0.000604023874127,0.0002976918377838,0,0.7396198,0.0
16363,0.0005210354604616,0.0004916287992393,0,0.7793384,0.0
16364,0.0006370369973952,0.0006880328116066,0,0.8123446,0.0
16365,0.0016061143861965,0.0002687305266303,0,0.84630877,0.0
16366,0.0007246458724283,0.0005921850711404,0,0.8792879,0.0
16367,0.0013316685631961,0.0006128575943095,0,0.89864576,0.0
16368,0.0009771043676379,0.0005731395944539,0,0.9075443,0.0
16369,0.0004895491594655,0.0004966334710077,0,0.907131,0.0
16370,0.0005858585174969,0.0005046348175224,0,0.8805792,0.0
16371,0.0025102366250926,0.0005826245896093,0,0.80688244,0.0
16372,0.0031076429375289,0.000742009086377,0,0.6071452,0.0
16373,0.0034061907122956,0.0013543832388051,0,0.32931998,0.0
16374,0.0038739341327916,0.0015516988390991,0,0.14510326,0.0
16375,0.0059511792553505,0.0022084774372493,0,0.0,0.0
16376,0.0051982436638544,0.002795062072119,0,0.0,0.0
16377,0.0055294069857195,0.0036119635838952,0,0.0,0.0
16378,0.0057081434056582,0.0048604499592061,0,0.0,0.0
16379,0.0064613210275641,0.0050402201060933,0,0.0,0.0
16380,0.0075634496627075,0.0066529429842579,0,0.0,0.0
16381,0.0071952057420551,0.0093674105821294,0,0.0,0.0
16382,0.0076901043590142,0.0090764836076807,0,0.0,0.0
16383,0.0083559418218014,0.0065940197528345,0,0.0,0.0
16384,0.0067714613128552,0.0046893126166175,0,0.0,0.0
16385,0.0059246093998287,0.0037102563007219,0,0.0,0.0
16386,0.0045597114071913,0.0043196123315807,0,0.0,0.0
16387,0.0053612352324566,0.0027726090888234,0,0.0,0.0
16388,0.0046634927536183,0.0019489215752409,0,0.0,0.0
16389,0.0027806273882545,0.0021713267839265,0,0.0,0.0
16390,0.0018228358576402,0.0020643578855094,0,0.0,0.0
16391,0.0011388596045926,0.0018625549065096,0,0.0,0.0
16392,0.0004362091334169,0.0017209253302542,0,0.0,0.0
16393,0.0030110347722726,0.0014845768494749,0,0.0,0.0
16394,0.0051721887831061,0.0008086141655922,0,0.0,0.0
16395,0.0042275594044138,0.0003370612238774,0,0.0,0.0
16396,0.0027132148074778,0.0003175935356166,0,0.0,0.0
16397,0.0016528057813367,0.0015936974606975,0,0.0,0.0
16398,0.0006821895290216,0.0009651490129674,0,0.0,0.0
16399,0.0006455133932671,0.0006520841557828,0,0.0,0.0
16400,0.000246132023595,0.0004816170863322,0,0.0,0.0
16401,0.0005214511100233,0.0007654994759764,0,0.0,0.0
16402,0.0003188592457489,0.0004842893425589,0,0.0,0.0
16403,0.0004485963346928,0.0007481948269535,0,0.0,0.0
16404,0.0008549550038016,0.0007627490436928,0,0.0,0.0
16405,0.0008539454466017,0.0008979019141471,0,0.0,0.0
16406,0.0009382159703578,0.0011602965759941,0,0.0,0.0
16407,0.0013069242410694,0.0009655481139771,0,0.0,0.0
16408,0.0009361078677819,0.001109926093047,0,0.0,0.0
16409,0.0019802205816051,0.0010925533396723,0,0.0,0.0
16410,0.0024717524802876,0.0003556428189992,0,0.0,0.0
16411,0.0012452375889515,0.0002563803726807,0,0.0,0.0
16412,0.0005379041218404,0.0015181568773996,0,0.0,0.0
16413,0.0027397390318358,0.0020317455983269,0,0.0,0.0
16414,0.0046541849111517,0.0016419147355717,0,0.0,0.0
16415,0.0041843107088947,0.0017231318655957,0,0.0,0.0
16416,0.0029136076148766,0.0013392195967645,0,0.0,0.0
16417,0.0014134750235028,0.0009864663444672,0,0.0,0.0
16418,0.0019124509261515,0.000837565673724,0,0.0,0.0
16419,0.0010079262029829,0.0004157735452568,0,0.0,0.0
16420,0.0002039381804523,0.0007355459598725,0,0.0,0.0
16421,0.002091505884611,0.0022174723364556,0,0.0,0.0
16422,0.0042754343323462,0.0035138834635871,0,0.0,0.0
16423,0.0066972901722251,0.0047856309735117,0,0.0,0.0
16424,0.0067198085829115,0.0048691624721784,0,0.0,0.0
16425,0.0062590947557578,0.0044470712756079,0,0.0,0.0
16426,0.0065178442133448,0.0051536136311592,0,0.0,0.0
16427,0.0063853620187547,0.0074229675587648,0,0.0,0.0
16428,0.0070438717437217,0.0056988933836759,0,0.0,0.0
16429,0.0060621620777347,0.0044976836205509,0,0.0,0.0
16430,0.004620671157247,0.0058259130127426,0,0.0,0.0
16431,0.0040127227684868,0.0057312263050634,0,0.0,0.0
16432,0.0040445058596637,0.0050559771455971,0,0.0,0.0
16433,0.0043611546700113,0.0040117068897377,0,0.0,0.0
16434,0.0038540064926639,0.002051439156824,0,0.0,0.0
16435,0.0025661603945554,0.0024918868680483,0,0.0,0.0
16436,0.0006627855963968,0.0009871206066559,0,0.0,0.0
16437,0.0001101951030348,2.3271918416962545e-05,0,0.0,0.0
16438,0.0008687310584598,0.0007909352367438,0,0.0,0.0
16439,0.0021781140412702,0.0019274802544396,0,0.0,0.0
16440,0.0037737175049821,0.0027952895292878,0,0.0,0.0
16441,0.0049439630940175,0.0025041068780724,0,0.0,0.0
16442,0.0056843341760601,0.0021634542601684,0,0.0,0.0
16443,0.0030893855203887,0.0021213047177029,0,0.0,0.0
16444,0.0022213621689753,0.001246932713262,0,0.0,0.0
16445,0.0017163544394531,0.0006280561558504,0,0.0,0.0
16446,0.0009971152636454,0.0004897006558902,0,0.0,0.0
16447,0.0004364843288751,0.0002575164968939,0,0.0,0.0
16448,0.0009512379287664,0.0004745057124056,0,0.0,0.0
16449,0.0008674647951384,0.0008936819537699,0,0.0,0.0
16450,0.0009947455262381,0.000562947811234,0,0.0,0.0
16451,0.0008466173910914,7.752051237068728e-05,0,0.0,0.0
16452,0.0001524634259343,0.0001282324973046,0,0.0,0.0
16453,9.629824976458346e-05,0.0001936749111223,0,0.0,0.0
16454,0.0003698121999527,0.0001833998632546,0,0.0,0.0
16455,0.0002943689642594,0.0001045248821153,0,0.0,0.0
16456,0.0004333404014351,0.0007571520115502,0,0.0,0.0
16457,0.0008521313279948,0.000857352087422,0,0.0,0.0
16458,0.0016876024391516,0.0004534246504937,0,0.0,0.0
16459,0.0012051013829339,0.0003602346868172,0,0.0,0.0
16460,0.0007221230718886,0.0004667248340299,0,0.0,0.0
16461,0.0014772417045743,0.0005946085095956,0,0.0,0.0
16462,0.0024228610100139,0.000879747871974,0,0.0,0.0
16463,0.0005746172464613,0.000742212162051,0,0.0,0.0
16464,0.0004594084367684,0.0004798046173491,0,0.0,0.0
16465,0.0003438508833068,0.0002708801737988,0,0.0,0.0
16466,0.0001029448482989,0.0002470367731663,0,0.0,0.0
16467,0.0001648952291994,0.0003001352010721,0,0.0,0.0
16468,0.0001858579172515,0.0002225142029454,0,0.0,0.0
16469,0.0005997237521703,2.936779337466144e-05,0,0.0,0.0
16470,0.0001442059358327,0.0001019667948155,0,0.0,0.0
16471,9.54009085620323e-05,0.0001921560967396,0,0.0,0.0
16472,0.0003175846702907,0.0001884711004857,0,0.0,0.0
16473,0.0001792663743524,0.0001784427997905,0,0.0,0.0
16474,0.0002707934429146,3.99144855462802e-05,0,0.0,0.0
16475,0.0002014534721181,2.7310287443638183e-06,0,0.0,0.0
16476,0.0001116018295482,3.127861586880624e-06,0,0.0,0.0
16477,1.990394167993349e-05,4.484163491988639e-06,0,0.0,0.0
16478,2.8433950328790163e-05,2.761935877814953e-05,0,0.0,0.0
16479,2.892224517747045e-05,0.0001247237607727,0,0.0,0.0
16480,8.234264901825416e-05,0.0001105616531049,0,0.0,0.0
16481,7.555203295498317e-05,0.0001011174301475,0,0.0,0.0
16482,0.0002222098306452,0.0001247558139134,0,0.0,0.0
16483,5.00273965378068e-05,6.993736120988156e-05,0,0.0,0.0
16484,3.274944520412707e-05,5.221873543276194e-05,0,0.0,0.0
16485,0.0001646235696684,0.0001535321680716,0,0.0,0.0
16486,0.0005930663262942,0.0001848107027547,0,0.0,0.0
16487,0.0003648323963844,0.0001555962643483,0,0.0,0.0
16488,0.0009404416250859,0.0001616173248036,0,0.0,0.0
16489,0.0029212977859603,0.0004985363006644,0,0.0,0.0
16490,0.0031494768469301,0.0005182992148394,0,0.0,0.0
16491,0.0020225266737262,0.0006606676185245,0,0.0,0.0
16492,0.0012026262372556,0.0008215123600934,0,0.0,0.0
16493,0.0019770647324608,0.0008001067461092,0,0.0,0.0
16494,0.0035208942192365,0.0010730617998473,0,0.0,0.0
16495,0.0017416339778275,0.0008827784862687,0,0.0,0.0
16496,0.0004992178559978,0.0005877910820334,0,0.0,0.0
16497,0.0009200059810844,0.0007428637322136,0,0.0,0.0
16498,0.0010609453634157,0.0004551023530106,0,0.0,0.0
16499,0.0020847128812235,0.000519251461367,0,0.0,0.0
16500,0.001628542452181,0.0010004380386149,0,0.0,0.0
16501,0.001610199583203,0.0011072248734246,0,0.0,0.0
16502,0.0024102780295098,0.0012077185485974,0,0.0,0.0
16503,0.0026527996855558,0.0010094845004777,0,0.0,0.0
16504,0.0020508159274187,0.0004646932897664,0,0.0,0.0
16505,0.0023949129683405,0.0003354646765549,0,0.0,0.0
16506,0.0025944614925703,0.0008440689036215,0,0.0,0.0
16507,0.0013022711662401,0.0003172730655251,0,0.0,0.0
16508,0.001399227395849,0.0004711798582694,0,0.0,0.0
16509,0.0014761073576309,0.0006098735276448,0,0.0,0.0
16510,0.0010886242809667,0.0005025067588028,0,0.0,0.0
16511,0.0013133028254703,9.729630540747344e-05,0,0.0,0.0
16512,0.0030519834715104,0.0002214748559776,0,0.0,0.0
16513,0.0029795400329568,0.0003734680028376,0,0.0,0.0
16514,0.0022411821819281,0.0004579475115023,0,0.0,0.0
16515,0.0006659222817129,0.0002409486675315,0,0.0,0.0
16516,0.000655033320602,0.0001374966375798,0,0.0,0.0
16517,0.0017730517012641,0.0003870831794216,0,0.0,0.0
16518,0.0011808785389553,0.0002080873230951,0,0.0,0.0
16519,0.000262458329834,0.0001645755823156,0,0.0,0.0
16520,0.0004775877887805,0.0002311077286106,0,0.0,0.0
16521,9.399427651679932e-05,8.495854612239265e-05,0,0.0,0.0
16522,0.0001013791157423,3.532570857520635e-05,0,0.0,0.0
16523,0.0004421706958705,0.0001391517910905,0,0.0,0.0
16524,0.0030041501421873,0.0003728996554144,0,0.0,0.0
16525,0.0066269498056181,0.0006531582197268,0,0.0,0.0
16526,0.0076375168192628,0.0004800143610644,0,0.0,0.0
16527,0.0052542666343349,0.0002437313332612,0,0.0,0.0
16528,0.0030462392598187,0.0001193770379378,0,0.0,0.0
16529,0.0022379889899292,0.0002955263090523,0,0.0,0.0
16530,0.0015598575486752,0.0003742323701182,0,0.0,0.0
16531,0.0013085535429963,0.0010162556599864,0,0.0,0.0
16532,0.0021377349170464,0.0016046701467192,0,0.0,0.0
16533,0.0031096320458878,0.0020260105981797,0,0.0,0.0
16534,0.0036227339195363,0.0022028985144013,0,0.0,0.0
16535,0.0016095028178867,0.0007194467552277,0,0.0,0.0
16536,0.0004701991221443,0.0003896051538125,0,0.0,0.0
16537,0.0021279477904417,0.0007958966797667,0,0.0,0.0
16538,0.0010011674378998,0.0009292331908167,0,0.0,0.0
16539,0.0011882234611985,0.0010566415383941,0,0.0,0.0
16540,0.0020826608952391,0.0011085059552165,0,0.0,0.0
16541,0.0038387044991913,0.0010980014219371,0,0.0,0.0
16542,0.0039668118093553,0.0009115797440584,0,0.0,0.0
16543,0.0034401137185843,0.0008140882270267,0,0.0,0.0
16544,0.0030023494811695,0.000680714564657,0,0.0,0.0
16545,0.0022738345547978,0.0006533403018301,0,0.0,0.0
16546,0.0014271444576558,0.0006116387834459,0,0.0,0.0
16547,0.0009415732227738,0.0001219903063861,0,0.0,0.0
16548,0.0019415229938873,0.0001127215967398,0,0.0,0.0
16549,0.0040777387674563,5.73213647811567e-05,0,0.0,0.0
16550,0.0037389190193556,5.232781499920592e-05,0,0.0,0.0
16551,0.0029847315627634,0.0001594074722382,0,0.0,0.0
16552,0.0020971416102499,0.0003197654875892,0,0.0,0.0
16553,0.0016523428924171,0.0004110521784231,0,0.0,0.0
16554,0.0013978156288277,0.000430068796588,0,0.0,0.0
16555,0.0009758918769893,0.0001752661062561,0,0.0,0.0
16556,0.000837188389184,0.0001557893325565,0,0.0,0.0
16557,0.0008397202317196,0.0002670341537471,0,0.0,0.0
16558,0.0013918357541984,0.0003637378107187,0,0.0,0.0
16559,0.0018351957470796,0.0002342634786139,0,0.0,0.0
16560,0.0021262583381852,7.4236195301935e-05,0,0.0,0.0
16561,0.0014121894866288,3.121083487188145e-05,0,0.0,0.0
16562,0.0005000955556092,0.0001067980517798,0,0.0,0.0
16563,9.640314990269709e-05,4.990373806209328e-05,0,0.0,0.0
16564,0.0001090107495105,5.564721362918726e-05,0,0.0,0.0
16565,0.0005239496873931,0.0002514681478263,0,0.0,0.0
16566,0.0004333631765053,0.0002049142478804,0,0.0,0.0
16567,0.00026058519413,0.0004276218457254,0,0.0,0.0
16568,0.0002243816426768,0.000250477961112,0,0.0,0.0
16569,0.0004959598051744,5.727659601507224e-05,0,0.0,0.0
16570,0.0004065186101312,9.099718804226136e-05,0,0.0,0.0
16571,0.0002765248678085,9.451506125183235e-05,0,0.0,0.0
16572,0.0002330472686616,0.0001982788546288,0,0.0,0.0
16573,0.0002760452128205,0.0001907387097592,0,0.0,0.0
16574,0.0002620383574108,0.0001638949541634,0,0.0,0.0
16575,0.0002460860363491,6.442913007151926e-05,0,0.0,0.0
16576,9.988659371706798e-05,0.0001274580022614,0,0.0,0.0
16577,0.0001092535351105,8.339689458836999e-05,0,0.0,0.0
16578,0.0001836332499092,8.272334520826844e-05,1,0.0,0.0
16579,0.0001326367151945,3.877382572359226e-05,1,0.0,0.0
16580,0.000140254433923,2.215971860937732e-06,1,0.0,0.0
16581,0.0001918494200266,2.285927925654344e-05,1,0.0,0.0
16582,8.917974705313444e-05,2.215691329092121e-05,1,0.0,0.0
16583,3.5624790271622444e-05,1.4027481779470678e-05,1,0.0,0.0
16584,1.8017811712906587e-05,7.845232408605756e-06,1,0.0,0.0
16585,9.3512889025074e-05,1.845764758427251e-05,1,0.0,0.0
16586,8.150982520016914e-05,2.848944949698597e-05,1,0.0,0.0
16587,0.0001175769064718,3.611805912360742e-05,1,0.0,0.0
16588,7.039660082197156e-05,4.015321361417235e-05,1,0.0,0.0
16589,4.881721146215887e-05,2.8806774086575386e-06,1,0.0,0.0
16590,7.835281474887878e-05,4.439528395682985e-06,1,0.0,0.0
16591,2.2728325104155005e-05,2.9744099041426954e-05,1,0.0,0.0
16592,5.59820137049774e-05,8.42735134474445e-05,1,0.0,0.0
16593,5.461386708828796e-05,7.773735286353553e-05,1,0.0,0.0
16594,0.00027026960077,2.495765956154684e-05,1,0.0,0.0
16595,0.0001823426221125,3.774655879304625e-05,1,0.0,0.0
16596,4.751362070321302e-05,2.1792868370639373e-05,1,0.0,0.0
16597,0.0001131412261997,5.1247352281850696e-05,1,0.0,0.0
16598,9.267787468032892e-05,6.146744200583406e-05,1,0.0,0.0
16599,4.853592885703623e-05,2.4120218581529226e-05,1,0.0,0.0
16600,3.9397742649334657e-05,1.3954828670456856e-05,1,0.0,0.0
16601,6.548248838684585e-05,3.757525984748532e-06,1,0.0,0.0
16602,7.196091762076322e-05,7.77198125745396e-07,1,0.0,0.0
16603,6.235421174453051e-05,8.852420436308135e-06,1,0.0,0.0
16604,0.0001165461542093,3.643794190398862e-05,1,0.0,0.0
16605,0.0001083203646446,5.829158581506914e-05,1,0.0,0.0
16606,7.137596117272796e-05,9.476670352975163e-05,1,0.0,0.0
16607,2.232360167240764e-05,4.565507540795893e-05,1,0.0,0.0
16608,5.7041405194982186e-05,4.381730738009948e-05,1,0.0,0.0
16609,1.81780985032138e-05,6.695834748772126e-05,1,0.0,0.0
16610,0.000126120854983,1.974874795685436e-05,1,0.0,0.0
16611,6.978260016295535e-05,1.083564285478458e-05,1,0.0,0.0
16612,0.0001291461610567,1.1649496760900355e-05,1,0.0,0.0
16613,6.0190760153766746e-05,1.401800634057724e-05,1,0.0,0.0
16614,2.067271781268308e-05,5.854561775745905e-05,1,0.0,0.0
16615,1.3003202154494276e-05,1.3608131465990755e-05,1,0.0,0.0
16616,3.105505679952609e-05,5.386474636737169e-06,1,0.0,0.0
16617,6.516665037593421e-05,1.382127648058366e-05,1,0.0,0.0
16618,0.0002845894950534,3.800898870205907e-05,1,0.0,0.0
16619,9.542926701908788e-05,2.579037367487784e-05,1,0.0,0.0
16620,3.4877520137003385e-05,1.3875566940858446e-05,1,0.0,0.0
16621,7.825257752904005e-05,1.370861011249788e-05,1,0.0,0.0
16622,4.748008893723808e-05,3.0260671833196942e-05,1,0.0,0.0
16623,7.648924781270717e-05,1.440463265602381e-05,1,0.0,0.0
16624,0.0001086090128852,3.679871716286993e-05,1,0.0,0.0
16625,6.218784097914585e-05,2.2719826235358103e-05,1,0.0,0.0
16626,6.681875727149278e-05,1.6134849134957835e-05,1,0.0,0.0
16627,4.585407589860719e-05,6.930971807670119e-05,1,0.0,0.0
16628,1.4701040742844855e-05,2.432740353622276e-05,1,0.0,0.0
16629,6.071515635122728e-05,2.1977997617527622e-05,1,0.0,0.0
16630,0.0001951442477132,2.9725637559256068e-05,1,0.0,0.0
16631,0.0003197305811894,5.799875972987823e-05,1,0.0,0.0
16632,8.239589776759717e-05,0.0001077044743744,1,0.0,0.0
16633,0.000124580688927,4.668958686559638e-05,1,0.0,0.0
16634,4.164763341293324e-05,2.729576676485992e-05,1,0.0,0.0
16635,4.058467772926413e-05,3.635752198988912e-06,1,0.0,0.0
16636,1.7089528801566322e-05,3.0251417557276243e-05,1,0.0,0.0
16637,2.87495043752077e-05,2.465574672950182e-05,1,0.0,0.0
16638,8.39587308959737e-05,2.9837935855546265e-05,1,0.0,0.0
16639,0.0001424041294612,3.645857900285463e-05,1,0.0,0.0
16640,0.0001386306782689,0.0001201163196384,1,0.0,0.0
16641,0.0001496990340604,5.7028630503951705e-05,1,0.0,0.0
16642,0.0001661303595617,2.2031952582507316e-05,1,0.0,0.0
16643,4.722811405964776e-05,2.024091457741484e-05,0,0.0,0.0
16644,1.8150956635706862e-05,4.560875258456115e-06,0,0.0,0.0
16645,4.8814128511199285e-05,1.0091046677061891e-05,0,0.0,0.0
16646,3.4742580376365585e-05,1.7376851091418754e-05,0,0.0,0.0
16647,7.356397799550695e-05,4.263885236138665e-05,0,0.0,0.0
16648,8.054792300922129e-05,1.3329798880648671e-05,0,0.0,0.0
16649,0.0001157405824209,6.797554190685072e-05,0,0.0,0.0
16650,0.0002379988325836,0.0001280022928741,0,0.0,0.0
16651,0.0001944374069431,0.0001519245312046,0,0.0,0.0
16652,0.0001014618447786,9.110355726557528e-05,0,0.0,0.0
16653,0.0002205116126453,2.917963232267795e-05,0,0.0,0.0
16654,0.0001244222697392,5.57817405842845e-05,0,0.0,0.0
16655,0.0009573089366856,0.0001782018459952,0,0.0,0.0
16656,0.0016634158920681,0.0005292929850103,0,0.0,0.0
16657,0.0024088280390556,0.0005290652140569,0,0.0,0.0
16658,0.0032995105822745,0.0006876043553592,0,0.0,0.0
16659,0.0036969927462834,0.0008635409350522,0,0.0,0.0
16660,0.0017633088816587,0.0001946277005275,0,0.0,0.0
16661,0.0006157619930389,6.318195626446383e-05,0,0.0,0.0
16662,0.000209105615047,0.0003623747163426,0,0.0,0.0
16663,0.0005868597019573,0.0005077587038207,0,0.0,0.0
16664,0.0014296973625459,0.0002664421685729,0,0.0,0.0
16665,0.0012806587727889,0.0002478202829653,0,0.0,0.0
16666,0.0016378295888308,0.0001131898405547,0,0.0,0.0
16667,0.0031944931144926,3.253623848950404e-05,0,0.0,0.0
16668,0.0075631888442407,0.0001403660990007,0,0.0,0.0
16669,0.0045127978796292,0.000184708006821,0,0.0,0.0
16670,0.0011563938974538,0.0006341567165392,0,0.0,0.0
16671,0.0019803762068053,0.0005752597280042,0,0.0,0.0
16672,0.0019916625224517,0.0006646033717316,0,0.0,0.0
16673,0.0024735284297938,0.0007551694574567,0,0.0,0.0
16674,0.0021330854066126,0.0001819410345049,0,0.0,0.0
16675,0.0024911865337616,0.0001079786207487,0,0.0,0.0
16676,0.0011220431868274,0.0002634598922373,0,0.0,0.0
16677,0.0007220508406415,0.000241443316295,0,0.0,0.0
16678,0.0014577926481348,0.000187406045365,0,0.0,0.0
16679,0.0025275643107446,0.0003081261169669,0,0.0,0.0
16680,0.0033957073502285,0.0003633855225843,0,0.0,0.0
16681,0.0039713749209623,0.0004046023823925,0,0.0,0.0
16682,0.0042561365636282,8.140396292549427e-05,0,0.0,0.0
16683,0.0042529125368558,0.0001458667318002,0,0.0,0.0
16684,0.0039676643556657,1.2321696119112514e-05,0,0.0,0.0
16685,0.0034143247469787,0.0001612178460865,0,0.0,0.0
16686,0.0026878289334058,0.0002064836062108,0,0.0,0.0
16687,0.0020511424846753,0.0004144511726609,0,0.0,0.0
16688,0.0015851801839897,0.0004622678982984,0,0.0,0.0
16689,0.0016354026968109,0.0003777402866065,0,0.0,0.0
16690,0.0018225886720407,0.0003631301817819,0,0.0,0.0
16691,0.0017644845400278,0.0006716304142872,0,0.0,0.0
16692,0.003749280670373,0.001119438789085,0,0.0,0.0
16693,0.0044566051329697,0.0018314334782068,0,0.0,0.0
16694,0.0034066875944841,0.0014778711988806,0,0.0,0.0
16695,0.0027851055667351,0.001488691088915,0,0.0,0.0
16696,0.0035739017838259,0.0020802344618567,0,0.0,0.0
16697,0.0045976176096617,0.0032787966229996,0,0.0,0.0
16698,0.0063622766957829,0.0040031475707702,0,0.0,0.0
16699,0.0057030006427899,0.002795346001528,0,0.0,0.0
16700,0.0048359881012775,0.001622431452353,0,0.0,0.0
16701,0.0043439277913787,0.0017123910086952,0,0.0,0.0
16702,0.0042765280901232,0.0048038680925549,0,0.0,0.0
16703,0.0048137469373985,0.0043699836773696,0,0.0,0.0
16704,0.0040860126247069,0.0044877501315016,0,0.0,0.0
16705,0.0041069325582047,0.0045491665352426,0,0.0,0.0
16706,0.0049285008541428,0.0064731240831395,0,0.0,0.0
16707,0.0047396082887741,0.0061928741834041,0,0.0,0.0
16708,0.0048083715170654,0.0048124726386131,0,0.0,0.0
16709,0.0044215056359064,0.0033412867442898,0,0.0,0.0
16710,0.0043327058891599,0.004345629780363,0,0.0,0.0
16711,0.0037658504783124,0.0058320121027731,0,0.0,0.0
16712,0.0047282048857284,0.0054876931496794,0,0.0,0.0
16713,0.0053262126017795,0.0049423533507992,0,0.0,0.0
16714,0.0058083123556572,0.0054792186288952,0,0.0,0.0
16715,0.0059476119909554,0.0061071813993762,0,0.0,0.0
16716,0.0055131107154821,0.0074728661005413,0,0.0,0.0
16717,0.007030843454862,0.0077648024330573,0,0.0,0.0
16718,0.008333587594106,0.0068024010353931,0,0.0,0.0
16719,0.0055863263919095,0.0058926463545542,0,0.0,0.0
16720,0.0036787243721322,0.0052476794531584,0,0.0,0.0
16721,0.0051555501797495,0.0043477066291379,0,0.0,0.0
16722,0.0053098767422248,0.0052635821886517,0,0.0,0.0
16723,0.0070611216423336,0.005204051547876,0,0.0,0.0
16724,0.0076698955762476,0.006708195326215,0,0.0,0.0
16725,0.0066666541560939,0.00733310820639,0,0.0,0.0
16726,0.0071401420491442,0.0072496173236715,0,0.0,0.0
16727,0.0072349609677358,0.0064576886154495,0,0.0,0.0
16728,0.0058584964669232,0.0052459740674961,0,0.0,0.0
16729,0.0046509473294973,0.0044176614214979,0,0.0,0.0
16730,0.0040415903570538,0.0046049358962448,0,0.0,0.0
16731,0.004564701375915,0.0040362004307298,0,0.0,0.0
16732,0.0061555039014995,0.0031235314952163,0,0.0,0.0
16733,0.0072805819434035,0.0019290217916338,0,0.0,0.0
16734,0.0051823183028541,0.0012006576765257,0,0.0,0.0
16735,0.0042000417830921,0.0017208303639451,0,0.0,0.0
16736,0.0037785323808687,0.0011665166419001,0,0.0,0.0
16737,0.0021152726899329,0.0001213116577539,0,0.0,0.0
16738,0.0019101378610344,0.0003401706608613,0,0.0,0.0
16739,0.0033809782876562,8.246058238516916e-05,0,0.0,0.0
16740,0.0053496064897639,0.0002740249061511,0,0.0,0.0
16741,0.0045909892154549,0.0004142129093066,0,0.0,0.0
16742,0.0023335601104958,0.0010123679879202,0,0.0,0.0
16743,0.0015308740732966,0.0011597777152689,0,0.0,0.0
16744,0.0031789569926688,0.0011198149146401,0,0.0,0.0
16745,0.0056656087958071,0.0007204244137004,0,0.0,0.0
16746,0.0033530873964643,0.0002089565486184,0,0.0,0.0
16747,0.0019612178485739,0.0003747423920127,0,0.0,0.0
16748,0.0019243910764523,0.0009318352864559,0,0.0,0.0
16749,0.0024943782193965,0.0011260463552584,0,0.0,0.0
16750,0.0032078063695735,0.000904376670263,0,0.0,0.0
16751,0.0029967425610197,0.0009669610781666,0,0.0,0.0
16752,0.0027667126788709,0.0008288845544621,0,0.0,0.0
16753,0.001981861552085,0.0007686114417984,0,0.0,0.0
16754,0.0013373033816571,0.0006732195208685,0,0.0,0.0
16755,0.0016366871968081,0.0006290815394371,0,0.0,0.0
16756,0.0012851317865929,0.0010353215732802,0,0.0,0.0
16757,0.0038715013037563,0.0012944364225829,0,0.0,0.0
16758,0.0044499324528641,0.0013925672754715,0,0.0,0.0
16759,0.0037844357805404,0.0011787630366514,0,0.0,0.0
16760,0.0022862807052721,0.0004556350594368,0,0.0,0.0
16761,0.0011016800675881,0.0003842545792683,0,0.0,0.0
16762,0.0004600592116046,0.0003115896016469,0,0.0,0.0
16763,0.0008524341194705,0.0001129607885929,0,0.0,0.0
16764,0.0021376814219697,0.0002213006734838,0,0.0,0.0
16765,0.0022988045284543,0.0003908635962162,0,0.0,0.0
16766,0.0013194719527786,9.556446537306522e-05,0,0.0,0.0
16767,0.0020307291417806,9.047868862742589e-05,0,0.0,0.0
16768,0.0060928375921784,0.0004400803050846,0,0.0,0.0
16769,0.0070259947814514,0.0003935242944843,0,0.0,0.0
16770,0.0046189534029257,0.000453377862732,0,0.0,0.0
16771,0.0044358160215849,0.0006290501613276,0,0.0,0.0
16772,0.0031600197217122,0.0008272267893661,0,0.0,0.0
16773,0.0013622508954673,0.0007646895253205,0,0.0,0.0
16774,0.0018760696358489,0.0004941114850023,0,0.0,0.0
16775,0.0018614819236967,0.0004375008399406,0,0.0,0.0
16776,0.0019502630226816,0.0004905472714524,0,0.0,0.0
16777,0.0027090054361401,0.0003721839388748,0,0.0,0.0
16778,0.0033778783805473,0.0004097822857058,0,0.0,0.0
16779,0.0032165544416538,0.0005752153012724,0,0.0,0.0
16780,0.0019191461789783,0.0007311668754066,0,0.0,0.0
16781,0.0012860418472437,0.0007007009010556,0,0.0,0.0
16782,0.0015366520142989,0.0009601613649592,0,0.0,0.0
16783,0.0016189873568508,0.0006221509185371,0,0.0,0.0
16784,0.0022039465696128,0.0005425967422085,0,0.0,0.0
16785,0.0031509659158644,0.0002742614650615,0,0.0,0.0
16786,0.0024586616437409,0.0001430780749571,0,0.0,0.0
16787,0.0021814066054891,0.0001348903746102,0,0.0,0.0
16788,0.0031662887176013,0.0004129303843227,0,0.0,0.0
16789,0.002130493300892,0.0003605837443865,0,0.0,0.0
16790,0.001256556257433,0.0001500309908737,0,0.0,0.0
16791,0.0008893531354523,0.0002330608730399,0,0.0,0.0
16792,0.0003454447518528,0.000272259895503,0,0.0,0.0
16793,0.0002011710109102,0.0004105460372371,0,0.0,0.0
16794,0.0006533176655539,0.0007569216642468,0,0.0,0.0
16795,0.0007032565116807,0.0009234356524405,0,0.0,0.0
16796,0.0006615453570677,0.0004607451830636,0,0.0,0.0
16797,0.0009911156860519,0.0002302554513199,0,0.0,0.0
16798,0.0005709707534053,0.0001387644809783,0,0.0,0.0
16799,0.0017887639411375,0.0004504671480833,0,0.0,0.0
16800,0.0050746595311764,0.0009522652376431,0,0.0,0.0
16801,0.0042314161045489,0.0012412072579081,0,0.0,0.0
16802,0.0018433032993299,0.0014748566337385,0,0.0,0.0
16803,0.0018153755066171,0.0013192645599753,0,0.0,0.0
16804,0.0009108107683967,0.0011594258772464,0,0.0,0.0
16805,0.0024225921362536,0.0010438237405884,0,0.0,0.0
16806,0.0066771908224901,0.0008951704379784,0,0.0,0.0
16807,0.0077087968376571,0.0001924739249336,0,0.0,0.0
16808,0.0065128826791925,0.000145754705856,0,0.0,0.0
16809,0.0039931600775763,0.0003559887116334,0,0.0,0.0
16810,0.0037035710433864,0.0003473650364393,0,0.0,0.0
16811,0.0039195906512945,0.0013336608545966,0,0.0,0.0
16812,0.0042319809043202,0.0013561907419631,0,0.0,0.0
16813,0.0048274073662481,0.0015281175592298,0,0.0,0.0
16814,0.0050034365865146,0.0024472096648792,0,0.0,0.0
16815,0.005007065048269,0.0039958538989242,0,0.0,0.0
16816,0.0066441286454911,0.0053941879232687,0,0.0,0.0
16817,0.0078487663935617,0.0067147153082511,0,0.0,0.0
16818,0.0078634488492169,0.0092952653904895,0,0.0,0.0
16819,0.0085092270450336,0.0099174359446115,0,0.0,0.0
16820,0.0081817088626501,0.0091121045372373,0,0.0,0.0
16821,0.0071418104585207,0.0082895932667979,0,0.0,0.0
16822,0.0062632783094465,0.0077954373299677,0,0.0,0.0
16823,0.0073664069998795,0.0082197753072359,0,0.0,0.0
16824,0.0089658553537855,0.0087622008705197,0,0.0,0.0
16825,0.0090171403925127,0.0086658381319693,0,0.0,0.0
16826,0.0089178935551198,0.0082208816609152,0,0.0,0.0
16827,0.0080784535864389,0.0075794846707213,0,0.0,0.0
16828,0.0074033036512521,0.0077173927847659,0,0.0,0.0
16829,0.0073851501809026,0.0079511421079793,0,0.0,0.0
16830,0.0064148655058623,0.0071649832199987,0,0.0,0.0
16831,0.005090193598906,0.0057260064904653,0,0.0,0.0
16832,0.0035104073471315,0.0042365296001379,0,0.0,0.0
16833,0.0017730693352658,0.0030442685936583,0,0.0,0.0
16834,0.0057672249786207,0.0010079636998837,0,0.0,0.0
16835,0.0078207235897492,0.0003172331316795,0,0.0,0.0
16836,0.0053676832419826,0.0010927922710753,0,0.0,0.0
16837,0.0051684067034309,0.0011982337139936,0,0.0,0.0
16838,0.0039544833446108,0.0003168418236239,0,0.0,0.0
16839,0.0056910323300482,0.0001855201946273,0,0.0,0.0
16840,0.0060927691496638,0.0009889711633425,0,0.0,0.0
16841,0.0026587939535254,0.0015329505545669,0,0.0,0.0
16842,0.0025676447543259,0.0013475001604698,0,0.0,0.0
16843,0.0026890572266986,0.0020792773673149,0,0.0,0.0
16844,0.0038323096028196,0.0018813274951068,0,0.0,0.0
16845,0.0023523624915697,0.0022241350297548,0,0.0,0.0
16846,0.0028392895188369,0.0020399987201864,0,0.0,0.0
16847,0.0043563072817804,0.0018772064674572,0,0.0,0.0
16848,0.0047106997033519,0.0020974150844443,0,0.0,0.0
16849,0.0048669573096606,0.0021476716876135,0,0.0,0.0
16850,0.0033537250869498,0.0016699482441103,0,0.0,0.0
16851,0.0016058982796338,0.0010732932492184,0,0.0,0.0
16852,0.0010368806910116,0.0018525060241987,0,0.0,0.0
16853,0.0005646197433714,0.0013384094481108,0,0.0,0.0
16854,0.0011997972901933,0.0007365768149346,0,0.0,0.0
16855,0.0013086792353009,7.490876447745375e-05,0,0.0,0.0
16856,0.0008113905073356,0.0003024466538461,0,0.0,0.0
16857,0.0015746218198619,0.0002695041276912,0,0.0,0.0
16858,0.0023216085412616,0.0001649092862779,0,0.0,0.0
16859,0.0016351717837399,0.0004499404058949,0,0.0,0.0
16860,0.0018996281287891,0.000467741405331,0,0.0,0.0
16861,0.0013915584762595,0.0007824875056826,0,0.0,0.0
16862,0.0024030442190551,0.0011975910858955,0,0.0,0.0
16863,0.0022466972135951,0.0012205165337204,0,0.0,0.0
16864,0.002452995890567,0.0007402565364109,0,0.0,0.0
16865,0.001493881800798,8.931181421268764e-05,0,0.0,0.0
16866,0.0008832883047218,0.0008159215787132,0,0.0,0.0
16867,0.0026854935512745,0.0008923666373554,0,0.0,0.0
16868,0.0043148931737049,0.0007146552905891,0,0.0,0.0
16869,0.0063477129214793,0.001003987183598,0,0.0,0.0
16870,0.007997903073263,0.0014902385428944,0,0.0,0.0
16871,0.0068492336918827,0.0017331689680586,0,0.0,0.0
16872,0.0044908523205422,0.0017717717048034,0,0.0,0.0
16873,0.0029685975414869,0.0012977583507925,0,0.0,0.0
16874,0.0035459802444333,0.0015605438994175,0,0.0,0.0
16875,0.0034842397309774,0.0014151105347405,0,0.0,0.0
16876,0.0032527602629924,0.0019477761391873,0,0.0,0.0
16877,0.0034539587046352,0.003068772274031,0,0.0,0.0
16878,0.0049539466679385,0.0042905562992427,0,0.0,0.0
16879,0.0058601722759058,0.0044028875875393,0,0.0,0.0
16880,0.0058490610773675,0.0051707999718223,0,0.0,0.0
16881,0.0052066589351663,0.0054652888996489,0,0.0,0.0
16882,0.0056241094920491,0.0055494014512695,0,0.0,0.0
16883,0.0063733913942675,0.005615260960118,0,0.0,0.0
16884,0.006593685837174,0.0056634847235721,0,0.0,0.0
16885,0.0058507172141273,0.0057142775534592,0,0.0,0.0
16886,0.0052672132766046,0.0055447210333429,0,0.0,0.0
16887,0.0054414753765751,0.0038541847759787,0,0.24370167,0.0
16888,0.0049555900014073,0.0007018415991883,0,0.7363678,0.0
16889,0.0023481111448984,0.0001805599392021,0,0.88398093,0.0
16890,0.0024587649666156,0.0004636731531267,0,0.91127455,0.0
16891,0.0016063816258313,0.0004688111160897,0,0.9263561,0.0
16892,0.0006774519267994,0.0004439592492707,0,0.93082577,0.0
16893,0.0015128044296105,0.0006129033641625,0,0.93609273,0.0
16894,0.0022136218445655,0.0013128664634457,0,0.9387268,0.0
16895,0.0013181467867649,0.0018420097155145,0,0.9300586,0.0
16896,0.0019086381067615,0.001566436482436,0,0.9131343,0.0
16897,0.0018615412310026,0.0017020395805067,0,0.87150353,0.0
16898,0.0014516945987661,0.0010382911905923,0,0.79723454,0.0
16899,0.0013399103881057,0.0005839268959888,0,0.71497,0.0
16900,0.0017087261152995,0.0006745401419669,0,0.6164948,0.0
16901,0.0016171786903306,0.0010447138659289,0,0.55226326,0.0
16902,0.0012097955307503,0.000832791857065,0,0.5068534,0.0
16903,0.0008134403101411,0.0003907069731854,0,0.47007334,0.0
16904,0.0017104186641703,0.0001886627745872,0,0.45085895,0.0
16905,0.0018777736155335,0.0001337810978242,0,0.43519482,0.0
16906,0.0013201236328455,0.0001825030113075,0,0.4329613,0.0
16907,0.0011749346759786,0.000286968718999,0,0.43416616,0.0
16908,0.0010295799541384,0.0004150775136065,0,0.4798217,0.0
16909,0.0013106996011055,0.0004909440732708,0,0.5430869,0.0
16910,0.0008063748081855,0.0005147115699616,0,0.597929,0.0
16911,0.0004798881990857,0.0005242963035603,0,0.664856,0.0
16912,0.0005329023069332,0.0003666774187174,0,0.71844167,0.0
16913,0.0004907196901707,0.0002773645507314,0,0.7715565,0.0
16914,0.0005095793347483,0.000119448198987,0,0.82040006,0.0
16915,0.0002425887599007,0.0002704444863902,0,0.8510978,0.0
16916,0.0001573075535059,0.0002741744592851,0,0.8684313,0.0
16917,0.000481595057449,0.0001560681180981,0,0.8797641,0.0
16918,0.0001529257293971,1.506004183497838e-05,0,0.8862572,0.0
16919,0.0002807453011887,0.0002213546129441,0,0.88563675,0.0
16920,0.0005465615916449,0.0003644086330115,0,0.8804627,0.0
16921,0.0003189872803449,0.0002676964720795,0,0.867306,0.0
16922,0.0003343529741034,0.0002428310246459,0,0.850322,0.0
16923,0.0003556790855541,0.0001262784258982,0,0.82749695,0.0
16924,0.0001064520922822,2.939310025568904e-05,0,0.80525994,0.0
16925,0.0001365201270081,0.0001625326619911,0,0.77123827,0.0
16926,0.0006641201291923,0.0001001534003904,0,0.71355474,0.0
16927,0.0018222549065732,0.0002799895120593,0,0.64208496,0.0
16928,0.0048963560821152,0.000556867967552,0,0.4879086,0.0
16929,0.0060390932454451,0.0009820777500048,0,0.26159555,0.0
16930,0.0044097485457671,0.0007662596344137,0,0.0,0.0
16931,0.0023125696307614,0.0002187773495994,0,0.0,0.0
16932,0.0013803170710002,0.0003285111481729,0,0.0,0.0
16933,0.001209743685385,0.0006694228591913,0,0.0,0.0
16934,0.0007964016067934,0.0004049867381195,0,0.0,0.0
16935,0.0008712689581814,0.0004780553135713,0,0.0,0.0
16936,0.0011052474618771,0.0004448303395383,0,0.0,0.0
16937,0.0014338779128985,0.0006580510382619,0,0.0,0.0
16938,0.0005405448346938,0.0010278777756976,0,0.0,0.0
16939,0.0006969975979955,0.0013708779906024,0,0.0,0.0
16940,0.0021535420354178,0.0019407107479934,0,0.0,0.0
16941,0.0044473502588144,0.0028246436079858,0,0.0,0.0
16942,0.0063123135529434,0.0044982680406807,0,0.0,0.0
16943,0.0070328156849074,0.0054007799114297,0,0.0,0.0
16944,0.0060537592832738,0.0060319492117497,0,0.0,0.0
16945,0.006426565745451,0.0056737905639984,0,0.0,0.0
16946,0.0065690159946821,0.0052269052377267,0,0.0,0.0
16947,0.0058456441142308,0.0055341955675704,0,0.0,0.0
16948,0.0052720857752307,0.0054860879846867,0,0.0,0.0
16949,0.0051727579998621,0.0057502387677877,0,0.0,0.0
16950,0.0050263033467288,0.0062429833869639,0,0.0,0.0
16951,0.0053942303394624,0.00614900428674,0,0.0,0.0
16952,0.006008007584706,0.0053925962693153,0,0.0,0.0
16953,0.0036961206482701,0.0043788456488277,0,0.0,0.0
16954,0.0022480650465141,0.0034643436311669,0,0.0,0.0
16955,0.0024192528796162,0.0022535470099432,0,0.0,0.0
16956,0.0010557659694477,0.0015644095427978,0,0.0,0.0
16957,0.0013009904761768,0.001095068909668,0,0.0,0.0
16958,0.0015723646078811,0.0013986578564265,0,0.0,0.0
16959,0.0026312633151975,0.0008650992785201,0,0.0,0.0
16960,0.0033664608480234,0.0003484054209082,0,0.0,0.0
16961,0.0014197806512921,0.0006314679119606,0,0.0,0.0
16962,0.0003895497230396,0.0002946160789089,0,0.0,0.0
16963,2.9798165750620323e-05,0.0002304787607974,0,0.0,0.0
16964,0.0001047027792109,0.0003311541600049,0,0.0,0.0
16965,1.5147075683834968e-05,0.0001443794526713,0,0.0,0.0
16966,7.96333388669754e-05,2.7354768341234877e-05,0,0.0,0.0
16967,2.092121238276137e-05,7.528672712544686e-06,0,0.0,0.0
16968,4.510546847364129e-06,8.062106405785716e-06,0,0.0,0.0
16969,3.716838277246881e-05,1.3709344231916187e-05,0,0.0,0.0
16970,2.7833317788254448e-05,3.26323359294743e-05,0,0.0,0.0
16971,3.0474204928247057e-05,7.236693852487373e-05,0,0.0,0.0
16972,1.012394507535036e-05,3.689707430189479e-05,0,0.0,0.0
16973,1.3697465153988416e-05,9.97173077538424e-06,0,0.0,0.0
16974,1.2036073037219869e-05,2.3518310912767747e-06,0,0.0,0.0
16975,4.6583174767070135e-06,8.298395589203607e-06,0,0.0,0.0
16976,5.041936568709402e-06,4.328476490123822e-06,0,0.0,0.0
16977,5.7999153185575686e-05,1.2039198713719724e-05,0,0.0,0.0
16978,0.000174640782541,3.507167438768938e-05,0,0.0,0.0
16979,4.7799639056485065e-05,2.566440629885301e-05,0,0.0,0.0
16980,7.032281913589983e-06,4.342778988338625e-05,0,0.0,0.0
16981,3.5612745489306204e-06,2.8417744629991296e-05,0,0.0,0.0
16982,0.0001181167723614,9.451058838195634e-05,0,0.0,0.0
16983,0.0006038115405523,0.0005787455543841,0,0.0,0.0
16984,0.0026131269417308,0.001549118587491,0,0.0,0.0
16985,0.0060192922324348,0.0016840177282664,0,0.0,0.0
16986,0.0054295248787809,0.0010579358904703,0,0.0,0.0
16987,0.0041577296912437,0.0013525307798589,0,0.0,0.0
16988,0.0040681401264711,0.0015785410460292,0,0.0,0.0
16989,0.0035664690960928,0.0011680348477327,0,0.0,0.0
16990,0.0041756469834448,0.0007910721556063,0,0.0,0.0
16991,0.0072802930880113,0.0005385286284265,0,0.0,0.0
16992,0.0055259782732148,0.0009560912252638,0,0.0,0.0
16993,0.0033202033965665,0.0010326751529394,0,0.0,0.0
16994,0.0028620348326621,0.0008157509604437,0,0.0,0.0
16995,0.0023831775227284,0.0002396213309939,0,0.0,0.0
16996,0.0009956220998202,4.6487588265104046e-05,0,0.0,0.0
16997,0.0011655579867089,0.0001333429225613,0,0.0,0.0
16998,0.0005551257694068,0.0002532584090359,0,0.0,0.0
16999,0.0001172429634245,0.0004789921947824,0,0.0,0.0
17000,0.0006582920526609,0.0004318789658377,0,0.0,0.0
17001,0.0007930048411715,0.0003957955546203,0,0.0,0.0
17002,0.0013641208625091,0.0002994958322622,0,0.0,0.0
17003,0.0014376729979393,8.1148626181093e-05,0,0.0,0.0
17004,0.0023094442143732,3.4015234108744074e-05,0,0.0,0.0
17005,0.0050843632099359,0.00033991115189,0,0.0,0.0
17006,0.0054076766836726,0.0009656335624463,0,0.0,0.0
17007,0.0031754817810259,0.0006498402994405,0,0.28460693,0.0
17008,0.0016701689783148,0.0006148202525674,0,0.5398888,0.0
17009,0.0019142036989757,0.0014963975962171,0,0.7430324,0.0
17010,0.0017723207331102,0.0015669404282299,0,0.82999176,0.0
17011,0.0014830584201389,0.0008699583524434,0,0.87810236,0.0
17012,0.0021515131718203,0.000585510570172,0,0.90797,0.0
17013,0.0030436793707159,0.0003934067888155,0,0.92344046,0.0
17014,0.0019829045594618,0.0001161667705627,0,0.9316072,0.0
17015,0.0015533833224946,9.52156884915019e-05,0,0.93622166,0.0
17016,0.0017208029321046,0.0003201807481677,0,0.93967986,0.0
17017,0.0010919237800149,7.676703106579001e-05,0,0.9407849,0.0
17018,0.0011551024485342,2.695409610770502e-05,0,0.9419296,0.0
17019,0.0007155694878945,0.0001669691983407,0,0.94418716,0.0
17020,0.0003086407424408,0.0005591824840166,0,0.94466054,0.0
17021,0.0006078565549723,0.0002600379986764,0,0.9459618,0.0
17022,0.0007123605916252,0.0008302606703821,0,0.947061,0.0
17023,0.0006693563301126,0.0005608989203767,0,0.9475751,0.0
17024,0.0004848024458749,0.0003994227307296,0,0.9487233,0.0
17025,0.0002117675520193,5.0032785436789946e-05,0,0.9498585,0.0
17026,0.0007070484378142,0.0001570556491446,0,0.9501185,0.0
17027,0.0015164555034869,0.0001579331676075,0,0.9502564,0.0
17028,0.0019141830549723,0.0004227688493549,0,0.94999945,0.0
17029,0.0023287858152951,0.0006884247810143,0,0.94894606,0.0
17030,0.0012910723943641,0.000859567275494,0,0.9484379,0.0
17031,0.0010133221375783,0.0009842986126892,0,0.94963753,0.0
17032,0.0016933479999207,0.0009995664962187,0,0.9502308,0.0
17033,0.0023771880096633,0.0015765900952711,0,0.9503342,0.0
17034,0.0034142457671347,0.0021036785198936,0,0.9508035,0.0
17035,0.0032311082136788,0.0016794298232618,0,0.9522932,0.0
17036,0.0027393905026483,0.0019070450888588,0,0.95244646,0.0
17037,0.0026261601617334,0.0021899927045631,0,0.9508554,0.0
17038,0.0019954389757226,0.0018917253968362,0,0.9471522,0.0
17039,0.0016953664600035,0.0015354645674649,0,0.9471644,0.0
17040,0.0012430392511448,0.0010475114224889,0,0.948705,0.0
17041,0.0020591217088885,0.0016234163144185,0,0.9518725,0.0
17042,0.0020111214472913,0.0015528343641781,0,0.9576047,0.0
17043,0.0014914418898259,0.0009637974938996,0,0.9592153,0.0
17044,0.0027939345509597,0.0008039493670752,0,0.9582901,0.0
17045,0.0037505122805462,0.0008090407322542,0,0.95534635,0.0
17046,0.0035128331228032,0.0014509873480892,0,0.9517571,0.0
17047,0.0042249455934378,0.0021480348777982,0,0.94173265,0.0
17048,0.0039146217338555,0.0022363568312021,0,0.9196268,0.0
17049,0.0037475521329526,0.0016396055530759,0,0.8728772,0.0
17050,0.0030708574926279,0.001073523368721,0,0.776537,0.0
17051,0.0015188892824486,0.0011730762924661,0,0.6074049,0.0
17052,0.001245607206064,0.0008032869851059,0,0.41905075,0.0
17053,0.0006406118192163,0.0008264311048685,0,0.24838847,0.0
17054,0.0005239670259049,0.0002777111575089,0,0.13105325,0.0
17055,0.0022828642559854,0.0004457288281159,0,0.0,0.0
17056,0.0030379529654703,0.0011494067748589,0,0.0,0.0
17057,0.0044135811740395,0.0017842302598482,0,0.0,0.0
17058,0.0058140212040676,0.0025813126548827,0,0.0,0.0
17059,0.007656703842095,0.0063308175112572,0,0.0,0.0
17060,0.0093533198760695,0.0080752692535262,0,0.0,0.0
17061,0.0095309362750151,0.0081909206787162,0,0.0,0.0
17062,0.0077447659697445,0.0058409873575198,0,0.0,0.0
17063,0.0064359947735937,0.0069707582615338,0,0.0,0.0
17064,0.0071174487626753,0.0076612828643737,0,0.0,0.0
17065,0.0070806275766885,0.0076657611117313,0,0.0,0.0
17066,0.0075146462233853,0.0068077796025878,0,0.0,0.0
17067,0.0089078227131125,0.0080641869784832,0,0.0,0.0
17068,0.0082651582785058,0.0091052843878343,0,0.0,0.0
17069,0.0082213927988605,0.0071833267303881,0,0.0,0.0
17070,0.0078217458402055,0.0071495952349561,0,0.0,0.0
17071,0.0062377657846874,0.0058297835132696,0,0.0,0.11385449
17072,0.0058512607562654,0.0060185112227302,0,0.0,0.2787698
17073,0.0049786564703607,0.0051468548075571,0,0.0,0.55999523
17074,0.0039150363375556,0.0051179761285993,0,0.0,0.75425375
17075,0.004010559951914,0.0049926825131203,0,0.0,0.8466268
17076,0.0033168826285304,0.0050344665636356,0,0.0,0.891961
17077,0.0015021627773515,0.0038955246501391,0,0.0,0.91196495
17078,0.000821689279507,0.0028821917940455,0,0.0,0.9243932
17079,0.0018228842987528,0.0022858861239341,0,0.0,0.93394494
17080,0.0034723676297435,0.0030758484358052,0,0.0,0.94038135
17081,0.0019509702588118,0.003818151191982,0,0.0,0.9453529
17082,0.0005782904166722,0.0031603443764205,0,0.0,0.9484445
17083,0.0023116199513588,0.0017288585078696,0,0.0,0.95005023
17084,0.0013413445632198,0.0004421462444423,0,0.0,0.9499587
17085,0.0016469548227035,8.692749397666463e-05,0,0.0,0.94998914
17086,0.0013138602751687,0.0002547102570971,0,0.0,0.9501234
17087,0.0011244369304269,0.0005446978289852,0,0.0,0.95104027
17088,0.0019010435337946,0.0005444214253866,0,0.0,0.95258456
17089,0.0022896722098695,0.0014495367280316,0,0.0,0.9542193
17090,0.0033040161686468,0.0022891807482383,0,0.0,0.95621014
17091,0.0025086987722401,0.0026853303650484,0,0.0,0.9565168
17092,0.0030053750428595,0.0030773650436203,0,0.0,0.95154333
17093,0.0060246247167216,0.0044785631562368,0,0.0,0.92402387
17094,0.0091207162158777,0.0050084120615385,0,0.0,0.8518589
17095,0.0056145884169215,0.0058176419391652,0,0.0,0.7729907
17096,0.0033112034335402,0.0063434946269757,0,0.0,0.712716
17097,0.0036495125138483,0.0065854791618923,0,0.0,0.6498767
17098,0.0040662235890344,0.0064655701756617,0,0.0,0.5579715
17099,0.0033847762531386,0.0041657841822979,0,0.0,0.45068824
17100,0.0031559479856006,0.0029287422782484,0,0.0,0.31399226
17101,0.002151912832447,0.0021071108512055,0,0.0,0.17312965
17102,0.0033948699886461,0.0025378226890312,0,0.0,0.0
17103,0.0043392048897887,0.003846378014743,0,0.0,0.0
17104,0.0047703686608683,0.0048596511620011,0,0.0,0.0
17105,0.0052622382225944,0.0064759625154213,0,0.0,0.0
17106,0.0058075479110628,0.0056282768992583,0,0.0,0.0
17107,0.0072641078386425,0.0065361320829413,0,0.0,0.0
17108,0.0062106092574676,0.0073067490858611,0,0.0,0.0
17109,0.0039955831885966,0.0050436911180094,0,0.0,0.0
17110,0.0050166976713218,0.0026280577908395,0,0.0,0.0
17111,0.0056804132312034,0.003265780476632,0,0.0,0.0
17112,0.0057177948833577,0.003965454709974,0,0.0,0.0
17113,0.0055836553816518,0.0032200783866195,0,0.0,0.0
17114,0.0058200976718705,0.0033152879254722,0,0.0,0.0
17115,0.0035006799344175,0.0034494173655543,0,0.0,0.0
17116,0.0032961684628076,0.003809264999704,0,0.0,0.0
17117,0.0029693207875648,0.003109731868309,0,0.0,0.0
17118,0.0012123524292203,0.0037049591902557,0,0.0,0.0
17119,0.0003044970965141,0.0024528616298241,0,0.0,0.0
17120,0.0012739094542245,0.0013999267013761,0,0.0,0.0
17121,0.0016083523746364,0.0007320506383927,0,0.0,0.0
17122,0.0019970207598659,0.0012682812036253,0,0.0,0.0
17123,0.0022002643695219,0.0009714664289378,0,0.0,0.0
17124,0.0030933094254587,0.0006995389702284,0,0.0,0.0
17125,0.002928261920029,0.0001948859208323,0,0.0,0.0
17126,0.001512984609033,0.0001423191021853,0,0.0,0.0
17127,0.0025297559098205,0.0008465153074307,0,0.0,0.0
17128,0.0023795998979252,0.0011499309264601,0,0.0,0.0
17129,0.0021584327245408,0.0006652254129137,0,0.0,0.0
17130,0.001793204235403,0.0006071464609784,0,0.0,0.0
17131,0.0009663910272845,0.0003195356116395,0,0.0,0.0
17132,0.0010036676644708,0.0005354447139971,0,0.0,0.0
17133,0.0011993482275442,0.0006530913445526,0,0.0,0.0
17134,0.0008089734929806,0.0003372599214389,0,0.0,0.0
17135,0.0011631099632086,0.0002572806931144,0,0.0,0.0
17136,0.0041855196815044,0.0002919546812661,0,0.0,0.0
17137,0.003849073015665,0.0003746692051791,0,0.0,0.0
17138,0.0031928392327932,0.0005302850123911,0,0.0,0.0
17139,0.0020158760136208,0.0006196863726984,0,0.0,0.0
17140,0.0007642755317266,0.000640555729416,0,0.0,0.0
17141,0.0002851096065363,0.0003424764767424,0,0.0,0.0
17142,0.0004130694901992,0.0006122335153999,0,0.0,0.0
17143,0.0003321843140265,0.0001260489256303,0,0.0,0.0
17144,0.0008776329764109,0.0002440178664817,0,0.0,0.0
17145,0.0045919050032783,0.0005063478083956,0,0.0,0.0
17146,0.0045025092882541,0.000831008784311,0,0.0,0.0
17147,0.0012860943699476,0.0013503421759229,0,0.0,0.0
17148,0.001479514250467,0.0017233656206499,0,0.0,0.0
17149,0.0022412596658961,0.0010037669296777,0,0.0,0.0
17150,0.0027536538898726,0.0012546238956757,0,0.0,0.0
17151,0.0026552568255092,0.0016949322058357,0,0.0,0.0
17152,0.0016429399721827,0.0017873190180532,0,0.0,0.0
17153,0.0016940606260106,0.0012888701673964,0,0.0,0.0
17154,0.0005500579931237,0.0009800693625284,0,0.0,0.0
17155,0.0001514371517203,0.0004962824891875,0,0.0,0.0
17156,0.0009122990336569,0.0002756921728019,0,0.0,0.0
17157,0.0023016154776271,0.0004341674466636,0,0.0,0.0
17158,0.0020109289415873,0.0003973441284485,0,0.0,0.0
17159,0.0012031873260141,0.0004169102907653,0,0.0,0.0
17160,0.001862875478542,0.0009125850578552,0,0.0,0.0
17161,0.0004015668445333,0.0007889965472685,0,0.0,0.0
17162,0.0002752875735039,0.0009401282694291,0,0.0,0.0
17163,0.0007621807870998,0.0006043553300798,0,0.0,0.0
17164,0.002266833785105,0.0010450770578809,0,0.0,0.0
17165,0.0024952062451656,0.0008184722476076,0,0.0,0.0
17166,0.0020311340686763,0.000879275646315,0,0.0,0.0
17167,0.0010994736014043,0.0006102088101777,0,0.0,0.0
17168,0.0012334494105836,0.0008657510954721,0,0.0,0.0
17169,0.0006929188270779,0.0010265906644928,0,0.0,0.0
17170,0.0007928423711199,0.0007686997888539,0,0.0,0.0
17171,0.0010228281023631,0.0005133020245094,0,0.0,0.0
17172,0.00102937633357,0.0002913900450018,0,0.0,0.0
17173,0.0018048451404391,0.0004489156774789,0,0.0,0.0
17174,0.0026333924618287,0.0005669063617191,0,0.0,0.0
17175,0.0034554596074007,0.0004985209230461,0,0.0,0.0
17176,0.0034270205808858,0.0007619108462037,0,0.0,0.0
17177,0.0032786632069474,0.0004654566118592,0,0.0,0.0
17178,0.0020558455956315,0.0005881786771514,0,0.0,0.0
17179,0.003638246324985,0.0015264297134478,0,0.0,0.0
17180,0.0050446923402687,0.0014843307219347,0,0.0,0.0
17181,0.0068587673903027,0.0014181405607438,0,0.0,0.0
17182,0.0036965937270837,0.0013396716522591,0,0.0,0.0
17183,0.0032509118123602,0.0013492757864178,0,0.0,0.0
17184,0.002202906330518,0.0010969897923068,0,0.0,0.0
17185,0.0021357517440114,0.0010217747939884,0,0.0,0.0
17186,0.0036087724221823,0.0009129605550889,0,0.0,0.0
17187,0.0040963746440481,0.0012500635458134,0,0.0,0.0
17188,0.0043664752147485,0.0017389555825414,0,0.0,0.0
17189,0.0037164602450213,0.0027410186438068,0,0.0,0.0
17190,0.0029921334625435,0.0032453772996214,0,0.0,0.0
17191,0.0058639759506398,0.0033470591811493,0,0.0,0.0
17192,0.0064926710178311,0.0040472268458631,0,0.0,0.0
17193,0.0054818809926927,0.0047443781173552,0,0.0,0.0
17194,0.0069200110077409,0.005137392015734,0,0.0,0.0
17195,0.0058960228942635,0.005698818224471,0,0.0,0.0
17196,0.0047907864532387,0.00621031543724,0,0.0,0.0
17197,0.0061887820624737,0.0064617962286585,0,0.0,0.0
17198,0.0056388129263989,0.0048275662345397,0,0.0,0.0
17199,0.0044918923954205,0.004405558681805,0,0.0,0.0
17200,0.004769210232807,0.0057924623144905,0,0.0,0.0
17201,0.0048554278067377,0.0063691156821127,0,0.0,0.0
17202,0.0052687513777645,0.0049355850281869,0,0.0,0.0
17203,0.0037876305667541,0.0034397706242976,0,0.0,0.0
17204,0.0030995526812791,0.0020901645174085,0,0.0,0.0
17205,0.0006727356497515,0.0022495749594636,0,0.0,0.0
17206,0.0005380749079903,0.0014466456089031,0,0.0,0.0
17207,0.00227261903584,0.0008034048617075,0,0.0,0.0
17208,0.0021981495774881,0.0001671487575193,0,0.0,0.0
17209,0.001845332135975,0.000265788259634,0,0.0,0.0
17210,0.0003376997307001,0.0005747784207656,0,0.0,0.0
17211,0.0009158931069996,0.0002801951329418,0,0.0,0.0
17212,0.0012300777628272,3.682143936486602e-05,0,0.0,0.0
17213,0.000520101936593,0.00028419388066,0,0.0,0.0
17214,4.66049588807689e-05,0.0003146121483069,0,0.0,0.0
17215,0.0001509761530836,0.0003546588786163,0,0.0,0.0
17216,7.432453430912907e-05,0.0001118663823027,0,0.0,0.0
17217,0.0006485269539072,0.0001187077797302,0,0.0,0.0
17218,0.0032842742712679,0.0003215366880653,0,0.0,0.0
17219,0.0045949297394028,0.0008973889321087,0,0.0,0.0
17220,0.0041245083237585,0.001400413323405,0,0.0,0.0
17221,0.0036836277401513,0.0013436392639619,0,0.0,0.0
17222,0.0054766590281399,0.0010845756362904,0,0.0,0.0
17223,0.0078234232446142,0.0012642792959418,0,0.0,0.0
17224,0.0055097879776835,0.0011099427068715,0,0.0,0.0
17225,0.0028065642348772,0.0004328383146682,0,0.0,0.0
17226,0.0012116250679414,0.0007593921898277,0,0.0,0.0
17227,0.0018057325439186,0.0002887426168762,0,0.0,0.0
17228,0.002255570868519,0.0001764598698229,0,0.0,0.0
17229,0.0024745661127868,0.0004681361914645,0,0.0,0.0
17230,0.0025470369050424,0.0006827488009501,0,0.0,0.0
17231,0.0016453494395957,0.0009423902176525,0,0.0,0.0
17232,0.0006801503537345,0.0004403541336541,0,0.0,0.0
17233,0.0007882809661888,0.0004051891937874,0,0.0,0.0
17234,0.0011706238226868,0.0003968926331881,0,0.0,0.0
17235,0.0006464765608103,0.0004379161899066,0,0.0,0.0
17236,0.000232537886676,0.0001133737977059,0,0.0,0.0
17237,0.0001868960115898,0.0001568889486891,0,0.0,0.0
17238,0.0001230524911183,9.20649981546364e-05,0,0.0,0.0
17239,0.0001590854264651,7.991630016659052e-05,0,0.0,0.0
17240,0.0001263996982529,0.0001591500507467,0,0.0,0.0
17241,0.0002924366469554,0.0001093313078594,0,0.0,0.0
17242,0.0003279950981759,9.859271475988566e-05,0,0.0,0.0
17243,0.0006187171059341,0.0001003549958326,0,0.0,0.0
17244,0.0002645767425431,0.0001394169356826,0,0.0,0.0
17245,0.0002466272797948,6.220948557152253e-05,0,0.0,0.0
17246,0.0002620398343426,7.808160790210082e-05,0,0.0,0.0
17247,9.631636505039886e-05,0.0001171581629689,0,0.0,0.0
17248,2.811593506872511e-05,0.0001014023807707,0,0.0,0.0
17249,0.0005824975023755,0.0002414961156162,0,0.0,0.0
17250,0.0028368837304024,0.0006197034305671,0,0.0,0.0
17251,0.0062362101713981,0.0005881844220356,0,0.0,0.0
17252,0.0060686421900225,7.527449205809059e-05,0,0.0,0.0
17253,0.004803395309696,0.0011621776145361,0,0.0,0.0
17254,0.0050658965020286,0.0024187351747387,0,0.0,0.0
17255,0.0061031167925716,0.003756191777777,0,0.0,0.0
17256,0.0057839107265078,0.0052429430358097,0,0.0,0.0
17257,0.0060884122644854,0.0063712778211597,0,0.0,0.0
17258,0.0072971077746316,0.0070444536569101,0,0.0,0.0
17259,0.0076405699504029,0.0077202596550301,0,0.0,0.0
17260,0.0070334045730441,0.0074160459732806,0,0.0,0.0
17261,0.0062250966337932,0.006989504792047,0,0.0,0.0
17262,0.0073933326340234,0.0071022833807965,0,0.0,0.0
17263,0.0078681765203965,0.0072155260740987,0,0.0,0.0
17264,0.0069744415038702,0.0069414897327717,0,0.0,0.0
17265,0.0070760046349179,0.007276693147855,0,0.0,0.0
17266,0.0075790699980666,0.0078211921947502,0,0.0,0.0
17267,0.0069544771450951,0.0078313440509728,0,0.0,0.0
17268,0.0074234752475716,0.0081610013563207,0,0.0,0.0
17269,0.0086514430407523,0.0079795498310539,0,0.0,0.0
17270,0.0087779261239705,0.0083908479419753,0,0.0,0.0
17271,0.0083991278970366,0.0079179438068031,0,0.0,0.0
17272,0.0087096288514438,0.0073619134481674,0,0.0,0.0
17273,0.008418616094118,0.0086722293769873,0,0.0,0.0
17274,0.0068001302935076,0.0087877849887396,0,0.0,0.0
17275,0.0061998135395821,0.0081274800962839,0,0.0,0.0
17276,0.006218933456301,0.0067932234303254,0,0.0,0.0
17277,0.0074524021203452,0.0074153508764088,0,0.0,0.0
17278,0.0068333466343505,0.0074249696308465,0,0.0,0.0
17279,0.0067304637195833,0.0073575548898375,0,0.0,0.0
17280,0.0075600901921882,0.0067834572763511,0,0.0,0.0
17281,0.0069661400018945,0.0067010971569299,0,0.0,0.0
17282,0.0056575332870829,0.005757198584044,0,0.0,0.0
17283,0.0063326150788932,0.0049154865429436,0,0.0,0.0
17284,0.005058220558892,0.0038632761903563,0,0.0,0.0
17285,0.0021875098075312,0.0020577337719909,0,0.0,0.0
17286,0.0013712874668786,0.0003884399851933,0,0.0,0.0
17287,0.0001997368679296,0.0009899206614981,0,0.0,0.0
17288,0.0022162376378175,0.0022389009899482,0,0.0,0.0
17289,0.0030259051163605,0.0017098927917375,0,0.0,0.0
17290,0.0023149368847875,0.0011872357783105,0,0.0,0.0
17291,0.0011050038905183,0.0011136730754182,0,0.0,0.0
17292,0.0017517308821708,0.0008500758435631,0,0.0,0.0
17293,0.0024995648324243,0.0007577716916745,0,0.0,0.0
17294,0.0023278774339394,0.0002621868484027,0,0.0,0.0
17295,0.003437761007223,0.0001751589334428,0,0.0,0.0
17296,0.0052509961603071,0.0002425817917013,0,0.0,0.0
17297,0.0057679331311117,0.0003042452915451,0,0.0,0.0
17298,0.0038224665239629,0.0002188977729502,0,0.0,0.0
17299,0.0021933641234476,7.626412207868875e-05,0,0.0,0.0
17300,0.0009473795495936,5.351608677050904e-05,0,0.0,0.0
17301,0.000325647324808,0.0001470159533975,0,0.0,0.0
17302,0.0005518748389475,0.0002162312650124,0,0.0,0.0
17303,0.0007343837114516,0.0003179151226562,0,0.0,0.0
17304,0.0003045274954382,0.0001833929176689,0,0.0,0.0
17305,0.0004783762465458,4.252684948763644e-05,0,0.0,0.0
17306,0.0005310215000623,7.848688923605672e-05,0,0.0,0.0
17307,0.0007574741579731,0.000206871572105,0,0.0,0.0
17308,0.0003915879204633,0.0002205066400499,0,0.0,0.0
17309,5.46017228140787e-05,5.641536928720807e-05,0,0.0,0.0
17310,0.0001392850830931,4.184104286855955e-05,0,0.0,0.0
17311,0.0001311621288818,0.0001181789577549,0,0.0,0.0
17312,0.0001207506096479,3.447786070503412e-05,0,0.0,0.0
17313,0.0003943537168445,1.3262078183324236e-05,0,0.0,0.0
17314,0.0001934958274912,3.731195703621007e-05,0,0.0,0.0
17315,0.000148419221439,3.018022146671721e-05,0,0.0,0.0
17316,0.0003904213425755,0.0001706535834142,0,0.0,0.0
17317,0.0002207999367675,0.0007341164030661,0,0.0,0.0
17318,0.001106419681977,0.0003328906278863,0,0.0,0.0
17319,0.0017328514707793,0.000351943690496,0,0.0,0.0
17320,0.00300020907105,0.0014775947253137,0,0.0,0.0
17321,0.0039035892155618,0.0014281047871444,0,0.0,0.0
17322,0.0041034027815418,0.0010824160994,0,0.0,0.0
17323,0.0030730572605545,0.0008648895619217,0,0.0,0.0
17324,0.0007080289180426,0.000786013764967,0,0.0,0.0
17325,0.0010760797346723,0.0003989345004172,0,0.0,0.0
17326,0.0045510711432892,0.0006770863582533,0,0.0,0.0
17327,0.0042376090422348,0.0010725852811923,0,0.0,0.0
17328,0.002594118479899,0.001507481824036,0,0.0,0.0
17329,0.0032797597798466,0.0011654066133108,0,0.0,0.0
17330,0.0022808537159906,0.0007055425346191,0,0.0,0.0
17331,0.0012213856715126,0.0002580315488943,0,0.0,0.0
17332,0.0009776036531185,3.9427176355002894e-05,0,0.0,0.0
17333,0.0011762320377308,2.9409925182648845e-05,0,0.0,0.0
17334,0.001174790173288,0.0001074061247015,0,0.0,0.0
17335,0.0014245329913124,9.896472487527e-05,0,0.0,0.0
17336,0.0013065674531258,0.0003303336731304,0,0.0,0.0
17337,0.0010540241967085,0.0005906524376614,0,0.0,0.0
17338,0.0015340599076366,0.0005645664691379,0,0.0,0.0
17339,0.002284054654881,0.0004244871207959,0,0.0,0.0
17340,0.0019055677090135,0.0001695091864385,0,0.0,0.0
17341,0.0016223609672925,0.0002425812864334,0,0.0,0.0
17342,0.0011414489935346,0.0001744396781194,0,0.0,0.0
17343,0.000768148226893,0.0002373318455096,0,0.0,0.0
17344,0.0013373008733729,0.0002544025325685,0,0.0,0.0
17345,0.0025964309894134,9.142601384674424e-05,0,0.0,0.0
17346,0.0036487017109843,0.0001316064212655,0,0.0,0.0
17347,0.0017881718355352,0.0003762021603604,0,0.0,0.0
17348,0.0013044763521566,0.0003802793075857,0,0.0,0.0
17349,0.0019852084938797,0.0003992154234468,0,0.0,0.0
17350,0.0010923677991346,0.0004810686636381,0,0.0,0.0
17351,0.0017351679192808,0.0005208373051408,0,0.0,0.0
17352,0.002632009084338,0.0004594679529755,0,0.0,0.0
17353,0.0017377316543692,0.0007890898782545,0,0.0,0.0
17354,0.0005723214996006,0.0003283335564562,0,0.0,0.0
17355,0.0016975716003193,0.0001902559222701,0,0.0,0.0
17356,0.0045156671956954,0.0004248977251606,0,0.0,0.0
17357,0.0033352514062882,0.0011303701781484,0,0.0,0.0
17358,0.0024702639508506,0.0015039471593942,0,0.0,0.0
17359,0.0030358862536619,0.0007140489586804,0,0.0,0.0
17360,0.0017344611386552,0.0004789768454975,0,0.0,0.0
17361,0.0007926287559243,0.000481462936005,0,0.0,0.0
17362,0.0001948014583345,0.0004748435920659,0,0.0,0.0
17363,0.0003006924084238,0.0004403404986694,0,0.0,0.0
17364,0.0010472382440865,0.0003676785334885,0,0.0,0.0
17365,0.0019912872719742,0.0002354288765589,0,0.0,0.0
17366,0.0023649871335857,0.0003733855907187,0,0.0,0.0
17367,0.0033736539440031,0.0020575030431414,0,0.0,0.0
17368,0.0030808361591439,0.0024884966975094,0,0.0,0.0
17369,0.0028735446431406,0.0024453988785107,0,0.0,0.0
17370,0.0037275229172524,0.0014577558574791,0,0.0,0.0
17371,0.0063765227376361,0.0022042701468401,0,0.0,0.0
17372,0.0056119898869277,0.0016410748738445,0,0.0,0.0
17373,0.0025962900438318,0.001106674681123,0,0.0,0.0
17374,0.0021368442233926,0.0004917028336023,0,0.0,0.0
17375,0.0019833726907667,4.172719643459736e-05,0,0.0,0.0
17376,0.0027152337116888,0.0004331377333135,0,0.0,0.0
17377,0.0038465120553686,3.205348947174715e-05,0,0.0,0.0
17378,0.0043804214217775,0.0004875408300539,0,0.0,0.0
17379,0.0049548990451208,0.0005324797659318,0,0.0,0.0
17380,0.0038672293182568,0.0009495003860662,0,0.0,0.0
17381,0.0022022192591426,0.0005738295906576,0,0.0,0.0
17382,0.002062586349215,0.0003918750780875,0,0.0,0.0
17383,0.0024372178568506,0.0006015452434274,0,0.0,0.0
17384,0.0024891961746123,0.0004968082535078,0,0.0,0.0
17385,0.0027593110206074,0.0003892846633582,0,0.0,0.0
17386,0.0029742124049903,0.0009265529650108,0,0.0,0.0
17387,0.0017927391321736,0.0008636912019741,0,0.0,0.0
17388,0.0005434580041274,0.0004884978946443,0,0.0,0.0
17389,0.0003097804311587,0.0003849425120174,0,0.0,0.0
17390,0.0007349234049367,0.0002657997395517,0,0.0,0.0
17391,0.0024051813840866,0.000181523980346,0,0.0,0.0
17392,0.0029594563807903,0.0001147506084499,0,0.0,0.0
17393,0.0029455299992989,0.0003600226536547,0,0.0,0.0
17394,0.0020469078652263,0.0012996406723561,0,0.0,0.0
17395,0.0021549086760552,0.0011389739214886,0,0.0,0.0
17396,0.0028093231917002,0.0012144294766127,0,0.0,0.0
17397,0.0029075302885149,0.0010230503121083,0,0.0,0.0
17398,0.0037491234661562,0.0013438673356495,0,0.0,0.0
17399,0.0047963527715049,0.0034583762174404,0,0.0,0.0
17400,0.005568318916493,0.0044926505069353,0,0.0,0.0
17401,0.0047924806005723,0.0040230351132235,0,0.0,0.0
17402,0.0042571513047041,0.0032500167214102,0,0.0,0.0
17403,0.0038653045488852,0.002163996145951,0,0.0,0.0
17404,0.002282969367481,0.0008467885516284,0,0.0,0.0
17405,0.0012633488978816,0.0001385932099112,0,0.0,0.0
17406,0.0012452813882445,0.0002700004849653,0,0.0,0.0
17407,0.0013850520144177,0.0009520020314685,0,0.0,0.0
17408,0.0004445029152169,0.0007702694188389,0,0.0,0.0
17409,0.0001503022315838,0.0003774342951905,0,0.0,0.0
17410,0.0003617855677127,0.0006689832133185,0,0.0,0.0
17411,0.0001092801732837,0.0005479249473498,0,0.0,0.0
17412,0.0001522898564538,2.968217764119728e-05,0,0.0,0.0
17413,0.0001577942243311,0.0003132561495749,0,0.0,0.0
17414,0.0002021284566073,8.593326073653933e-05,0,0.0,0.0
17415,0.0002052376020899,4.1500254599624646e-05,0,0.0,0.0
17416,0.0001061718397354,0.0001521673182672,0,0.0,0.0
17417,8.027378586696171e-05,0.000207316767135,0,0.0,0.0
17418,0.0004784336452133,0.0002761836654874,0,0.0,0.0
17419,0.0011999653976798,0.0001251062159911,0,0.0,0.0
17420,0.002021310492061,0.0003190406096939,0,0.0,0.0
17421,0.0043587566296842,0.0006471730090861,0,0.0,0.0
17422,0.0053167096398918,0.0015178677838038,0,0.0,0.0
17423,0.0053040464913204,0.0023830825190962,0,0.0,0.0
17424,0.0040393561625352,0.0028538621699834,0,0.0,0.0
17425,0.0042120174825378,0.0031884735965718,0,0.18511051,0.0
17426,0.0041762638188423,0.0038077283749474,0,0.41163307,0.0
17427,0.0040893871717982,0.0038646313842137,0,0.736727,0.0
17428,0.0037334475858688,0.0036268138623046,0,0.9265584,0.0
17429,0.0028779642322141,0.0038835116747871,0,0.9600927,0.0
17430,0.0020904476911649,0.0035874025805182,0,0.9684755,0.0
17431,0.0019411991126439,0.0028276802893987,0,0.97197926,0.0
17432,0.0015389896329491,0.0033669576220905,0,0.9734864,0.0
17433,0.0021685448134518,0.0043144142668831,0,0.9735722,0.0
17434,0.0014569930040115,0.0033893750828493,0,0.973081,0.0
17435,0.0006815133214729,0.0007982394377694,0,0.97263396,0.0
17436,0.0010004369357016,0.0001754966828248,0,0.9719512,0.0
17437,0.0015057846848425,0.0004159368949526,0,0.9703457,0.0
17438,0.0020122521082146,0.0004848973646387,0,0.9679828,0.0
17439,0.0011521295559581,0.000641683022453,0,0.96483713,0.0
17440,0.0012783823254639,0.0006907962525109,0,0.9582151,0.0
17441,0.0017997194572152,0.0006785909304934,0,0.94551605,0.0
17442,0.0020317329046845,0.0008154124335644,0,0.9290646,0.0
17443,0.0014097506236026,0.0010279978402343,0,0.89674693,0.0
17444,0.0014912813610509,0.0004594380084056,0,0.8446188,0.0
17445,0.0031196566751888,9.246111244366557e-05,0,0.7633429,0.0
17446,0.006262326919809,0.000689735904224,0,0.5273599,0.0
17447,0.0040759263511287,0.0008584919729819,0,0.2448371,0.0
17448,0.0025937902666827,0.0007354719777941,0,0.0,0.0
17449,0.0026802500886964,0.0008604133637695,0,0.0,0.0
17450,0.0024578116950287,0.0008919649283629,0,0.0,0.0
17451,0.0016941715058521,0.0005845320489417,0,0.0,0.0
17452,0.0011896710962827,0.0003895169570375,0,0.0,0.0
17453,0.0006365325644597,0.0004906413057052,0,0.0,0.0
17454,0.0005041555045707,0.0004922897076237,0,0.0,0.0
17455,0.0004791127207633,0.0004206096443146,0,0.0,0.0
17456,0.000268201546756,0.0004413514139788,0,0.0,0.0
17457,0.0002682681888685,0.0002778077596955,0,0.0,0.0
17458,0.0001921454813196,7.205215857280186e-05,0,0.0,0.0
17459,0.0006072391269041,0.0001276130181406,0,0.0,0.0
17460,0.0004456285340832,0.0001921141883831,0,0.0,0.0
17461,0.0013295826269666,0.0004988868336138,0,0.0,0.0
17462,0.0023494962971767,0.0006277656301346,0,0.0,0.0
17463,0.0020879225798755,0.0007852261258724,0,0.0,0.0
17464,0.0021374605973017,0.0007324596840215,0,0.0,0.0
17465,0.0020929792529709,0.0010600888237703,0,0.0,0.0
17466,0.0034347854437275,0.0011567161386267,0,0.0,0.0
17467,0.003838331403557,0.0007845156226791,0,0.0,0.0
17468,0.0026061073710913,0.0003157110587123,0,0.0,0.0
17469,0.0021785987773241,0.0003728662339932,0,0.0,0.0
17470,0.0018058012392039,0.0004714529935918,0,0.0,0.0
17471,0.0014554763890874,0.0005534569947727,0,0.0,0.0
17472,0.0012989768114789,0.0005866578328408,0,0.0,0.0
17473,0.0024082909670707,0.0005378130976992,0,0.0,0.0
17474,0.0034931189416438,0.0004687685476971,0,0.0,0.0
17475,0.0037451497299866,0.0004266771078705,0,0.0,0.0
17476,0.0023861349447739,0.0002392239822992,0,0.0,0.0
17477,0.0013549362600561,0.0003548050310777,0,0.0,0.0
17478,0.0017081563417983,0.0002690194907312,0,0.0,0.0
17479,0.0007658709862644,0.0001813257416751,0,0.0,0.0
17480,0.0003941083855047,0.0003234563839336,0,0.0,0.0
17481,0.0016948571964506,0.0002932279934263,0,0.120480165,0.0
17482,0.0025815214856768,0.0011341588110995,0,0.17195141,0.0
17483,0.0026221163029055,0.0017941401730886,0,0.28534836,0.0
17484,0.0030773767698582,0.0015339006957766,0,0.45980072,0.0
17485,0.0040526883437289,0.0011806798727987,0,0.71027184,0.0
17486,0.0038208808032821,0.0011810241932483,0,0.8954493,0.0
17487,0.0015522081594857,0.00094085250509,0,0.94630826,0.0
17488,0.0007153304122962,0.0005387110809199,0,0.96085227,0.0
17489,0.0003249633947055,0.0004839830388307,0,0.9679535,0.0
17490,6.77249613210542e-05,9.472467933317922e-05,0,0.97094774,0.0
17491,4.711890834427769e-05,8.355288310927167e-05,0,0.97229934,0.0
17492,0.0002551060441337,0.0003669350192367,0,0.97304434,0.0
17493,0.0002025701084265,0.000388114309684,0,0.9733099,0.0
17494,6.744942419002098e-05,0.0003302515953688,0,0.9731572,0.0
17495,0.0001371971691482,0.0002355027936712,0,0.97280216,0.0
17496,0.0004228441781887,6.745069089145688e-05,0,0.97220635,0.0
17497,0.0003852586971827,0.0001580492307377,0,0.97150356,0.0
17498,0.0001985100129244,8.005335844024835e-05,0,0.97110134,0.0
17499,2.756255031166009e-05,0.0001147615239246,0,0.97075486,0.0
17500,6.81743174543161e-05,8.105398349865746e-05,0,0.9704861,0.0
17501,5.072324420075809e-05,0.0003887351599318,0,0.97029036,0.0
17502,7.896306873147133e-05,0.0001081925136449,0,0.9701486,0.0
17503,9.874393506751776e-06,9.790032656719964e-05,0,0.9701869,0.0
17504,9.45605356883475e-05,0.0004040076130081,0,0.97024703,0.0
17505,1.1756650470898413e-05,8.728056261650279e-05,0,0.9704025,0.0
17506,5.018601474261095e-05,5.663945182666407e-05,0,0.9706484,0.0
17507,3.537863433391555e-05,2.2753565987843443e-05,1,0.97080505,0.0
17508,8.489716674422291e-06,4.472908761312045e-06,1,0.9708315,0.0
17509,1.4926452464744985e-05,6.504317363093836e-06,1,0.9709085,0.0
17510,1.0656716404805685e-05,2.430895246802667e-06,1,0.9708408,0.0
17511,5.853392348628952e-05,9.318927175498542e-06,1,0.97075456,0.0
17512,2.962016278274999e-05,4.191583133015364e-05,1,0.9707729,0.0
17513,2.042938058366891e-05,3.826928130393794e-05,1,0.9708093,0.0
17514,6.61915878753372e-05,8.101378174395728e-05,1,0.9708723,0.0
17515,0.0002522028495844,0.0001249204315972,1,0.9709362,0.0
17516,7.842588278915864e-05,2.737204464215369e-05,1,0.97091234,0.0
17517,4.9110755139963176e-05,2.939487420023939e-05,1,0.9707843,0.0
17518,0.0001402757215378,0.0001002310293914,1,0.9705892,0.0
17519,7.379448528994098e-05,7.340032992990238e-05,1,0.97041965,0.0
17520,4.448769127233633e-05,1.6852829612986043e-05,1,0.9703603,0.0
17521,8.271180462184534e-05,2.170587738681068e-05,1,0.9702967,0.0
17522,2.0372107852009296e-05,7.455586757091272e-06,1,0.97027487,0.0
17523,2.606695747496955e-05,6.409140252412106e-06,1,0.9702707,0.0
17524,2.220162315084421e-05,1.66940906206154e-05,1,0.97026885,0.0
17525,2.6266616432857e-05,1.9401659514401813e-05,1,0.9702756,0.0
17526,4.608153541814456e-05,1.381227240549652e-05,1,0.9703164,0.0
17527,5.764722835547141e-05,1.2565828933438852e-05,1,0.9703511,0.0
17528,3.5253567275080625e-05,1.4132613595653052e-05,1,0.97038347,0.0
17529,2.264085333755204e-05,2.7852336312993463e-05,1,0.97047293,0.0
17530,4.647014046546014e-05,8.818462182593388e-05,1,0.9706118,0.0
17531,6.822841233480918e-05,3.279720298106134e-05,1,0.970743,0.0
17532,4.702108534490134e-05,4.425106065243951e-05,1,0.97088283,0.0
17533,3.962839469329448e-06,1.4376782955858068e-05,1,0.9709597,0.0
17534,5.765073239802384e-05,1.4189446172825403e-05,1,0.971001,0.0
17535,5.3788340116365336e-05,3.776005765147041e-05,0,0.97103715,0.0
17536,1.937921014632151e-05,1.5271448591846314e-05,0,0.9710613,0.0
17537,0.0001009759410083,2.168979560417365e-05,0,0.97112346,0.0
17538,0.0003284515382678,2.072041797762399e-05,0,0.97117,0.0
17539,0.0001013662299792,4.074100979624884e-05,0,0.97122306,0.0
17540,2.3878561536514937e-05,5.344051289241017e-05,0,0.9712387,0.0
17541,5.689091358835538e-05,1.8830909780132443e-05,0,0.9713218,0.0
17542,0.0001026017415563,0.0001045529354326,0,0.971331,0.0
17543,1.6435325703641637e-05,3.436863735619395e-05,0,0.9713497,0.0
17544,0.0001454145032347,1.6204461345589555e-05,0,0.97139376,0.0
17545,0.000526895455819,1.948604491669904e-05,0,0.9713833,0.0
17546,0.0008090276915212,5.970836448563403e-05,0,0.9713565,0.0
17547,0.0010020712290282,0.0002180258749774,0,0.97107124,0.0
17548,0.0002523318564799,0.0005143649026946,0,0.970431,0.0
17549,0.0002760104448737,0.000220085801684,0,0.9699193,0.0
17550,0.0016698478273759,0.0002710239519335,0,0.96929127,0.0
17551,0.0032422390437974,0.0006122282671577,0,0.9678206,0.0
17552,0.0021575226825516,0.0003745609384588,0,0.9662723,0.0
17553,0.0014950701132648,0.0009006570788479,0,0.9655794,0.0
17554,0.0019976719976301,0.0016127798914881,0,0.96486616,0.0
17555,0.0018513915937423,0.0014304510495347,0,0.96454906,0.0
17556,0.0015832851290338,0.0013829654032335,0,0.96058375,0.0
17557,0.0022388990975797,0.0011373936359326,0,0.9493069,0.0
17558,0.0024673938834911,0.0013797350907752,0,0.93456304,0.0
17559,0.0038725824148132,0.0027217272180642,0,0.91452795,0.0
17560,0.0049100897905158,0.0034979938522514,0,0.8905289,0.0
17561,0.0040002033801222,0.0037686724956658,0,0.8503146,0.0
17562,0.0048727421289657,0.0037899829158338,0,0.7547279,0.0
17563,0.0047439199837166,0.0028731628837491,0,0.632509,0.0
17564,0.0031069246622092,0.0018595429976155,0,0.46913233,0.0
17565,0.0034220384214972,0.0014463636678683,0,0.29260555,0.0
17566,0.0042770622542985,0.0034626282089386,0,0.11596255,0.0
17567,0.0064463040604615,0.0060345499143189,0,0.0,0.0
17568,0.0044965428532078,0.0058856416078185,0,0.0,0.0
17569,0.0030380192387075,0.0034505092125176,0,0.0,0.0
17570,0.0018362958762268,0.0013784058241514,0,0.0,0.0
17571,0.0013140145800269,0.001450801056558,0,0.0,0.0
17572,0.0010513847678326,0.001641332609957,0,0.0,0.0
17573,0.0007446716119535,0.0010380261771731,0,0.0,0.0
17574,0.0010224415545281,0.0007355635339057,0,0.0,0.0
17575,0.0020886606573757,0.0008591496055618,0,0.0,0.0
17576,0.0018647892884603,0.0011506813545578,0,0.0,0.0
17577,0.0021881992880714,0.0009861397538662,0,0.0,0.0
17578,0.0041281065154965,0.0005043830621866,0,0.0,0.0
17579,0.001964485815066,0.0002285983230297,0,0.0,0.0
17580,0.0011332715934441,8.033533436293104e-05,0,0.0,0.0
17581,0.0017924585056113,0.0002711158883633,0,0.0,0.0
17582,0.0011108958066881,0.0008138912566115,0,0.0,0.0
17583,0.0010369875694446,0.0007625787725247,0,0.21621154,0.0
17584,0.0030438608483914,0.0003847446324446,0,0.36554053,0.0
17585,0.0019122852169546,0.0007283197271541,0,0.46346325,0.0
17586,0.0019918847826518,0.0011415418068485,0,0.44382787,0.0
17587,0.0013353639357217,0.0019185510455716,0,0.32793388,0.0
17588,0.001563313422183,0.0027652731503147,0,0.12680998,0.0
17589,0.0036815618206702,0.0032656044304093,0,0.0,0.0
17590,0.0051130488041569,0.0039643261482012,0,0.0,0.0
17591,0.0061951295474828,0.0041512203021136,0,0.0,0.0
17592,0.0053024776876139,0.002575095123899,0,0.0,0.0
17593,0.0026887963244034,0.002048735000499,0,0.0,0.0
17594,0.0010804235071052,0.0016661207400793,0,0.0,0.0
17595,0.0014395289391825,0.001149223444042,0,0.0,0.0
17596,0.0025668625918202,0.0006647174517533,0,0.0,0.0
17597,0.0055190463811491,0.000310881965967,0,0.0,0.0
17598,0.0063988883565631,0.000119997828521,0,0.0,0.0
17599,0.0046282851889886,0.0006967661949729,0,0.0,0.0
17600,0.00305786185906,0.0020676703906033,0,0.0,0.0
17601,0.0060851411174367,0.0029926457073102,0,0.0,0.0
17602,0.0081992260698514,0.002989424170891,0,0.0,0.0
17603,0.0074254665329189,0.0040035643658282,0,0.0,0.0
17604,0.0059836678558357,0.0051208452617929,0,0.0,0.0
17605,0.0043478123917413,0.0036859598185496,0,0.0,0.0
17606,0.0031912212836622,0.001369237338185,0,0.0,0.0
17607,0.0017456719410272,0.0004044819943928,0,0.0,0.0
17608,0.0013340618052116,0.0005753025633263,0,0.0,0.0
17609,0.001810430160623,0.0005219212386938,0,0.0,0.0
17610,0.0019108821745093,0.0002382001538468,0,0.0,0.0
17611,0.0020873089242003,0.0008812093228576,0,0.0,0.0
17612,0.0011171259990702,0.0010958063838886,0,0.0,0.0
17613,0.0009398767850837,0.0011944357483686,0,0.0,0.0
17614,0.0015674649460902,0.0011484276209043,0,0.0,0.0
17615,0.0025869160399141,0.0016574046460048,0,0.0,0.0
17616,0.0029379674506574,0.0022572639372295,0,0.0,0.0
17617,0.0042236772289175,0.0028812457562082,0,0.0,0.0
17618,0.0061695766937587,0.0020727861674747,0,0.0,0.0
17619,0.0074461422561445,0.0016952248250929,0,0.0,0.0
17620,0.0067748788301019,0.0003803688869668,0,0.0,0.0
17621,0.0029840151474254,9.327260010341811e-05,0,0.0,0.0
17622,0.0027219696796678,8.721820246210163e-05,0,0.0,0.0
17623,0.0026352140937108,8.316142437325884e-05,0,0.0,0.0
17624,0.0029863093821228,8.146149603383671e-05,0,0.0,0.0
17625,0.0009958045193374,8.217257366803926e-05,0,0.0,0.0
17626,0.0003858650874124,8.515254294903081e-05,0,0.0,0.0
17627,0.0003546271206668,9.010445497840883e-05,0,0.0,0.0
17628,0.0014928043290288,9.666338767516128e-05,0,0.0,0.0
17629,0.0013007518632436,0.0001044745363752,0,0.0,0.0
17630,0.00082784622454,0.0001132347218273,0,0.0,0.0
17631,0.0004695587374345,0.0001227052519175,0,0.0,0.0
17632,0.000380740876404,0.0001327044445859,0,0.0,0.0
17633,2.5213078629791382e-05,0.00014309722831,0,0.0,0.0
17634,0.0002440358485132,0.0001537839777878,0,0.0,0.0
17635,0.0003100648529854,0.0001646933625325,0,0.0,0.0
17636,0.0014154485088386,0.0001757679223114,0,0.0,0.0
17637,0.0035072801432134,0.0002340569936658,0,0.0,0.0
17638,0.0009809029756031,0.0005614691551615,0,0.0,0.0
17639,0.0004117052617439,0.00098970295828,0,0.0,0.0
17640,0.0003792058666889,0.0014115814033108,0,0.0,0.0
17641,8.246994059045822e-05,0.001727663663798,0,0.0,0.0
17642,1.4774272184596154e-05,0.0019120804064876,0,0.0,0.0
17643,2.5861104448197523e-05,0.0019643715054282,0,0.0,0.0
17644,3.585259159072777e-05,0.001884964725904,0,0.0,0.0
17645,4.564313077527467e-05,0.0016753604829253,0,0.0,0.0
17646,5.522247375065622e-05,0.0013399306367623,0,0.0,0.0
17647,6.458661417431768e-05,0.0009221105198045,0,0.0,0.0
17648,7.375165351113523e-05,0.0011710808109235,0,0.0,0.0
17649,8.270731274046274e-05,0.0028363427429699,0,0.0,0.0
17650,9.145116976210196e-05,0.0007603023514633,0,0.0,0.0
17651,9.998863958650796e-05,0.0009522465001643,0,0.0,0.0
17652,0.0001083200321765,0.0029582136299971,0,0.0,0.0
17653,0.0001164429008508,0.0009383281526476,0,0.0,0.0
17654,0.0001243642827307,0.0001223245018654,0,0.0,0.0
17655,0.000132076186809,0.0001289569884292,0,0.0,0.0
17656,0.0001395778246036,0.0001218881570597,0,0.0,0.0
17657,0.0001468748589171,0.000149721747179,0,0.0,0.0
17658,0.0001539684926783,0.0003025345434605,0,0.0,0.0
17659,0.0001608582750908,0.000771248734861,0,0.0,0.0
17660,0.0001675402573922,0.0013341270522587,0,0.0,0.0
17661,0.0001740186126322,0.0010934962475939,0,0.0,0.0
17662,0.0001802941905883,0.0003316716918893,0,0.0,0.0
17663,0.0001863630024276,0.0005311000109446,0,0.0,0.0
17664,0.0001922295309456,0.0001171061451093,0,0.0,0.0
17665,0.0001978942022596,0.0004891502314919,0,0.0,0.0
17666,0.00020335377434,0.0013770316428455,0,0.0,0.0
17667,0.0002086136795105,0.0006377658032827,0,0.0,0.0
17668,0.0002136756742925,0.0001325961995312,0,0.0,0.0
17669,0.0002185273696625,0.0002948506097802,0,0.0,0.0
17670,0.0002231849449445,0.0001393051809595,0,0.0,0.0
17671,0.0002276387935555,0.0001739938692343,0,0.0,0.0
17672,0.0002318983525961,0.0003502712654135,0,0.0,0.0
17673,0.0002359603101541,0.0009418090264436,0,0.0,0.0
17674,0.0002398164469631,0.0016231401916275,0,0.0,0.0
17675,0.0002434765195525,0.0018387810502313,0,0.0,0.0
17676,0.0002469467208048,0.0015433908684996,0,0.0,0.0
17677,0.0002502197900254,0.0008513758578317,0,0.0,0.0
17678,0.0002532965542712,0.0002698913083093,0,0.0,0.0
17679,0.0002561742408158,7.902346923945475e-06,0,0.0,0.0
17680,0.00025886788619,0.000129842038525,0,0.0,0.0
17681,0.0002613672623089,9.729631139061524e-05,0,0.0,0.0
17682,0.0002636692560075,7.9440341068454e-06,0,0.0,0.0
17683,0.000265790211225,6.474277886894317e-05,0,0.0,0.0
17684,0.0002677218788957,7.553230510299903e-05,0,0.0,0.0
17685,0.0002694625284156,5.681266906401568e-05,0,0.0,0.0
17686,0.0002710183826545,4.2267068752310594e-05,0,0.0,0.0
17687,0.0002723915644584,4.070847837398496e-05,0,0.0,0.0
17688,0.0002735810368323,4.352609398707602e-05,0,0.0,0.0
17689,0.0002745932069088,4.776427685541682e-05,0,0.0,0.0
17690,0.0002754211300105,5.30936568511016e-05,0,0.0,0.0
17691,0.0002760757842881,5.903560533421877e-05,0,0.0,0.0
17692,0.0002765542771413,6.526352580591578e-05,0,0.0,0.0
17693,0.0002768611265124,7.1561135255964e-05,0,0.0,0.0
17694,0.0002769989425855,7.779176301869013e-05,0,0.0,0.0
17695,0.0002769654248004,8.386925519315851e-05,0,0.0,0.0
17696,0.0002767656024077,8.972195210055634e-05,0,0.0,0.0
17697,0.000276412303943,9.532199367565602e-05,0,0.0,0.0
17698,0.0002758939554964,0.0001006266381988,0,0.0,0.0
17699,0.000275217775288,0.0001056261328736,0,0.0,0.0
17700,0.0002743987984584,0.0001103003646441,0,0.0,0.0
17701,0.0002734276100891,0.0001146476725006,0,0.0,0.0
17702,0.0002723115794555,0.0001186525063617,0,0.0,0.0
17703,0.0002710559236591,0.0001223160902714,0,0.0,0.0
17704,0.0002696728449439,0.0001256356816236,0,0.0,0.0
17705,0.0002681631456048,0.0001286131499703,0,0.0,0.0
17706,0.0002665246616221,0.000131247731836,0,0.0,0.0
17707,0.0002647712861516,0.0001335429293141,0,0.0,0.0
17708,0.0002629136496494,0.0001354963062038,0,0.0,0.0
17709,0.0002609515049374,0.0001371208676352,0,0.0,0.0
17710,0.0002589032650129,0.0001384236444109,0,0.0,0.0
17711,0.0002567628152172,0.0001394078502309,0,0.0,0.0
17712,0.0002545516442886,0.0001400822726554,0,0.0,0.0
17713,0.0002522779422249,0.0001404635083016,0,0.0,0.0
17714,0.0002499509169168,0.0001405607935245,0,0.0,0.0
17715,0.0002475839235019,0.0001403797717915,0,0.0,0.0
17716,0.0002451915882965,0.0001399532852357,0,0.0,0.0
17717,0.0002427844603283,0.0001392873276735,0,0.0,0.0
17718,0.0002403814492187,0.0001384161750378,0,0.0,0.0
17719,0.0002379994865203,0.0001373633513143,0,0.0,0.0
17720,0.0002356539311928,0.0001361485108833,0,0.0,0.0
17721,0.0002333662496965,0.0001348204612234,0,0.0,0.0
17722,0.0002311566630443,0.0001404849739364,0,0.0,0.0
17723,0.0002290491846048,0.0001695207961041,0,0.0,0.0
17724,0.0002270618851637,0.0002299326134821,0,0.0,0.0
17725,0.0002252199989742,0.0003735983736807,0,0.0,0.0
17726,0.0002235553836906,0.0004558624599031,0,0.0,0.0
17727,0.0002220901090995,0.0003955888453813,0,0.0,0.0
17728,0.0002208511041274,0.0002440445555794,0,0.0,0.0
17729,0.0002198691309255,0.0002791184370571,0,0.0,0.0
17730,0.0002191704262604,0.0004052197603674,0,0.0,0.0
17731,0.0002187840478146,0.0005262102582387,0,0.0,0.0
17732,0.0002187395288372,0.0006377292159901,0,0.0,0.0
17733,0.0002190600894568,0.0007370431870197,0,0.0,0.0
17734,0.0002197761195931,0.0008257454619136,0,0.0,0.0
17735,0.0002209103742345,0.0009075409828702,0,0.0,0.0
17736,0.0002224243827745,0.001251275348596,0,0.0,0.0
17737,0.0003444261310691,0.0026722308894833,0,0.0,0.0
17738,0.0014824791466748,0.002738762157976,0,0.0,0.0
17739,0.0030021225383823,0.0027260189606093,0,0.0,0.0
17740,0.0035998011179113,0.0024842566556774,0,0.0,0.0
17741,0.0024133101901565,0.0013886714106537,0,0.0,0.0
17742,0.0043739665615061,0.0004669757228373,0,0.0,0.0
17743,0.0045957109529715,0.0018628823940473,0,0.0,0.0
17744,0.0035461836014588,0.0018279653813825,0,0.0,0.0
17745,0.0005933422822526,0.0015055134075607,0,0.0,0.0
17746,0.0007876336080779,0.0020370631480821,0,0.0,0.0
17747,0.0011216766394288,0.0006951584404205,0,0.0,0.0
17748,0.0014487862723272,0.001670492869265,0,0.0,0.0
17749,0.0020204532729089,0.0019350209571052,0,0.0,0.0
17750,0.0032599156041525,0.0023678282893769,0,0.0,0.0
17751,0.0036436727491661,0.0029815178825062,0,0.0,0.0
17752,0.0042292671408519,0.0032983138294648,0,0.0,0.0
17753,0.0041714023147976,0.0041114326976145,0,0.0,0.0
17754,0.0037626722162083,0.0045962415938226,0,0.0,0.0
17755,0.0031382431814751,0.0046563546500996,0,0.0,0.0
17756,0.0046766697188771,0.0021635471469659,0,0.0,0.0
17757,0.0077422937473052,0.0017682319208241,0,0.0,0.0
17758,0.0081068503985137,0.0029533283027509,0,0.0,0.0
17759,0.0057000422360912,0.002857395207052,0,0.0,0.0
17760,0.0053678492524373,0.0032290757408669,0,0.0,0.0
17761,0.0046380902540982,0.0034653264637425,0,0.0,0.0
17762,0.003674497325445,0.0023374575864132,0,0.0,0.0
17763,0.0027299768510055,0.0010601263703651,0,0.0,0.0
17764,0.0012666341461992,0.0021975459401642,0,0.0,0.0
17765,0.0002283829152724,0.0029046908079281,0,0.0,0.0
17766,0.0019848295769134,0.002517971039746,0,0.0,0.0
17767,0.0040722983323214,0.0018441230999199,0,0.15563576,0.0
17768,0.0057092957928222,0.0013882692170674,0,0.3193122,0.0
17769,0.0034776199937446,0.0005900456877858,0,0.47538617,0.0
17770,0.0022675021439376,0.0001413288752671,0,0.5679811,0.0
17771,0.0017285874162831,0.0005977050019236,0,0.60451955,0.0
17772,0.0015252274190452,0.0009363495066437,0,0.5192026,0.0
17773,0.0015890167268421,0.0010859589155829,0,0.39464423,0.0
17774,0.0012151561998988,0.0007846523248789,0,0.26643586,0.0
17775,0.0023643651543605,0.000592117730639,0,0.1481973,0.0
17776,0.0023726209987578,0.0003746473248948,0,0.0,0.0
17777,0.0025436650864209,1.364831032460798e-05,0,0.0,0.0
17778,0.0041387735112127,0.0002714746820414,0,0.0,0.0
17779,0.0036821018123645,0.0001019314620179,0,0.0,0.0
17780,0.0018677381346816,0.000335996240328,0,0.0,0.0
17781,0.0014447033091372,0.0004290053354034,0,0.0,0.0
17782,0.0026671618033478,0.0004772074859651,0,0.0,0.0
17783,0.0034580340236078,0.0007437032236609,0,0.0,0.0
17784,0.0031176635626412,0.0012284818513899,0,0.0,0.0
17785,0.0022702226754491,0.0018325848141243,0,0.0,0.0
17786,0.0023295110305768,0.0025720017224056,0,0.0,0.0
17787,0.0046168786758645,0.0035780014033596,0,0.0,0.0
17788,0.0053736624975353,0.0046010471118815,0,0.0,0.0
17789,0.005094509086048,0.0055529051956424,0,0.0,0.0
17790,0.0053942983274892,0.0056280448217785,0,0.0,0.0
17791,0.0061757851462582,0.0051699288978461,0,0.0,0.0
17792,0.0053833535829184,0.0040916394540136,0,0.0,0.0
17793,0.0037303467559919,0.0028012123692931,0,0.0,0.0
17794,0.0031699186107476,0.0035514218851242,0,0.0,0.0
17795,0.0018928815916359,0.0034229221720606,0,0.0,0.0
17796,0.0023815268032991,0.0025220180434525,0,0.0,0.0
17797,0.0028337103103079,0.0023075320439986,0,0.0,0.0
17798,0.0026543696405155,0.0018382889058945,0,0.0,0.0
17799,0.0024972713991669,0.0019145609006033,0,0.0,0.0
17800,0.0023091904242618,0.0020184100764019,0,0.0,0.0
17801,0.0016489396683257,0.0017090931286654,0,0.0,0.0
17802,0.0015994287614663,0.001439261896162,0,0.0,0.0
17803,0.0022181700397177,0.0002889764994533,0,0.0,0.0
17804,0.0032574788132947,0.0002786141087229,0,0.0,0.0
17805,0.0025142896392828,0.0010371102779465,0,0.0,0.0
17806,0.00333384681364,0.000374590779983,0,0.0,0.0
17807,0.0028604349932217,0.0004181476403309,0,0.0,0.0
17808,0.0029860691657426,0.0008983410022636,0,0.0,0.0
17809,0.002315372050604,0.0010400477152251,0,0.0,0.0
17810,0.000745568960538,0.0008914997396684,0,0.0,0.0
17811,0.0001486196163137,0.0003291810693239,0,0.0,0.0
17812,0.0011651042179756,0.0001833543714245,0,0.0,0.0
17813,0.0012843415956391,0.0007804365131157,0,0.0,0.0
17814,8.810220409171093e-05,0.000591171722331,0,0.0,0.0
17815,0.0015930929075941,0.0003732099592538,0,0.0,0.0
17816,0.0021483433479166,0.0006702971302772,0,0.0,0.0
17817,0.0011787852008168,0.0006371254256044,0,0.0,0.0
17818,0.0008257490246436,0.000299911109225,0,0.0,0.0
17819,0.0002092552259038,8.192491079587513e-05,0,0.0,0.0
17820,3.930463571186424e-05,5.061163578149454e-05,0,0.0,0.0
17821,0.0002334402129817,0.0001063797979017,0,0.0,0.0
17822,0.0002792288201466,0.0003223031350209,0,0.0,0.0
17823,0.0002914101693393,0.0001118438822618,0,0.0,0.0
17824,4.6656105744939926e-05,0.0002646260378328,0,0.0,0.0
17825,0.0001458621399247,0.0003515378345363,0,0.0,0.0
17826,0.0009879728162227,0.0001765806568657,0,0.0,0.0
17827,0.003318956353908,0.00035501794196,0,0.0,0.0
17828,0.0043286571795456,0.0002813555534671,0,0.0,0.0
17829,0.0029303967356014,0.0001964355428467,0,0.0,0.0
17830,0.0033683554209905,0.0004322047027112,0,0.0,0.0
17831,0.0038748350634407,0.0002980161838932,0,0.0,0.0
17832,0.0030807902697587,0.0001298213689425,0,0.0,0.0
17833,0.0029708995157991,0.0002226033431756,0,0.0,0.0
17834,0.0017799675048701,0.0001903818553327,0,0.108966656,0.0
17835,0.0011355713925521,0.0002610275414736,0,0.14013629,0.0
17836,0.0011045392209331,0.0001122026392079,0,0.17289105,0.0
17837,0.0004313546456721,0.0002550612632894,0,0.20122498,0.0
17838,9.103223473994144e-05,0.0002780791180408,0,0.21606964,0.0
17839,0.0002517259076052,9.850943381252388e-05,0,0.2338633,0.0
17840,0.0001946342573325,0.0001531824942937,0,0.2401614,0.0
17841,0.0003575360013712,0.000205033337758,0,0.24184074,0.0
17842,0.0002839155141879,0.0001076555588186,0,0.2451921,0.0
17843,5.632802583335587e-05,7.024075267627319e-05,0,0.2446582,0.0
17844,9.47145486321107e-06,3.956043797971461e-05,0,0.24368072,0.0
17845,4.612366286186222e-05,1.1441735513463783e-05,0,0.24357973,0.0
17846,0.0001053782544732,8.22790512069781e-05,0,0.238853,0.0
17847,6.937828666291587e-05,6.594180305483218e-05,0,0.23061149,0.0
17848,8.974608169059319e-05,3.7880342331950144e-05,0,0.21537313,0.0
17849,0.0003111533616277,4.720894328809614e-05,0,0.19028908,0.0
17850,0.0002452879166048,0.0001070711027787,0,0.15749297,0.0
17851,9.165602406291836e-05,4.648422036262576e-05,0,0.1256841,0.0
17852,0.0002607553000487,3.2847228239466856e-05,0,0.0,0.0
17853,0.0006440261588804,0.0001579083274374,0,0.0,0.0
17854,0.002210117130139,0.0001260917627401,0,0.0,0.0
17855,0.0038965738255318,0.000291741265815,0,0.0,0.0
17856,0.0055660368081407,0.0004173273360851,0,0.0,0.0
17857,0.0064995150959696,8.918925029030796e-05,0,0.0,0.0
17858,0.0064192611766907,8.160627726546909e-05,0,0.0,0.0
17859,0.0040790869404531,0.000308307084381,0,0.0,0.0
17860,0.0018479199808264,0.0006309004656412,0,0.0,0.0
17861,0.0016482504641095,0.0005644592645783,0,0.0,0.0
17862,0.0019201712404102,0.0003310941736173,0,0.0,0.0
17863,0.0015507672164377,0.000248177942583,0,0.0,0.0
17864,0.0031696673191127,0.0003624883814543,0,0.0,0.0
17865,0.003257867308804,0.000319720913567,0,0.0,0.0
17866,0.0022640398604244,0.0005750581933785,0,0.0,0.0
17867,0.004385518373143,0.0006488984334509,0,0.0,0.0
17868,0.0037064870159027,0.0005191088955868,0,0.0,0.0
17869,0.0015661956030846,0.000826583577147,0,0.0,0.0
17870,0.0009636756461546,0.0005583932918329,0,0.0,0.0
17871,0.000535643714254,0.000401591727232,0,0.0,0.0
17872,0.0002612461860099,0.0006720276202625,0,0.0,0.0
17873,0.0010324578148019,0.0006236528656328,0,0.0,0.0
17874,0.0019570790260711,0.0008421005414587,0,0.0,0.0
17875,0.0025096235748977,6.271459010557666e-05,0,0.0,0.0
17876,0.004491278490708,0.0011016482503231,0,0.0,0.0
17877,0.0057886742709059,0.001583072461509,0,0.0,0.0
17878,0.0048358506567729,0.0017441341661107,0,0.0,0.0
17879,0.0031660386412998,0.000950785581646,0,0.0,0.0
17880,0.0020472917208382,0.0007965847173284,0,0.0,0.0
17881,0.0005484339052677,0.0005264502211938,0,0.0,0.0
17882,0.0004940295569652,0.000293693315402,0,0.0,0.0
17883,0.0014441404793209,0.0001477635172808,0,0.0,0.0
17884,0.0028083646115227,0.0004098973621898,0,0.0,0.0
17885,0.0038276491000619,0.0004833784893712,0,0.0,0.0
17886,0.0029699160458627,0.0005684751213792,0,0.0,0.0
17887,0.0015211096068813,0.0004207183937986,0,0.0,0.0
17888,0.0018925139838024,0.0002274761544782,0,0.0,0.0
17889,0.0019140414983941,0.0003409946519062,0,0.0,0.0
17890,0.0012512284734572,0.0003705536835028,0,0.0,0.0
17891,0.0024579542226882,0.0002073577656984,0,0.0,0.0
17892,0.004285917456398,0.0004840786105494,0,0.0,0.0
17893,0.0052693666773038,0.0006369878937498,0,0.0,0.0
17894,0.0051235301826019,0.0002656328807713,0,0.1266908,0.0
17895,0.0040878666676338,0.0004385875853048,0,0.27021104,0.0
17896,0.0028562990647267,0.0006834509767352,0,0.48729512,0.0
17897,0.0026524879401839,0.0003634416064407,0,0.6948023,0.0
17898,0.0021802003312011,0.0006769726157004,0,0.83479226,0.0
17899,0.0020072074776222,0.001174207107236,0,0.91273284,0.0
17900,0.0028978786199522,0.0010864884280096,0,0.9453019,0.0
17901,0.0027705175362475,0.0007127579701323,0,0.95875037,0.0
17902,0.0027511994924869,0.0016530994937077,0,0.96550304,0.0
17903,0.0017113162834477,0.0023832251989845,0,0.96964365,0.0
17904,0.0006013955297302,0.002817318392472,0,0.97233874,0.0
17905,0.001630890376441,0.0016064538420178,0,0.9748075,0.0
17906,0.0040605530693349,0.0009176634898129,0,0.9770742,0.0
17907,0.0045636800144871,0.0010991381663401,0,0.978084,0.0
17908,0.004261330373164,0.001560754979589,0,0.97799456,0.0
17909,0.0028956472554651,0.0009535753010114,0,0.9774658,0.0
17910,0.0021245494886737,0.0010031513911331,0,0.97606945,0.0
17911,0.0019142208192236,0.0013831397089215,0,0.973674,0.0
17912,0.0021251357445854,0.0020215978662288,0,0.9693372,0.0
17913,0.0023213174341455,0.0031162176497767,0,0.9640786,0.0
17914,0.0020234584898881,0.0020800657573946,0,0.9603138,0.0
17915,0.0024985110180265,0.0012741647642569,0,0.95673454,0.0
17916,0.0042437080071057,0.0018883187897792,0,0.9542805,0.0
17917,0.0033698516539943,0.0023561687404623,0,0.9495166,0.0
17918,0.0034734952279611,0.0011660028409276,0,0.9462944,0.0
17919,0.0018663363576176,0.0006350025548215,0,0.94533175,0.0
17920,0.0010960545143175,0.0014968100329126,0,0.9507532,0.0
17921,0.0012722393104352,0.0017767211918529,0,0.9626444,0.0
17922,0.0016114943791143,0.0017265482797917,0,0.9680906,0.0
17923,0.0016398187888924,0.0018286053679799,0,0.9646191,0.0
17924,0.0007267118344908,0.0012299015252611,0,0.9644946,0.0
17925,0.0008144896587127,0.0004657243459234,0,0.9518248,0.0
17926,0.0015185537008459,0.0004705895970405,0,0.91668135,0.0
17927,0.0005129935100648,0.0007122084256607,0,0.90382946,0.0
17928,0.0001177676350903,0.0014784567138887,0,0.88938093,0.0
17929,0.0004020748919148,0.0031284192288046,0,0.9162864,0.0
17930,0.0012585187036993,0.0031626287339979,0,0.9438593,0.0
17931,0.0020738884040886,0.0015501383368014,0,0.9560087,0.0
17932,0.0042979026733972,0.0009024002037895,0,0.94585097,0.0
17933,0.0023811784749321,0.0007153944629935,0,0.91178304,0.0
17934,0.0012972439042951,0.0011736447889233,0,0.710263,0.0
17935,0.0006379574299695,0.0014719136241314,0,0.18925601,0.0
17936,0.0013274164590917,0.0013128598313665,0,0.0,0.0
17937,0.0020819585683923,0.001130278238167,0,0.0,0.0
17938,0.0052622509717115,0.0014983875864117,0,0.0,0.0
17939,0.0036867981513172,0.0018113667274651,0,0.0,0.0
17940,0.0049776397516355,0.0019739269324942,0,0.0,0.0
17941,0.0062343116941574,0.0039595341375724,0,0.0,0.0
17942,0.0073078119471473,0.0061573455837329,0,0.0,0.0
17943,0.0068983949583134,0.0055587227121853,0,0.0,0.0
17944,0.0072874285578186,0.0051696687993971,0,0.0,0.0
17945,0.0058950442275588,0.0048875708089201,0,0.0,0.0
17946,0.0062024527956021,0.005812025100078,0,0.0,0.0
17947,0.0063371070447236,0.0060962333468264,0,0.0,0.0
17948,0.0058881657388274,0.0065369485616206,0,0.0,0.104175255
17949,0.0051714656932592,0.0069568323486733,0,0.0,0.11019897
17950,0.0047084727386455,0.0037716794286967,0,0.0,0.0
17951,0.0041497130728294,0.0030503586370553,0,0.0,0.0
17952,0.0051963915474428,0.0046661904861817,0,0.0,0.0
17953,0.005743643936327,0.0050326471018899,0,0.0,0.0
17954,0.0059901365596655,0.0046498157107805,0,0.0,0.0
17955,0.0070691759929978,0.0049041129986554,0,0.0,0.0
17956,0.0048800240293143,0.0052551881513616,0,0.0,0.0
17957,0.0045995400269953,0.0055515220486962,0,0.0,0.0
17958,0.003690916899714,0.0043149336791355,0,0.0,0.0
17959,0.0022874212296881,0.003605530938293,0,0.0,0.0
17960,0.0021324049413705,0.0033654773869765,0,0.0,0.0
17961,0.0036554871172212,0.0035676664156021,0,0.0,0.0
17962,0.005806145042595,0.0054852076124367,0,0.0,0.0
17963,0.0080006828274601,0.0068358012750098,0,0.0,0.0
17964,0.008411511024991,0.0081033782051814,0,0.0,0.0
17965,0.007823679650379,0.0089167198883431,0,0.0,0.0
17966,0.0083238742543945,0.0065944350100435,0,0.0,0.0
17967,0.0069101958239452,0.0055678033029974,0,0.0,0.0
17968,0.003542933050909,0.0042479231933375,0,0.0,0.0
17969,0.0022179087974975,0.0038738969837474,0,0.0,0.0
17970,0.0024292987242396,0.0025118316618509,0,0.0,0.0
17971,0.0020675191371934,0.0007408368616595,0,0.0,0.0
17972,0.0030353057449204,0.0001970726696419,0,0.0,0.0
17973,0.0019227164794914,0.0010569634296381,0,0.0,0.0
